0 10921905.1874036 100000
35131.5367346939 10921905.1874036 100000
72781.5685714286 10921905.1874036 100000
113131.387959184 10921905.1874036 100000
156372.086938775 85999.5392176467 100000
202714.356734694 85999.5392176467 100000
252383.587959184 1129.85526138648 100000
305610.071020408 1129.85526138648 100000
362653.495102041 224.317077167092 100000
423783.348979592 224.317077167092 100000
489303.42 76.1470750612245 100000
559517.495510204 76.1470750612245 100000
634763.661428571 33.0699373941327 100000
715409.40244898 33.0699373941327 100000
801832.002857143 17.9555063010204 100000
894452.845102041 17.9555063010204 100000
993717.810612245 11.7461276364796 100000
1100097.27979592 11.7461276364796 100000
1214105.73122449 8.85072594132653 100000
1336287.0422449 8.85072594132653 100000
1467229.18836735 7.22118652168367 100000
1607559.34346939 7.22118652168367 100000
1757953.67938776 6.17147670153061 100000
1919127.56632653 6.17147670153061 100000
2091860.07183673 5.47003008418367 100000
2276974.36163265 5.47003008418367 100000
2475362.19857143 4.9983736875 100000
2687979.04285714 4.9983736875 100000
2915834.25244898 4.69390241071429 100000
3160030.28142857 4.69390241071429 100000
3421733.28122449 4.50174874744898 100000
3702197.59959184 4.50174874744898 100000
4002775.58020408 4.374639875 100000
4324902.86326531 4.374639875 100000
4670127.78428571 4.31083024107143 100000
5040101.5744898 4.31083024107143 100000
5436607.75959184 4.33055191964286 100000
5861537.66081633 4.33055191964286 100000
6316939.39285714 4.43421322704082 100000
6804988.46510204 4.43421322704082 100000
7328031.87979592 4.60664521173469 100000
7888578.33244898 4.60664521173469 100000
8489317.81102041 4.83194395280612 100000
9133126.49571428 4.83194395280612 100000
9823096.1577551 5.08347701785714 100000
10562539.0591837 5.08347701785714 100000
11354997.752449 5.3336932627551 100000
12204274.4791837 5.3336932627551 100000
13114440.9697959 5.58160252040816 100000
14089872.7420408 5.58160252040816 100000
15135234.4016327 5.84277185076531 100000
16255553.1391837 5.84277185076531 100000
17456199.1310204 6.16635233163265 100000
18742924.737551 6.16635233163265 100000
20121913.5012245 6.87550591964286 100000
21599770.3469388 6.87550591964286 100000
23183595.0789796 6.87550591964286 100000
24880972.5814286 6.87550591964286 100000
0 325.514421424532 10000
31940.737244898 325.514421424532 10000
66223.0684693878 325.514421424532 10000
103017.053571429 325.514421424532 10000
142510.194489796 673.369680685374 10000
184889.993163265 673.369680685374 10000
230374.475102041 291.697220372874 10000
279194.747346939 291.697220372874 10000
331590.637959184 76.9710538771259 10000
387823.77755102 76.9710538771259 10000
448173.23877551 32.6689878709609 10000
512948.617857143 32.6689878709609 10000
582468.232040816 20.0750258903061 10000
657076.561632653 20.0750258903061 10000
737152.971020408 13.7519318029337 10000
823094.266632653 13.7519318029337 10000
915332.138979592 10.0921374198554 10000
1014328.80214286 10.0921374198554 10000
1120576.99377551 8.04796657376701 10000
1234604.33561224 8.04796657376701 10000
1356986.415 6.81049919982993 10000
1488333.70336735 6.81049919982993 10000
1629304.6377551 5.93088436330782 10000
1780601.26030612 5.93088436330782 10000
1942977.93928571 5.29980043962585 10000
2117254.45061224 5.29980043962585 10000
2304294.17530612 4.89516326147959 10000
2505034.62306122 4.89516326147959 10000
2720483.07173469 4.64555130548469 10000
2951712.20683673 4.64555130548469 10000
3199881.92408163 4.47898890008503 10000
3466226.24785714 4.47898890008503 10000
3752088.21530612 4.3633627045068 10000
4058884.9922449 4.3633627045068 10000
4388155.83877551 4.29080563159014 10000
4741553.38826531 4.29080563159014 10000
5120834.92632653 4.25349601615646 10000
5527897.27489796 4.25349601615646 10000
5964781.1527551 4.25779293558673 10000
6433671.1755102 4.25779293558673 10000
6936908.93714286 4.33615493771258 10000
7477006.09153061 4.33615493771258 10000
8056674.87602041 4.51668914455782 10000
8678801.94836735 4.51668914455782 10000
9346500.71285714 4.79693368473639 10000
10063115.6808163 4.79693368473639 10000
10832222.4706122 5.15717541836735 10000
11657671.4127551 5.15717541836735 10000
12543591.9104082 5.57197803592687 10000
13494405.5209184 5.57197803592687 10000
14514869.5609184 6.00056168261054 10000
15610085.8273469 6.00056168261054 10000
16785535.4815306 6.41948861607143 10000
18047087.7702041 6.41948861607143 10000
19401056.7121429 6.88406464073129 10000
20854209.8191837 6.88406464073129 10000
22413811.7013265 6.88406464073129 10000
24087658.9508163 6.88406464073129 10000
0 11663190.0330079 110000
35642.9996938776 11663190.0330079 110000
73821.5684693878 11663190.0330079 110000
114725.748979592 11663190.0330079 110000
158540.582755102 3611496.4057219 110000
205481.118061224 3611496.4057219 110000
255767.404285714 7903.91486666837 110000
309634.494183674 7903.91486666837 110000
367342.446122449 294.168262535077 110000
429161.320714286 294.168262535077 110000
495386.184183674 62.0490929285714 110000
566332.107244898 62.0490929285714 110000
642334.165102041 30.5735910854592 110000
723752.438571429 30.5735910854592 110000
810972.014081633 18.2005328335459 110000
904407.984795918 18.2005328335459 110000
1004505.45061225 11.9232802206633 110000
1111734.51704082 11.9232802206633 110000
1226600.29744898 8.87282474489796 110000
1349657.91642857 8.87282474489796 110000
1481487.50418367 7.21163940943878 110000
1622704.19877551 7.21163940943878 110000
1773993.15397959 6.14208685969388 110000
1936059.52806122 6.14208685969388 110000
2109673.49387755 5.4254260127551 110000
2295665.2377551 5.4254260127551 110000
2494909.95612245 4.97934672831633 110000
2708352.86112245 4.97934672831633 110000
2937009.18061224 4.71767341517857 110000
3181959.15704082 4.71767341517857 110000
3444363.05081633 4.56247191517857 110000
3725471.14255102 4.56247191517857 110000
4026613.73081633 4.46208480102041 110000
4349216.1355102 4.46208480102041 110000
4694808.70010204 4.39400702168367 110000
5065031.7927551 4.39400702168367 110000
5461640.80744898 4.37024127104592 110000
5886511.16510204 4.37024127104592 110000
6341658.31806123 4.41341762818878 110000
6829247.75234694 4.41341762818878 110000
7351579.98428572 4.52184821428571 110000
7911140.57173469 4.52184821428571 110000
8510580.10959184 4.67603907079082 110000
9152739.23540816 4.67603907079082 110000
9840658.63163265 4.86508149936224 110000
10577609.0323469 4.86508149936224 110000
11367076.219898 5.0685334119898 110000
12212806.035 5.0685334119898 110000
13118804.3767347 5.24140554464286 110000
14089372.2104082 5.24140554464286 110000
15129110.5686735 5.36369340752551 110000
16242945.5571429 5.36369340752551 110000
17436158.3611225 5.48453302869898 110000
18714410.2512245 5.48453302869898 110000
20083752.5856122 5.87955918813775 110000
21550686.8234694 5.87955918813775 110000
23122164.525 5.87955918813775 110000
24805632.3615306 5.87955918813775 110000
0 14950546.7745009 120000
35713.06 14950546.7745009 120000
73977.0528571429 14950546.7745009 120000
114981.676122449 14950546.7745009 120000
158916.627346939 6649128.83628878 120000
205996.564285714 6649128.83628878 120000
256441.136734694 10903.6346455765 120000
310494.954693878 10903.6346455765 120000
368417.604285714 503.524557758078 120000
430488.639795918 503.524557758078 120000
496992.60755102 100.967083135204 120000
568253.990204082 100.967083135204 120000
644617.238571428 35.2279272334184 120000
726441.779591837 35.2279272334184 120000
814116.99244898 17.7800477746599 120000
908067.200612245 17.7800477746599 120000
1008741.6877551 11.8207054494048 120000
1116609.70571429 11.8207054494048 120000
1232200.41081633 9.1009896122449 120000
1356057.9355102 9.1009896122449 120000
1488776.33265306 7.4423216505102 120000
1630984.59938776 7.4423216505102 120000
1783371.63734694 6.27587931335034 120000
1946656.30040816 6.27587931335034 120000
2121622.33897959 5.48473444472789 120000
2309108.41591837 5.48473444472789 120000
2510003.1144898 4.9845111547619 120000
2725269.89857143 4.9845111547619 120000
2955932.13653061 4.66143251318027 120000
3203098.06142857 4.66143251318027 120000
3467945.79489796 4.44995718409864 120000
3751738.32326531 4.44995718409864 120000
4055833.48163265 4.33722026232993 120000
4381683.95387755 4.33722026232993 120000
4730842.26469388 4.32203613818027 120000
5104975.75571429 4.32203613818027 120000
5505876.56959184 4.39590794217687 120000
5935456.65795918 4.39590794217687 120000
6395762.75755102 4.54274674277211 120000
6889001.35040816 4.54274674277211 120000
7417518.69571429 4.73459711139456 120000
7983850.75020408 4.73459711139456 120000
8590693.21591837 4.9395307869898 120000
9240946.46857143 4.9395307869898 120000
9937715.55755102 5.14795889115646 120000
10684330.1740816 5.14795889115646 120000
11484349.6432653 5.36174303911565 120000
12341602.8604082 5.36174303911565 120000
13260183.2989796 5.55143019005102 120000
14244468.9787755 5.55143019005102 120000
15299172.3863265 5.67102076785714 120000
16429320.5067347 5.67102076785714 120000
17640314.7281633 5.72979164838435 120000
18937940.8259184 5.72979164838435 120000
20328393.9226531 5.77568722363946 120000
21818308.4406122 5.77568722363946 120000
23414813.0140816 5.77568722363946 120000
25125520.5053061 5.77568722363946 120000
0 10965539.4997572 130000
36124.4770408163 10965539.4997572 130000
74819.4958163265 10965539.4997572 130000
116272.650102041 10965539.4997572 130000
160676.60377551 85720.3535439283 130000
208244.301122449 85720.3535439283 130000
259203.896734694 2555.28417099532 130000
313793.685408163 2555.28417099532 130000
372272.242346939 277.961087804209 130000
434918.423163265 277.961087804209 130000
502026.29377551 79.1922264468537 130000
573915.270612245 79.1922264468537 130000
650925.050510204 35.2714429351616 130000
733425.750918367 35.2714429351616 130000
821797.629489796 19.2567017476616 130000
916471.644897959 19.2567017476616 130000
1017888.89602041 12.4671379759779 130000
1126531.04255102 12.4671379759779 130000
1242910.16479592 9.12472601913265 130000
1367583.97397959 9.12472601913265 130000
1501140.60193878 7.38038910012755 130000
1644213.81142857 7.38038910012755 130000
1797477.92602041 6.35415819621599 130000
1961663.04040816 6.35415819621599 130000
2137544.88020408 5.62204602423469 130000
2325954.94214286 5.62204602423469 130000
2527790.63428571 5.08097107206633 130000
2744010.20591837 5.08097107206633 130000
2975627.67744898 4.70795943983843 130000
3223753.40122449 4.70795943983843 130000
3489548.43061224 4.4669605894983 130000
3774285.36122449 4.4669605894983 130000
4079312.84020408 4.32565262053571 130000
4406065.70642857 4.32565262053571 130000
4756100.48122449 4.26442057568027 130000
5131070.01785714 4.26442057568027 130000
5532758.9922449 4.28866200106293 130000
5963063.62255102 4.28866200106293 130000
6424027.15989796 4.41647082334184 130000
6917834.81826531 4.41647082334184 130000
7446818.84459184 4.64274525233844 130000
8013494.0094898 4.64274525233844 130000
8620542.39693877 4.93463525191327 130000
9270838.75479592 4.93463525191327 130000
9967465.70510204 5.26154064370748 130000
10713723.8842857 5.26154064370748 130000
11513152.2235714 5.59298800191326 130000
12369533.0190816 5.59298800191326 130000
13286927.422551 5.86234773554422 130000
14269685.5815306 5.86234773554422 130000
15322456.7795918 6.00115234162415 130000
16450235.0672449 6.00115234162415 130000
17658359.2619388 5.9899664289966 130000
18952558.5789796 5.9899664289966 130000
20338967.8418367 5.7272717670068 130000
21824147.762551 5.7272717670068 130000
23415140.7128571 5.7272717670068 130000
25119485.9344898 5.7272717670068 130000
0 12881188.0618083 140000
36033.0816326531 12881188.0618083 140000
74646.4342857143 12881188.0618083 140000
116016.443673469 12881188.0618083 140000
160344.693469388 988685.997828201 140000
207842.846530612 988685.997828201 140000
258737.684489796 2867.32610843367 140000
313271.107755102 2867.32610843367 140000
371705.175102041 248.325887755102 140000
434317.064081633 248.325887755102 140000
501404.110612245 79.8940457746599 140000
573293.888163265 79.8940457746599 140000
650319.009795918 34.9464826377551 140000
732847.365714286 34.9464826377551 140000
821282.123265306 19.0787292882653 140000
916041.568571428 19.0787292882653 140000
1017574.22530612 12.8810497465986 140000
1126363.89428571 12.8810497465986 140000
1242934.69306122 9.5629089872449 140000
1367840.97673469 9.5629089872449 140000
1501677.41714286 7.5009074914966 140000
1645084.04244898 7.5009074914966 140000
1798746.23714286 6.20752774404762 140000
1963394.74204082 6.20752774404762 140000
2139810.69387755 5.3894655 140000
2328845.78367347 5.3894655 140000
2531397.05877551 4.9045832712585 140000
2748432.12081633 4.9045832712585 140000
2980979.04653061 4.6515747627551 140000
3230161.66489796 4.6515747627551 140000
3497154.20081633 4.53589513180272 140000
3783241.75020408 4.53589513180272 140000
4089785.00285714 4.48013414795918 140000
4418245.44040816 4.48013414795918 140000
4770190.37591837 4.44245269982993 140000
5147303.03306122 4.44245269982993 140000
5551377.50653061 4.43164907482993 140000
5984343.96 4.43164907482993 140000
6448268.62612245 4.48575119302721 140000
6945363.88571429 4.48575119302721 140000
7478003.38653061 4.63694944727891 140000
8048727.08285714 4.63694944727891 140000
8660256.35428571 4.89519703146259 140000
9315514.16408163 4.89519703146259 140000
10017625.0591837 5.23341663860544 140000
10769935.3285714 5.23341663860544 140000
11576038.2012245 5.60808929336735 140000
12439773.8461224 5.60808929336735 140000
13365274.7285714 6.00641653231293 140000
14356950.4914286 6.00641653231293 140000
15419528.2718367 6.4236317414966 140000
16558082.9387755 6.4236317414966 140000
17778047.1722449 6.77533225680272 140000
19085241.7008163 6.77533225680272 140000
20485905.5391837 6.78641935884354 140000
21986716.1465306 6.78641935884354 140000
23594834.7828571 6.78641935884354 140000
25317941.7861224 6.78641935884354 140000
0 11021670.1955823 150000
36515.2183673469 11021670.1955823 150000
75621.4081632653 11021670.1955823 150000
117503.63877551 11021670.1955823 150000
162367.542857143 69728.4233419303 150000
210413.612244898 69728.4233419303 150000
261868.042857143 1785.93503570578 150000
316982.734693878 1785.93503570578 150000
376009.587755102 266.076208001701 150000
439231.346938776 266.076208001701 150000
506941.03877551 87.691102414966 150000
579462.534693877 87.691102414966 150000
657135.128571428 37.7320924319728 150000
740323.818367347 37.7320924319728 150000
829419.306122449 19.573443962585 150000
924843.13877551 19.573443962585 150000
1027047.70816327 12.6223105867347 150000
1136505.96938776 12.6223105867347 150000
1253742.28571429 9.3598200255102 150000
1379306.7244898 9.3598200255102 150000
1513790.47959184 7.40253988945578 150000
1657820.73061224 7.40253988945578 150000
1812086.34693878 6.19782171343537 150000
1977307.04285714 6.19782171343537 150000
2154264.22244898 5.49013479591837 150000
2343785.55714286 5.49013479591837 150000
2546770.68979592 5.06305076955782 150000
2764175.8122449 5.06305076955782 150000
2997018.80612245 4.77559345663265 150000
3246404.94693877 4.77559345663265 150000
3513501.2 4.57325949404762 150000
3799567.06530612 4.57325949404762 150000
4105949.43673469 4.45245031037415 150000
4434098.02448979 4.45245031037415 150000
4785555.07346939 4.41095963860544 150000
5161970.78571429 4.41095963860544 150000
5565123.88367347 4.43369704081633 150000
5996911.32857143 4.43369704081633 150000
6459363.74285714 4.50662166241497 150000
6954671.11428571 4.50662166241497 150000
7485151.95102041 4.61880926870748 150000
8053314.97142857 4.61880926870748 150000
8661828.25918367 4.76006390731292 150000
9313565.53061224 4.76006390731292 150000
10011595.8530612 4.92648712585034 150000
10759199.0673469 4.92648712585034 150000
11559906.9142857 5.13657515306122 150000
12417487.6122449 5.13657515306122 150000
13335976.7020408 5.43004079506803 150000
14319702.7510204 5.43004079506803 150000
15373302.7755102 5.79105462159864 150000
16501737.6632653 5.79105462159864 150000
17710317.877551 6.06574557397959 150000
19004744.5836735 6.06574557397959 150000
20391104.5081633 5.97536359693878 150000
21875936.7693878 5.97536359693878 150000
23466232.877551 5.97536359693878 150000
25169483.0020408 5.97536359693878 150000
0 8642937.22415179 160000
36930.0382653061 8642937.22415179 160000
76493.1234693877 8642937.22415179 160000
118870.666326531 8642937.22415179 160000
164269.993367347 15504.6281572768 160000
212903.614285714 15504.6281572768 160000
265004.771428571 3942.65944822173 160000
320811.890306122 3942.65944822173 160000
380599.678571429 964.492263715986 160000
444648.027040816 964.492263715986 160000
513257.559183673 151.377673815901 160000
586759.99744898 151.377673815901 160000
665492.24744898 44.9024236575255 160000
749837.863265306 44.9024236575255 160000
840195.948469388 21.4269269823554 160000
936986.339285714 21.4269269823554 160000
1040680.70357143 12.9402638116497 160000
1151755.89234694 12.9402638116497 160000
1270745.77142857 9.2109562457483 160000
1398215.30561224 9.2109562457483 160000
1534770.925 7.31482554421769 160000
1681050.15867347 7.31482554421769 160000
1837752.73367347 6.19922523915816 160000
2005625.0255102 6.19922523915816 160000
2185449.69183673 5.51481012648809 160000
2378092.32091837 5.51481012648809 160000
2584459.96632653 5.0993579942602 160000
2805532.24591837 5.0993579942602 160000
3042356.15867347 4.83191756802721 160000
3296051.26785714 4.83191756802721 160000
3567825.2505102 4.63908229804422 160000
3858958.34795918 4.63908229804422 160000
4170834.46479592 4.50077822491497 160000
4504935.98571429 4.50077822491497 160000
4862838.59234694 4.43206891687925 160000
5246242.3622449 4.43206891687925 160000
5656966.58571429 4.45181892857143 160000
6096949.76581633 4.45181892857143 160000
6568285.9005102 4.56095691007653 160000
7073203.75 4.56095691007653 160000
7614092.75255102 4.74176292198129 160000
8193523.75714286 4.74176292198129 160000
8814238.65714286 4.96503847789116 160000
9479176.30612245 4.96503847789116 160000
10191493.2505102 5.20588279761905 160000
10954558.5464286 5.20588279761905 160000
11771995.225 5.46108879889456 160000
12647675.1091837 5.46108879889456 160000
13585744.7295918 5.74493177721088 160000
14590651.2403061 5.74493177721088 160000
15667152.7852041 6.08224772321429 160000
16820359.9632653 6.08224772321429 160000
18055730.6454082 6.5037576775085 160000
19379121.8061224 6.5037576775085 160000
20796805.0729592 7.16141470982143 160000
22315492.6423469 7.16141470982143 160000
23942389.1112245 7.16141470982143 160000
25685201.8433673 7.16141470982143 160000
0 8031213.33629658 170000
36852.7169387755 8031213.33629658 170000
76335.9251020408 8031213.33629658 170000
118635.671020408 8031213.33629658 170000
163948.337142857 26265.0655354056 170000
212496.145714286 26265.0655354056 170000
264501.318979592 2003.02952178954 170000
320222.254897959 2003.02952178954 170000
379912.183469388 414.128853627551 170000
443855.34244898 414.128853627551 170000
512361.809387755 124.876929193878 170000
585757.165714286 124.876929193878 170000
664382.496734694 47.6238959017857 170000
748615.063469388 47.6238959017857 170000
838857.966734694 22.5787921403061 170000
935534.979183673 22.5787921403061 170000
1039100.88122449 13.3892993852041 170000
1150056.96489796 13.3892993852041 170000
1268925.19408163 9.29529595280612 170000
1396274.04428571 9.29529595280612 170000
1532697.83081633 7.22772468239796 170000
1678852.8844898 7.22772468239796 170000
1835431.71183673 6.15624524489796 170000
2003178.49897959 6.15624524489796 170000
2182883.94367347 5.53876025510204 170000
2375405.92714286 5.53876025510204 170000
2581659.17816327 5.10848458673469 170000
2802620.44102041 5.10848458673469 170000
3039333.64346939 4.77356853188776 170000
3292935.73653061 4.77356853188776 170000
3564615.35081633 4.52699227933673 170000
3855674.81204082 4.52699227933673 170000
4167488.79734694 4.38072826785714 170000
4501540.51102041 4.38072826785714 170000
4859411.34857143 4.34155944387755 170000
5242806.73653061 4.34155944387755 170000
5653540.62857143 4.40182000127551 170000
6093566.51326531 4.40182000127551 170000
6564972.24612245 4.54849314285714 170000
7069995.55346939 4.54849314285714 170000
7611029.20040816 4.77040315688776 170000
8190651.99857143 4.77040315688776 170000
8811602.96632653 5.05506080867347 170000
9476838.17632653 5.05506080867347 170000
10189515.2516327 5.37839202168367 170000
10953014.037551 5.37839202168367 170000
11770962.4414286 5.69952685204082 170000
12647241.6006122 5.69952685204082 170000
13586006.5542857 5.98743601147959 170000
14591722.4191837 5.98743601147959 170000
15669154.0536735 6.24643689923469 170000
16823422.9053061 6.24643689923469 170000
18060007.0108163 6.51448171556122 170000
19384777.1718367 6.51448171556122 170000
20804017.6267347 6.89004161607143 170000
22324467.3942857 6.89004161607143 170000
23953346.1134694 6.89004161607143 170000
25698390.2191837 6.89004161607143 170000
0 14248157.6013279 180000
37032.1420408163 14248157.6013279 180000
76703.4995918367 14248157.6013279 180000
119201.103673469 14248157.6013279 180000
164727.57122449 11993588.7152144 180000
213501.105102041 11993588.7152144 180000
265750.29877551 33040.8607433329 180000
321724.526938775 33040.8607433329 180000
381688.750204082 1017.60455608631 180000
445923.515102041 1017.60455608631 180000
514740.54 150.359270258929 180000
588461.933877551 150.359270258929 180000
667435.782244898 46.6973488448129 180000
752041.34244898 46.6973488448129 180000
842678.653061224 21.6062066313776 180000
939773.729183673 21.6062066313776 180000
1043794.14836735 12.6797507108844 180000
1155223.07408163 12.6797507108844 180000
1274595.62285714 8.99256619090136 180000
1402478.08306122 8.99256619090136 180000
1539478.3055102 7.3301223494898 180000
1686240.50816327 7.3301223494898 180000
1843460.86204082 6.31510023937075 180000
2011892.68653061 6.31510023937075 180000
2192330.86346939 5.57933665688775 180000
2385627.42306122 5.57933665688775 180000
2592701.9344898 5.09136752933674 180000
2814536.31061224 5.09136752933674 180000
3052185.19857143 4.80066850467687 180000
3306770.7844898 4.80066850467687 180000
3579503.57469388 4.64201684396259 180000
3871672.00510204 4.64201684396259 180000
4184673.61306122 4.5591408877551 180000
4519978.67020408 4.5591408877551 180000
4879187.33081633 4.51974314965986 180000
5263998.46 4.51974314965986 180000
5676240.8055102 4.52746034396259 180000
6117862.60714286 4.52746034396259 180000
6590967.96387755 4.59872262627551 180000
7097790.85734694 4.59872262627551 180000
7640741.90959184 4.74577143664966 180000
8222392.79714286 4.74577143664966 180000
8845502.22755102 4.96077052168367 180000
9513026.33 4.96077052168367 180000
10228134.2412245 5.21448546088435 180000
10994208.1055102 5.21448546088435 180000
11814889.832449 5.50606119345238 180000
12694065.5110204 5.50606119345238 180000
13635912.1673469 5.86726485161565 180000
14644887.3740816 5.86726485161565 180000
15725781.2034694 6.26639424447279 180000
16883721.4226531 6.26639424447279 180000
18124194.274898 6.53254544770408 180000
19453091.2373469 6.53254544770408 180000
20876709.0210204 6.40372350297619 180000
22401796.3285714 6.40372350297619 180000
24035590.2214286 6.40372350297619 180000
25785842.0963265 6.40372350297619 180000
0 10292737.4206882 190000
37586.4028571428 10292737.4206882 190000
77836.3255102041 10292737.4206882 190000
120935.471530612 10292737.4206882 190000
167090.767755102 5337882.93270543 190000
216514.446836735 5337882.93270543 190000
269439.964693878 7843.83820156675 190000
326111.388877551 7843.83820156675 190000
386799.316020408 473.783266813775 190000
451784.954387755 473.783266813775 190000
521376.041326531 114.445971796769 190000
595901.537448979 114.445971796769 190000
675701.015 45.8040069685374 190000
761151.186938775 45.8040069685374 190000
852660.601122449 23.5687787897534 190000
950648.417040816 23.5687787897534 190000
1055581.54653061 13.8559514224065 190000
1167942.81887755 13.8559514224065 190000
1288268.12153061 9.52109948363095 190000
1417114.56520408 9.52109948363095 190000
1555092.31877551 7.47893499468537 190000
1702843.38602041 7.47893499468537 190000
1861057.52306122 6.36596264370748 190000
2030482.85 6.36596264370748 190000
2211909.93346939 5.63217929953231 190000
2406187.70408163 5.63217929953231 190000
2614228.7622449 5.11375682929422 190000
2837009.37816327 5.11375682929422 190000
3075569.49183673 4.7704815667517 190000
3331028.6305102 4.7704815667517 190000
3604585.90867347 4.55897846343537 190000
3897525.33387755 4.55897846343537 190000
4211210.50091837 4.43387173596939 190000
4547121.73255102 4.43387173596939 190000
4906829.55040816 4.3766020809949 190000
5292015.89826531 4.3766020809949 190000
5704490.0594898 4.39671996789966 190000
6146188.65704082 4.39671996789966 190000
6619170.34765306 4.51220990327381 190000
7125658.26836734 4.51220990327381 190000
7668029.42489796 4.73141749404762 190000
8248825.30326531 4.73141749404762 190000
8870757.17561224 5.0368003849915 190000
9536753.85255102 5.0368003849915 190000
10249924.542449 5.38667475659013 190000
11013617.2154082 5.38667475659013 190000
11831413.297449 5.7563906704932 190000
12707143.5879592 5.7563906704932 190000
13644904.1771429 6.14147134417517 190000
14649104.1983673 6.14147134417517 190000
15724433.9932653 6.49193156632653 190000
16875944.6989796 6.49193156632653 190000
18109027.024898 6.68232194217687 190000
19429464.3108163 6.68232194217687 190000
20843437.8327551 6.4372263892432 190000
22357579.8611224 6.4372263892432 190000
23978984.2723469 6.4372263892432 190000
25715248.9954082 6.4372263892432 190000
0 13423749.8772826 200000
38004.7282653061 13423749.8772826 200000
78704.5613265306 13423749.8772826 200000
122297.74744898 13423749.8772826 200000
168977.176836735 12518630.5068626 200000
218967.888061224 12518630.5068626 200000
272505.635816327 32621.8786403189 200000
329836.890918367 32621.8786403189 200000
391240.27255102 971.184328509566 200000
456999.757959184 971.184328509566 200000
527420.756632653 161.32788584375 200000
602835.468367347 161.32788584375 200000
683597.525204082 51.8569239489796 200000
770092.70755102 51.8569239489796 200000
862722.87 22.7018933182398 200000
961922.015510204 22.7018933182398 200000
1068161.65346939 13.1672122066327 200000
1181934.7255102 13.1672122066327 200000
1303777.0377551 9.31838287755102 200000
1434256.54469388 9.31838287755102 200000
1574000.1394898 7.47040988647959 200000
1723650.7894898 7.47040988647959 200000
1883915.75877551 6.36827901785714 200000
2055550.53397959 6.36827901785714 200000
2239358.82428571 5.61227890433674 200000
2436208.63561225 5.61227890433674 200000
2647016.19642857 5.10422307397959 200000
2872778.10612245 5.10422307397959 200000
3114555.26081633 4.79069835395408 200000
3373483.5694898 4.79069835395408 200000
3650773.95397959 4.61180608482143 200000
3947733.78122449 4.61180608482143 200000
4265761.50520408 4.53060913201531 200000
4606341.30887755 4.53060913201531 200000
4971085.96867347 4.52270599170918 200000
5361699.34806123 4.52270599170918 200000
5780013.90397959 4.57467918558674 200000
6228006.76102041 4.57467918558674 200000
6707778.27918367 4.68676312882653 200000
7221573.48612245 4.68676312882653 200000
7771819.58357143 4.85383417538265 200000
8361088.44091837 4.85383417538265 200000
8992160.89193878 5.05588889668367 200000
9667994.58642857 5.05588889668367 200000
10391766.8546939 5.27304665306122 200000
11166880.0656122 5.27304665306122 200000
11996966.9846939 5.5085446065051 200000
12885938.9966327 5.5085446065051 200000
13837964.6730612 5.77000683163265 200000
14857517.995102 5.77000683163265 200000
15949389.0694898 6.02993977678571 200000
17118710.9188776 6.02993977678571 200000
18370975.5560204 6.27180042793367 200000
19712060.7740816 6.27180042793367 200000
21148278.3691837 6.66118636479592 200000
22686363.4242857 6.66118636479592 200000
24333549.3220408 6.66118636479592 200000
26097573.1028571 6.66118636479592 200000
0 6688653.29805523 20000
32312.885 6688653.29805523 20000
66989.1559183674 6688653.29805523 20000
104192.567959184 6688653.29805523 20000
144113.43122449 735.815697725765 20000
186950.90744898 735.815697725765 20000
232917.435816327 98.0367000306123 20000
282238.732959184 98.0367000306123 20000
335158.21877551 60.3814582451106 20000
391941.442244898 60.3814582451106 20000
452876.081428571 35.5209932869898 20000
518254.240204082 35.5209932869898 20000
588407.854795918 22.4349700839711 20000
663686.564693878 22.4349700839711 20000
744457.712653061 14.9602549923469 20000
831128.47377551 14.9602549923469 20000
924123.726428572 10.7732759997874 20000
1023912.60714286 10.7732759997874 20000
1130986.38153061 8.33645841220238 20000
1245876.14755102 8.33645841220238 20000
1369157.26132653 6.82609326806973 20000
1501436.05969388 6.82609326806973 20000
1643376.41510204 5.86132985204082 20000
1795682.03234694 5.86132985204082 20000
1959100.87438776 5.25577675361395 20000
2134456.14306122 5.25577675361395 20000
2322615.29836735 4.87615235820578 20000
2524512.18755102 4.87615235820578 20000
2741151.47091837 4.63052877253401 20000
2973604.19602041 4.63052877253401 20000
3223029.92673469 4.47015747385204 20000
3490667.89163265 4.47015747385204 20000
3777850.26142857 4.36686076488095 20000
4085997.72316327 4.36686076488095 20000
4416641.60928572 4.29967134077381 20000
4771432.74928571 4.29967134077381 20000
5152123.76642857 4.26719691347789 20000
5560613.33591837 4.26719691347789 20000
5998924.05581633 4.2878046207483 20000
6469237.85357143 4.2878046207483 20000
6973895.98602041 4.37668976530612 20000
7515394.61357143 4.37668976530612 20000
8096433.48418367 4.53897891772959 20000
8719898.23010204 4.53897891772959 20000
9388878.07112245 4.77865531271259 20000
10106705.6469388 4.77865531271259 20000
10876943.7396939 5.09083211139456 20000
11703420.6805102 5.09083211139456 20000
12590239.2011224 5.46306170535714 20000
13541811.8404082 5.46306170535714 20000
14562856.5185714 5.89043881483844 20000
15658454.0727551 5.89043881483844 20000
16834043.8312245 6.36076478358844 20000
18095467.8715306 6.36076478358844 20000
19448988.7237755 6.86432125659014 20000
20901338.0545918 6.86432125659014 20000
22459729.9445918 6.86432125659014 20000
24131905.1465306 6.86432125659014 20000
0 13157206.1031292 210000
37974.7015306122 13157206.1031292 210000
78638.495 13157206.1031292 210000
122173.873673469 13157206.1031292 210000
168795.535510204 18969031.89795 210000
218712.811020408 18969031.89795 210000
272161.867959184 212020.129181618 210000
329389.608979592 212020.129181618 210000
390669.773979592 3380.62537674809 210000
456286.837755102 3380.62537674809 210000
526541.37744898 231.86699714966 210000
601771.542346939 231.86699714966 210000
682320.849183674 50.0216835750425 210000
768570.386836735 50.0216835750425 210000
860922.713979592 21.8102599164541 210000
959812.593979592 21.8102599164541 210000
1065690.89255102 13.1561094651361 210000
1179067.51734694 13.1561094651361 210000
1300463.11091837 9.51629694366497 210000
1430446.62285714 9.51629694366497 210000
1569624.57489796 7.64967710352891 210000
1718651.79581633 7.64967710352891 210000
1878220.68653061 6.48679691772959 210000
2049082.68989796 6.48679691772959 210000
2232032.18836735 5.69883304315476 210000
2427922.60632653 5.69883304315476 210000
2637677.145 5.14605289136905 210000
2862267.31265306 5.14605289136905 210000
3102750.49673469 4.76394643494898 210000
3360243.12663265 4.76394643494898 210000
3635958.24581633 4.53683625 210000
3931178.67459184 4.53683625 210000
4247289.21479592 4.4514043537415 210000
4585760.54744898 4.4514043537415 210000
4948181.43744898 4.47446201998299 210000
5336242.63122449 4.47446201998299 210000
5751763.69397959 4.56398659608844 210000
6196676.90734694 4.56398659608844 210000
6673070.20897959 4.6893612585034 210000
7183171.09020408 4.6893612585034 210000
7729357.33091837 4.8418862670068 210000
8314189.20428571 4.8418862670068 210000
8940398.74183673 5.0203651277636 210000
9610911.20326531 5.0203651277636 210000
10328866.5462245 5.22846559757653 210000
11097614.0588776 5.22846559757653 210000
11920749.9320408 5.49344984438776 210000
12802127.9940816 5.49344984438776 210000
13745859.7109184 5.84815994664116 210000
14756362.4930612 5.84815994664116 210000
15838359.6956122 6.27792487712585 210000
16996907.4555102 6.27792487712585 210000
18237421.5287755 6.70815945939626 210000
19565704.1277551 6.70815945939626 210000
20987965.3909184 7.03602113456633 210000
22510855.587551 7.03602113456633 210000
24141486.587551 7.03602113456633 210000
25887485.5359184 7.03602113456633 210000
0 14635735.9631598 220000
38309.6079591837 14635735.9631598 220000
79322.5916326531 14635735.9631598 220000
123218.450816327 14635735.9631598 220000
170209.321632653 13065142.420043 220000
220507.340204082 13065142.420043 220000
274351.839591837 637193.096474977 220000
331987.592244898 637193.096474977 220000
393681.128163265 4869.32842766071 220000
459720.734897959 4869.32842766071 220000
530411.018163265 284.964606376701 220000
606078.34122449 284.964606376701 220000
687076.264285714 54.9579193971088 220000
773785.544489796 54.9579193971088 220000
866592.378367347 22.1920447814626 220000
965942.795714285 22.1920447814626 220000
1072288.26571429 13.6042034090136 220000
1186123.77265306 13.6042034090136 220000
1307976.93714286 9.93487175382653 220000
1438413.4555102 9.93487175382653 220000
1578037.09979592 7.75806277040816 220000
1727495.15714286 7.75806277040816 220000
1887478.42979592 6.35628721768707 220000
2058732.11387755 6.35628721768707 220000
2242044.92061224 5.51140298256803 220000
2438270.83387755 5.51140298256803 220000
2648318.23142857 5.03266886777211 220000
2873155.32428571 5.03266886777211 220000
3113831.91428571 4.75841040433673 220000
3371463.07591837 4.75841040433673 220000
3647234.59571429 4.59858306079932 220000
3942435.60857143 4.59858306079932 220000
4258420.52204082 4.51532643197279 220000
4596668.84959184 4.51532643197279 220000
4958736.25612245 4.49552932695578 220000
5346308.95183673 4.49552932695578 220000
5761176.49530612 4.53226785841837 220000
6205264.42979592 4.53226785841837 220000
6680628.84387755 4.61754159353741 220000
7189478.12897959 4.61754159353741 220000
7734167.54 4.74133299319728 220000
8317220.95285714 4.74133299319728 220000
8941341.7432653 4.90358539710884 220000
9609418.22612245 4.90358539710884 220000
10324550.852449 5.1331502244898 220000
11090052.2093878 5.1331502244898 220000
11909468.7777551 5.4695990212585 220000
12786597.2502041 5.4695990212585 220000
13725511.7281633 5.91411032142857 220000
14730552.8430612 5.91411032142857 220000
15806382.1502041 6.38831161309524 220000
16957987.5681633 6.38831161309524 220000
18190699.6969388 6.73866484481292 220000
19510235.3330612 6.73866484481292 220000
20922713.7877551 6.73888015391156 220000
22434678.6444898 6.73888015391156 220000
24053130.3953061 6.73888015391156 220000
25785580.8346939 6.73888015391156 220000
0 13536231.9816226 230000
38617.011122449 13536231.9816226 230000
79959.8643877551 13536231.9816226 230000
124209.551326531 13536231.9816226 230000
171574.486428571 16556517.7548302 230000
222274.053367347 16556517.7548302 230000
276544.089591837 133347.042527826 230000
334636.886326531 133347.042527826 230000
396821.188571429 2338.62364047683 230000
463382.195102041 2338.62364047683 230000
534632.527653061 259.068763147109 230000
610895.777142857 259.068763147109 230000
692533.926632653 67.2617202689201 230000
779914.44377551 67.2617202689201 230000
873454.15755102 26.2610026981293 230000
973575.381530612 26.2610026981293 230000
1080749.79061224 14.1001543333333 230000
1195470.99806122 14.1001543333333 230000
1318271.00928571 9.56242014604592 230000
1449714.7372449 9.56242014604592 230000
1590416.45622449 7.44640748426871 230000
1741023.34806122 7.44640748426871 230000
1902237.4405102 6.29394619834184 230000
2074799.15346939 6.29394619834184 230000
2259514.72193877 5.5991398224915 230000
2457239.7422449 5.5991398224915 230000
2668884.65663265 5.14015946938775 230000
2895431.20704082 5.14015946938775 230000
3137932.43510204 4.82092194579082 230000
3397507.19755102 4.82092194579082 230000
3675362.10459184 4.60500042091837 230000
3972780.55071429 4.60500042091837 230000
4291144.65306122 4.4903953039966 230000
4631924.2822449 4.4903953039966 230000
4996699.00071429 4.47380441369048 230000
5387158.0627551 4.47380441369048 230000
5805111.38367347 4.53584885884354 230000
6252500.50897959 4.53584885884354 230000
6731387.64520408 4.6536533210034 230000
7243994.05204082 4.6536533210034 230000
7792694.5577551 4.81512884566327 230000
8380034.01295918 4.81512884566327 230000
9008732.77520408 5.0255315 230000
9681697.67816327 5.0255315 230000
10402049.4545918 5.30605694621599 230000
11173128.2209184 5.30605694621599 230000
11998498.9618367 5.67868925659014 230000
12881989.922449 5.67868925659014 230000
13827687.1236735 6.11998180102041 230000
14839983.7235714 6.11998180102041 230000
15923552.5943878 6.51944290646258 230000
17083423.1068367 6.51944290646258 230000
18324964.6763265 6.73899797342687 230000
19653930.6396939 6.73899797342687 230000
21076474.7089796 6.62105639647109 230000
22599189.3635714 6.62105639647109 230000
24229122.3039796 6.62105639647109 230000
25973831.2977551 6.62105639647109 230000
0 16728970.9704904 240000
39148.6784693878 16728970.9704904 240000
81055.1675510204 16728970.9704904 240000
125908.510714286 16728970.9704904 240000
173925.551938776 18529243.3377916 240000
225317.575102041 18529243.3377916 240000
280334.784795918 285692.668230636 240000
339221.825510204 285692.668230636 240000
402251.142244898 5263.80562783737 240000
469722.980510204 5263.80562783737 240000
541948.706020408 399.663169582908 240000
619256.364795918 399.663169582908 240000
702007.363469388 74.6857694910714 240000
790585.349081633 74.6857694910714 240000
885396.209081633 26.0794501186225 240000
986884.751632653 26.0794501186225 240000
1095523.58540816 14.0938277378827 240000
1211807.5594898 14.0938277378827 240000
1336281.56387755 9.78849014158163 240000
1469518.28908163 9.78849014158163 240000
1612134.90642857 7.68130413647959 240000
1764793.06806122 7.68130413647959 240000
1928204.46704082 6.44798083545918 240000
2103119.71714286 6.44798083545918 240000
2290350.59326531 5.66229208290816 240000
2490758.91122449 5.66229208290816 240000
2705284.32826531 5.14853865433674 240000
2934916.54255102 5.14853865433674 240000
3180711.97346939 4.81757358035714 240000
3443816.00204082 4.81757358035714 240000
3725446.29061224 4.62156839987245 240000
4026903.90306122 4.62156839987245 240000
4349584.425 4.53092715306123 240000
4694989.08397959 4.53092715306123 240000
5064713.62928571 4.5234673494898 240000
5460470.57234694 4.5234673494898 240000
5884094.74683673 4.58738535586735 240000
6337543.30867347 4.58738535586735 240000
6822923.53653061 4.71929877678571 240000
7342476.15153061 4.71929877678571 240000
7898608.67785714 4.90873608673469 240000
8493901.00285714 4.90873608673469 240000
9131110.93714286 5.13901697959184 240000
9813185.33479592 5.13901697959184 240000
10543282.3337755 5.40673589285714 240000
11324788.0362245 5.40673589285714 240000
12161316.5084694 5.72444939030612 240000
13056748.7017347 5.72444939030612 240000
14015226.8920408 6.10672957270408 240000
15041193.6009184 6.10672957270408 240000
16139397.1555102 6.5249303309949 240000
17314925.0491837 6.5249303309949 240000
18573220.6218367 6.86231268941327 240000
19920116.4205102 6.86231268941327 240000
21361850.8796939 6.97400123915816 240000
22905090.5617347 6.97400123915816 240000
24556996.8780612 6.97400123915816 240000
26325209.4088776 6.97400123915816 240000
0 15087845.9432699 250000
39252.1203061224 15087845.9432699 250000
81254.0687755102 15087845.9432699 250000
126212.641428571 15087845.9432699 250000
174323.456122449 8278357.61897684 250000
225815.665204082 8278357.61897684 250000
280924.010102041 99555.4366111896 250000
339899.999489796 99555.4366111896 250000
403017.498367347 3866.10158887946 250000
470567.138979592 3866.10158887946 250000
542861.909897959 342.319734163053 250000
620237.156020408 342.319734163053 250000
703039.400408163 69.979528783801 250000
791659.87877551 69.979528783801 250000
886506.594081633 26.3205107616922 250000
988009.905612245 26.3205107616922 250000
1096644.88530612 14.1170421147959 250000
1212903.37234694 14.1170421147959 250000
1337327.50765306 9.53577669579082 250000
1470492.96663265 9.53577669579082 250000
1613008.95918367 7.48192892283163 250000
1765529.40785714 7.48192892283163 250000
1928764.12602041 6.44107890795068 250000
2103462.05061224 6.44107890795068 250000
2290428.00938775 5.79545847193878 250000
2490522.72091837 5.79545847193878 250000
2704668.38367347 5.30431792346939 250000
2933854.26510204 5.30431792346939 250000
3179136.70163265 4.91596990136054 250000
3441639.09867347 4.91596990136054 250000
3722579.87602041 4.64633164434524 250000
4023244.52244898 4.64633164434524 250000
4345024.71928571 4.50632514944728 250000
4689407.1622449 4.50632514944728 250000
5057967.97234694 4.4776578182398 250000
5452417.40857143 4.4776578182398 250000
5874560.74428571 4.53034655654762 250000
6326354.15806122 4.53034655654762 250000
6809871.19918367 4.64340902040816 250000
7327347.50030612 4.64340902040816 250000
7881158.42112245 4.81484245556973 250000
8473863.76102041 4.81484245556973 250000
9108190.99183673 5.05545241985544 250000
9787063.20326531 5.05545241985544 250000
10513610.2810204 5.35917243090986 250000
11291180.085 5.35917243090986 250000
12123349.627449 5.67858844621599 250000
13013964.1965306 5.67858844621599 250000
13967120.5890816 5.96423709332483 250000
14987211.8232653 5.96423709332483 250000
16078943.9058163 6.22737804294218 250000
17247335.8320408 6.22737804294218 250000
18497781.0657143 6.51282874340986 250000
19836041.95 6.51282874340986 250000
21268277.6528571 7.01401799489796 250000
22801094.4687755 7.01401799489796 250000
24441551.4078571 7.01401799489796 250000
26197210.497551 7.01401799489796 250000
0 10825187.8402243 260000
39314.5402040816 10825187.8402243 260000
81387.9955102041 10825187.8402243 260000
126405.415102041 10825187.8402243 260000
174585.493469388 16350869.5735976 260000
226141.31755102 16350869.5735976 260000
281308.404489796 51611.8177215918 260000
340350.309183673 51611.8177215918 260000
403524.978979592 1694.84078835842 260000
471135.221632653 1694.84078835842 260000
543478.237346939 237.393160733418 260000
620901.694285714 237.393160733418 260000
703747.653061224 63.345372994898 260000
792403.034693877 63.345372994898 260000
887271.582857143 25.802036192602 260000
988796.294081633 25.802036192602 260000
1097436.98755102 14.5452046262755 260000
1213692.73530612 14.5452046262755 260000
1338101.8622449 10.086337067602 260000
1471230.73102041 10.086337067602 260000
1613696.1722449 7.86330524234694 260000
1766148.66183673 7.86330524234694 260000
1929294.75122449 6.55425750382653 260000
2103874.63714286 6.55425750382653 260000
2290690.19938776 5.71219025892857 260000
2490610.60836735 5.71219025892857 260000
2704544.28734694 5.15351462372449 260000
2933478.16530612 5.15351462372449 260000
3178460.85428571 4.79099813265306 260000
3440625.07959184 4.79099813265306 260000
3721165.24959184 4.57767754591837 260000
4021371.10102041 4.57767754591837 260000
4342633.30653061 4.48248936734694 260000
4686409.82938776 4.48248936734694 260000
5054298.82163265 4.482185625 260000
5447971.33346939 4.482185625 260000
5869249.81897959 4.5542543380102 260000
6320063.27571428 4.5542543380102 260000
6802486.49755102 4.67731671811224 260000
7318728.85959184 4.67731671811224 260000
7871167.96346939 4.84147777423469 260000
8462344.02979592 4.84147777423469 260000
9094959.89816327 5.04866510204082 260000
9771931.49510204 5.04866510204082 260000
10496365.4038776 5.30665917857143 260000
11271592.5097959 5.30665917857143 260000
12101173.6077551 5.61155808290816 260000
12988910.6173469 5.61155808290816 260000
13938891.4432653 5.92054582653061 260000
14955478.7602041 5.92054582653061 260000
16043338.0506122 6.18293248469388 260000
17207465.642449 6.18293248469388 260000
18453216.7469388 6.3726312627551 260000
19786305.4585714 6.3726312627551 260000
21212855.2230612 6.34860057015306 260000
22739426.875102 6.34860057015306 260000
24373029.8534694 6.34860057015306 260000
26121161.4538776 6.34860057015306 260000
0 14004074.6189463 270000
40110.0221428571 14004074.6189463 270000
83024.6997959184 14004074.6189463 270000
128927.944795918 14004074.6189463 270000
178038.15244898 1789841.46304675 270000
230573.718061224 1789841.46304675 270000
286776.025918367 20726.7945900444 270000
346903.702040816 20726.7945900444 270000
411226.866938776 1600.9232158531 270000
480038.630102041 1600.9232158531 270000
553649.342755102 254.264807431335 270000
632403.839591837 254.264807431335 270000
716652.70255102 70.5761074798044 270000
806780.997040816 70.5761074798044 270000
903196.777448979 29.0337282272534 270000
1006342.58163265 29.0337282272534 270000
1116689.68367347 15.5724474132653 270000
1234738.09387755 15.5724474132653 270000
1361022.30602041 10.2279646483844 270000
1496122.79183673 10.2279646483844 270000
1640654.50653061 7.74531050701531 270000
1795266.88877551 7.74531050701531 270000
1960672.59693878 6.45195290986395 270000
2137624.52010204 6.45195290986395 270000
2326927.27255102 5.70568513329082 270000
2529437.19377551 5.70568513329082 270000
2746085.33744898 5.20355553061224 270000
2977848.73520408 5.20355553061224 270000
3225790.62734694 4.85150086033163 270000
3491037.47387755 4.85150086033163 270000
3774796.19622449 4.63642219345238 270000
4078359.9244898 4.63642219345238 270000
4403107.99744898 4.53595316857993 270000
4750523.20428571 4.53595316857993 270000
5122180.29010204 4.52018416539116 270000
5519780.43938775 4.52018416539116 270000
5945128.28704082 4.57331026041667 270000
6400160.65459184 4.57331026041667 270000
6886952.29744898 4.69030261437075 270000
7407721.65214286 4.69030261437075 270000
7964830.83632653 4.86373770259354 270000
8560825.87948979 4.86373770259354 270000
9198413.73397959 5.08109132057823 270000
9880502.50571428 5.08109132057823 270000
10610195.7069388 5.32894125680272 270000
11390815.2452041 5.32894125680272 270000
12225918.665102 5.59605643686224 270000
13119299.1482653 5.59605643686224 270000
14075037.2385714 5.86857163244048 270000
15097472.1059184 5.86857163244048 270000
16191270.5131633 6.13019100956633 270000
17361403.8271429 6.13019100956633 270000
18613199.7438776 6.36641474829932 270000
19952371.0247959 6.36641474829932 270000
21384998.255 6.49322531228741 270000
22917610.3046939 6.49322531228741 270000
24557190.0764286 6.49322531228741 270000
26311203.2413265 6.49322531228741 270000
0 13263847.6578337 280000
40455.3683673469 13263847.6578337 280000
83738.8532653061 13263847.6578337 280000
130047.092653061 13263847.6578337 280000
179594.074897959 9319992.7357575 280000
232611.13877551 9319992.7357575 280000
289335.406530612 94507.0692783197 280000
350027.134285714 94507.0692783197 280000
414963.928571429 1977.67786436139 280000
484440.746326531 1977.67786436139 280000
558775.678367347 234.991867802296 280000
638315.732857143 234.991867802296 280000
723419.484897959 70.5358914889456 280000
814468.643469388 70.5358914889456 280000
911891.185306122 29.6966332920918 280000
1016132.43755102 29.6966332920918 280000
1127655.0777551 15.9579174192177 280000
1246985.40163265 15.9579174192177 280000
1374661.27183673 10.4948763333333 280000
1511266.81877551 10.4948763333333 280000
1657426.65714286 7.83992651530612 280000
1813811.66938775 7.83992651530612 280000
1981133.2222449 6.43156737712585 280000
2160160.51714286 6.43156737712585 280000
2351709.02326531 5.66323346896258 280000
2556657.82795918 5.66323346896258 280000
2775938.06979592 5.21282169260204 280000
3010556.07244898 5.21282169260204 280000
3261587.56122449 4.9130451960034 280000
3530177.66306122 4.9130451960034 280000
3817552.47346939 4.70576806292517 280000
4125030.62346939 4.70576806292517 280000
4454017.49612245 4.58218255144558 280000
4806011.01 4.58218255144558 280000
5182624.75306122 4.55034937202381 280000
5585582.19918367 4.55034937202381 280000
6016728.27510204 4.61767859481292 280000
6478029.36040816 4.61767859481292 280000
6971596.42142857 4.778663875 280000
7499690.79469388 4.778663875 280000
8064718.40346939 5.01348478103741 280000
8669264.45857143 5.01348478103741 280000
9316105.02530612 5.28262093877551 280000
10008183.8895918 5.28262093877551 280000
10748670.3926531 5.54341926147959 280000
11540953.647551 5.54341926147959 280000
12388654.1061224 5.77840885204082 280000
13295646.6928571 5.77840885204082 280000
14266083.9387755 5.99219238818027 280000
15304395.9814286 5.99219238818027 280000
16415336.8326531 6.17662481717687 280000
17603984.3785714 6.17662481717687 280000
18875769.2969388 6.30213815178571 280000
20236509.7579592 6.30213815178571 280000
21692434.5581633 6.29992115518707 280000
23250194.6873469 6.29992115518707 280000
24916909.5963265 6.29992115518707 280000
26700207.6812245 6.29992115518707 280000
0 11898607.4861194 290000
40462.6113265306 11898607.4861194 290000
83745.3616326531 11898607.4861194 290000
130045.544591837 11898607.4861194 290000
179577.862142857 24373448.0394989 290000
232562.818979592 24373448.0394989 290000
289238.328061225 2651124.31087475 290000
349871.316122449 2651124.31087475 290000
414728.709897959 16641.0264530412 290000
484112.252653061 16641.0264530412 290000
558329.490408163 621.909806587372 290000
637722.785714286 621.909806587372 290000
722651.909387755 90.8194882884779 290000
813505.646020408 90.8194882884779 290000
910695.99122449 30.1159242183248 290000
1014658.15163265 30.1159242183248 290000
1125873.75591837 15.774608408801 290000
1244841.84102041 15.774608408801 290000
1372102.06316327 10.5006656326531 290000
1508240.50061224 10.5006656326531 290000
1653872.24540816 7.92738552636055 290000
1809658.81163265 7.92738552636055 290000
1976308.13540816 6.47884860586735 290000
2154574.57489796 6.47884860586735 290000
2345276.31857143 5.62341370216837 290000
2549272.17418367 5.62341370216837 290000
2767490.58255102 5.11880370068027 290000
3000929.61755102 5.11880370068027 290000
3250645.38061224 4.82893190518708 290000
3517769.40897959 4.82893190518708 290000
3803526.08397959 4.67338180123299 290000
4109203.6172449 4.67338180123299 290000
4436194.67 4.60401469961735 290000
4785990.55030612 4.60401469961735 290000
5160175.41030612 4.59505669642857 290000
5560455.26 4.59505669642857 290000
5988646.36173469 4.63968955442177 290000
6446692.63846939 4.63968955442177 290000
6936677.27928571 4.74578326020408 290000
7460828.54214286 4.74578326020408 290000
8021525.55663265 4.92014396194728 290000
8621327.3377551 4.92014396194728 290000
9262943.77214286 5.15962850063776 290000
9949305.25112245 5.15962850063776 290000
10683527.8541837 5.44765066794218 290000
11468942.3627551 5.44765066794218 290000
12309129.0767347 5.73642235778061 290000
13207894.6034694 5.73642235778061 290000
14169335.6880612 5.94046173405612 290000
15197816.0023469 5.94046173405612 290000
16298006.7641837 5.99220296704932 290000
17474921.5539796 5.99220296704932 290000
18733893.1036735 5.87335528911565 290000
20080660.3380612 5.87335528911565 290000
21521327.7555102 5.46139594409014 290000
23062458.2720408 5.46139594409014 290000
24711050.0103061 5.46139594409014 290000
26474594.3271429 5.46139594409014 290000
0 12944322.2321257 300000
41277.1393877551 12944322.2321257 300000
85402.2159183673 12944322.2321257 300000
132572.670612245 12944322.2321257 300000
182991.92755102 23046924.2851622 300000
236893.326122449 23046924.2851622 300000
294516.18877551 12550377.16683 300000
356111.804081633 12550377.16683 300000
421955.392857143 41975.3005583929 300000
492340.125102041 41975.3005583929 300000
567583.103061224 1047.88745290986 300000
648019.378163265 1047.88745290986 300000
734001.951020408 118.283400278061 300000
825919.720612245 118.283400278061 300000
924173.552040816 34.5887126390306 300000
1029212.17489796 34.5887126390306 300000
1141490.30183673 16.5731917742347 300000
1261516.49306122 16.5731917742347 300000
1389829.22408163 10.4650596407313 300000
1526990.90265306 10.4650596407313 300000
1673611.80102041 7.81227001147959 300000
1830350.05591837 7.81227001147959 300000
1997899.70244898 6.41147333758503 300000
2177014.60632653 6.41147333758503 300000
2368478.54857143 5.59223021471088 300000
2573159.07306122 5.59223021471088 300000
2791953.63897959 5.10120785884354 300000
3025849.45142857 5.10120785884354 300000
3275875.59693877 4.81276198426871 300000
3543156.89102041 4.81276198426871 300000
3828871.99673469 4.65842393409864 300000
4134301.28918367 4.65842393409864 300000
4460802.92326531 4.58936943579932 300000
4809830.78285714 4.58936943579932 300000
5182934.48081633 4.5714576462585 300000
5581777.30816326 4.5714576462585 300000
6008142.21714286 4.59462954379252 300000
6463913.87204081 4.59462954379252 300000
6951132.49673469 4.66519227210884 300000
7471969.94244898 4.66519227210884 300000
8028729.6877551 4.79604680697279 300000
8623906.66918367 4.79604680697279 300000
9260145.39979592 4.99163058545918 300000
9940275.86755102 4.99163058545918 300000
10667325.5014286 5.22641587967687 300000
11444537.1206122 5.22641587967687 300000
12275368.9344898 5.45491895960884 300000
13163512.4918367 5.45491895960884 300000
14112934.5622449 5.64510551828231 300000
15127859.1869388 5.64510551828231 300000
16212797.5940816 5.76516561352041 300000
17372590.0802041 5.76516561352041 300000
18612394.0440816 5.7540969502551 300000
19937731.8512245 5.7540969502551 300000
21354502.8 5.48925923809524 300000
22869019.02 5.48925923809524 300000
24488017.4381633 5.48925923809524 300000
26218713.6263265 5.48925923809524 300000
0 9105227.44239234 30000
32755.1894897959 9105227.44239234 30000
67895.9235714286 9105227.44239234 30000
105597.411734694 9105227.44239234 30000
146048.341122449 2223.3540937213 30000
189446.383979592 2223.3540937213 30000
236011.675306122 217.314988286565 30000
285973.335204082 217.314988286565 30000
339573.961428571 95.4877773760629 30000
397083.107040816 95.4877773760629 30000
458788.295306122 43.2645860133929 30000
524986.034591837 43.2645860133929 30000
596013.26622449 21.8654236464711 30000
672220.409183673 21.8654236464711 30000
753980.345204082 13.5596327578656 30000
841701.896428571 13.5596327578656 30000
935820.840306122 10.1137244519558 30000
1036799.90959184 10.1137244519558 30000
1145137.77744898 8.38591740795068 30000
1261378.04255102 8.38591740795068 30000
1386091.25887755 7.16584350510204 30000
1519897.39846939 7.16584350510204 30000
1663461.35887755 6.15021811160714 30000
1817488.47061224 6.15021811160714 30000
1982746.95989796 5.38459382291667 30000
2160049.97846939 5.38459382291667 30000
2350282.55887755 4.88741817665816 30000
2554383.64428571 4.88741817665816 30000
2773364.05867347 4.58960884141156 30000
3008306.50683673 4.58960884141156 30000
3260379.05204082 4.40420687648809 30000
3530830.62346939 4.40420687648809 30000
3821000.00132653 4.27779772215136 30000
4132324.80193877 4.27779772215136 30000
4466341.4777551 4.20289379336735 30000
4824712.27265306 4.20289379336735 30000
5209211.74428571 4.19792390880102 30000
5621744.73428571 4.19792390880102 30000
6064350.86081633 4.28181293962585 30000
6539222.48877551 4.28181293962585 30000
7048718.20744898 4.45839827317177 30000
7595358.33795918 4.45839827317177 30000
8181851.88857143 4.71968691241497 30000
8811105.53979592 4.71968691241497 30000
9486228.13693878 5.05880899808673 30000
10210575.6156122 5.05880899808673 30000
10987733.0315306 5.44989492389456 30000
11821546.0083673 5.44989492389456 30000
12716147.6930612 5.81263098086735 30000
13675972.2334694 5.81263098086735 30000
14705772.7485714 6.06407344579082 30000
15810648.2837755 6.06407344579082 30000
16996079.7513265 6.20397897215136 30000
18267929.9303061 6.20397897215136 30000
19632506.3623469 6.18543783971088 30000
21096565.8441837 6.18543783971088 30000
22667368.3382653 6.18543783971088 30000
24352681.4653061 6.18543783971088 30000
0 4670.63960571429 40000
33040.4978571429 4670.63960571429 40000
68494.2942857143 4670.63960571429 40000
106537.641428571 4670.63960571429 40000
147364.868571429 237.952359549107 40000
191174.824285714 237.952359549107 40000
238188.953571429 162.192936870536 40000
288642.259285714 162.192936870536 40000
342783.302142857 81.5806110401786 40000
400878.72 81.5806110401786 40000
463226.785714286 47.2340961026786 40000
530125.772142857 47.2340961026786 40000
601923.664285714 25.4505928794643 40000
678963.927857143 25.4505928794643 40000
761639.740714286 15.2696684196429 40000
850357.838571428 15.2696684196429 40000
945561.111428571 10.5358013705357 40000
1047724.08428571 10.5358013705357 40000
1157357.43642857 8.1479896875 40000
1275008.00142857 8.1479896875 40000
1401254.24785714 6.81505461160714 40000
1536733.395 6.81505461160714 40000
1682114.29714286 5.98173598660714 40000
1838124.55928571 5.98173598660714 40000
2005541.49857143 5.41249429017857 40000
2185196.66357143 5.41249429017857 40000
2377984.87285714 4.99197475446429 40000
2584864.215 4.99197475446429 40000
2806869.60642857 4.6889660625 40000
3045108.27214286 4.6889660625 40000
3300759.74571429 4.49632209375 40000
3575102.985 4.49632209375 40000
3869502.81428571 4.39432746428571 40000
4185423.48214286 4.39432746428571 40000
4524437.7 4.35694920535714 40000
4888235.68071429 4.35694920535714 40000
5278634.17714286 4.36527222321429 40000
5697567.44357143 4.36527222321429 40000
6147132.42857143 4.42211165625 40000
6629557.14 4.42211165625 40000
7147254.87642857 4.54605306696429 40000
7702797.11142857 4.54605306696429 40000
8298949.64785714 4.74628566964286 40000
8938690.695 4.74628566964286 40000
9625197.31071429 5.01314007589286 40000
10361890.5942857 5.01314007589286 40000
11152440.2057143 5.32939592410714 40000
12000782.4428571 5.32939592410714 40000
12911142.8378571 5.66976404464286 40000
13888058.7535714 5.66976404464286 40000
14936388.4221429 5.98730977232143 40000
16061360.6571429 5.98730977232143 40000
17268574.8535714 6.24935302232143 40000
18564041.6614286 6.24935302232143 40000
19954210.1014286 6.60198912053571 40000
21446012.7578571 6.60198912053571 40000
23046874.8171429 6.60198912053571 40000
24764763.78 6.60198912053571 40000
0 8729912.72024787 50000
33103.063877551 8729912.72024787 50000
68624.0985714286 8729912.72024787 50000
106735.492244898 8729912.72024787 50000
147623.242653061 6664.31197460757 50000
191500.566734694 6664.31197460757 50000
238580.681428571 256.825898718112 50000
289090.413265306 256.825898718112 50000
343288.344489796 75.1904525505952 50000
401442.130408163 75.1904525505952 50000
463842.108979592 38.7403458384354 50000
530792.227755102 38.7403458384354 50000
602628.19 23.3041010484694 50000
679703.845102041 23.3041010484694 50000
762404.798163265 15.5668685182823 50000
851143.873469388 15.5668685182823 50000
946356.577959184 11.2076784485544 50000
1048514.71081633 11.2076784485544 50000
1158130.9 8.62732818962585 50000
1275744.99265306 8.62732818962585 50000
1401937.66469388 7.09847956887755 50000
1537344.03040816 7.09847956887755 50000
1682626.42326531 6.10644428613946 50000
1838515.22469388 6.10644428613946 50000
2005777.10836735 5.41897087627551 50000
2185242.25938775 5.41897087627551 50000
2377804.37428571 4.93111426445578 50000
2584420.66102041 4.93111426445578 50000
2806111.83897959 4.59383266454082 50000
3043975.74857143 4.59383266454082 50000
3299200.96081633 4.38361172619048 50000
3573053.1677551 4.38361172619048 50000
3866884.2555102 4.27912030442177 50000
4182159.52346939 4.27912030442177 50000
4520435.00163265 4.26448054209184 50000
4883398.27938776 4.26448054209184 50000
5272850.35938776 4.32872915688775 50000
5690719.26714286 4.32872915688775 50000
6139078.19714286 4.46052482227891 50000
6620154.58591837 4.46052482227891 50000
7136334.64857143 4.64919724022109 50000
7690186.06142857 4.64919724022109 50000
8284448.88897959 4.89124005059524 50000
8922076.41265306 4.89124005059524 50000
9606230.59428571 5.17286409056122 50000
10340309.2953061 5.17286409056122 50000
11127955.3497959 5.45462989710884 50000
11973074.7106122 5.45462989710884 50000
12879863.6685714 5.7139965837585 50000
13852822.4620408 5.7139965837585 50000
14896777.9595918 5.94454684991496 50000
16016910.8791837 5.94454684991496 50000
17218783.0073469 6.05881071471088 50000
18508355.3453061 6.05881071471088 50000
19892028.9377551 5.80056870960884 50000
21376672.0920408 5.80056870960884 50000
22969652.1338775 5.80056870960884 50000
24678867.1630612 5.80056870960884 50000
0 9263025.19188179 60000
33641.1964285714 9263025.19188179 60000
69720.1607142857 9263025.19188179 60000
108413.340816327 9263025.19188179 60000
149906.471428571 48921.8114533631 60000
194408.504081633 48921.8114533631 60000
242133.033673469 524.232013786139 60000
293316.871938776 524.232013786139 60000
348210.760714286 108.679579891582 60000
407079.371938775 108.679579891582 60000
470215.237755102 48.5201996077806 60000
537920.177040816 48.5201996077806 60000
610533.155612245 25.5782985884354 60000
688407.069387755 25.5782985884354 60000
771927.317857143 15.0938750031888 60000
861493.230612245 15.0938750031888 60000
957550.570918367 10.3030710693027 60000
1060563.6755102 10.3030710693027 60000
1171043.31479592 8.07384844812925 60000
1289523.47602041 8.07384844812925 60000
1416593.86683673 6.90525799213435 60000
1552862.76836735 6.90525799213435 60000
1699012.75561224 6.16701095238095 60000
1855744.97704082 6.16701095238095 60000
2023834.875 5.60969078656463 60000
2204099.68214286 5.60969078656463 60000
2397430.925 5.13327162308673 60000
2604761.92040816 5.13327162308673 60000
2827118.85255102 4.72263349702381 60000
3065583.62602041 4.72263349702381 60000
3321326.36938776 4.42117254570578 60000
3595596.14846939 4.42117254570578 60000
3889739.53979592 4.26054105654762 60000
4205191.34387755 4.26054105654762 60000
4543497.80204082 4.22568678039966 60000
4906311.95306122 4.22568678039966 60000
5295416.85 4.27998515731293 60000
5712706.98673469 4.27998515731293 60000
6160234.73163265 4.3978106037415 60000
6640182.46734694 4.3978106037415 60000
7154904.38112245 4.56502019664116 60000
7706917.17806122 4.56502019664116 60000
8298918.65459184 4.77166939094388 60000
8933815.55867347 4.77166939094388 60000
9614709.65969388 5.02518757440476 60000
10344934.8954082 5.02518757440476 60000
11128066.6586735 5.34344203762755 60000
11967931.0841837 5.34344203762755 60000
12868646.8387755 5.69681196641157 60000
13834620.4780612 5.69681196641157 60000
14870574.3066327 5.95201337053571 60000
15981583.525 5.95201337053571 60000
17173090.1596939 5.95889135841837 60000
18450916.9933673 5.95889135841837 60000
19821323.2852041 5.68283349596088 60000
21291014.0576531 5.68283349596088 60000
22867186.530102 5.68283349596088 60000
24557548.6923469 5.68283349596088 60000
0 7217470.30601569 70000
33978.3648979592 7217470.30601569 70000
70407.9991836735 7217470.30601569 70000
109463.320102041 7217470.30601569 70000
151332.886836735 21385.0442152309 70000
196219.400510204 21385.0442152309 70000
244339.704183673 759.485515270408 70000
295934.210816326 759.485515270408 70000
351243.333367347 132.402870602679 70000
410540.482653061 132.402870602679 70000
474113.211428571 45.1155345153061 70000
542263.214387755 45.1155345153061 70000
615329.898061224 24.3317949107143 70000
693662.096938775 24.3317949107143 70000
777641.643367347 16.2921714623724 70000
867673.939591837 16.2921714623724 70000
964197.385714286 11.5694317251276 70000
1067678.66571429 11.5694317251276 70000
1178617.46142857 8.66245800191326 70000
1297551.16653061 8.66245800191326 70000
1425059.6005102 7.05099389923469 70000
1561760.29469388 7.05099389923469 70000
1708313.20622449 6.10121539859694 70000
1865430.14602041 6.10121539859694 70000
2033874.77877551 5.44187696556122 70000
2214457.90897959 5.44187696556122 70000
2408056.33683673 4.95356760459184 70000
2615612.85826531 4.95356760459184 70000
2838126.83693878 4.61143089413265 70000
3076682.48816326 4.61143089413265 70000
3332434.73693878 4.39729837117347 70000
3606618.64591837 4.39729837117347 70000
3900568.27132653 4.29390508545918 70000
4215707.235 4.29390508545918 70000
4553562.86632653 4.28570472512755 70000
4915770.91622449 4.28570472512755 70000
5304084.98510204 4.34637757079082 70000
5720390.66479592 4.34637757079082 70000
6166700.82459184 4.44413372257653 70000
6645183.89510204 4.44413372257653 70000
7158159.15428571 4.56130557780612 70000
7708110.86938775 4.56130557780612 70000
8297702.43887755 4.69844310076531 70000
8929790.53438775 4.69844310076531 70000
9607439.24265306 4.85334643431122 70000
10333938.9214286 4.85334643431122 70000
11112801.4855102 5.00774890752551 70000
11947812.2605102 5.00774890752551 70000
12843006.4129592 5.13178549553571 70000
13802725.5180612 5.13178549553571 70000
14831626.9876531 5.19672056441326 70000
15934688.7841837 5.19672056441326 70000
17117265.9884694 5.19058257015306 70000
18385081.3717347 5.19058257015306 70000
19744286.6773469 5.10275523788265 70000
21201462.6208163 5.10275523788265 70000
22763675.457551 5.10275523788265 70000
24438491.1247959 5.10275523788265 70000
0 9065706.61946841 80000
34303.306122449 9065706.61946841 80000
71079.2653061225 9065706.61946841 80000
110508.571428571 9065706.61946841 80000
152781.428571429 218221.474228316 80000
198107.06122449 218221.474228316 80000
246699.448979592 759.136943367347 80000
298796.346938776 759.136943367347 80000
354654.530612245 127.355491794218 80000
414540.285714286 127.355491794218 80000
478743.673469388 56.7881924744898 80000
547583.285714286 56.7881924744898 80000
621382.469387755 28.0644834608844 80000
700512.12244898 28.0644834608844 80000
785347.897959184 16.6265015731293 80000
876298.734693878 16.6265015731293 80000
973816.367346939 11.3980588435374 80000
1078366.79591837 11.3980588435374 80000
1190458.81632653 8.61076662414966 80000
1310639.26530612 8.61076662414966 80000
1439488.26530612 7.05179651360544 80000
1577628.73469388 7.05179651360544 80000
1725735.89795918 6.10618503401361 80000
1884527.7755102 6.10618503401361 80000
2054774.69387755 5.43917300170068 80000
2237304.04081633 5.43917300170068 80000
2433000.26530612 4.95631220238095 80000
2642814.3877551 4.95631220238095 80000
2867759.24489796 4.63333180272109 80000
3108933.26530612 4.63333180272109 80000
3367506.20408163 4.4503 80000
3644733.40816327 4.4503 80000
3941955.81632653 4.37215782312925 80000
4260618.97959184 4.37215782312925 80000
4602273.06122449 4.34211152210884 80000
4968568.08163265 4.34211152210884 80000
5361287.20408163 4.3369799744898 80000
5782341.97959184 4.3369799744898 80000
6233767.59183673 4.38041981292517 80000
6717756.14285714 4.38041981292517 80000
7236656.65306122 4.50145697278912 80000
7792994.08163265 4.50145697278912 80000
8389459.81632653 4.70704579081633 80000
9028954.46938775 4.70704579081633 80000
9714583.12244898 4.97984995748299 80000
10449669.5918367 4.97984995748299 80000
11237780.2040816 5.29673788265306 80000
12082747.5714286 5.29673788265306 80000
12988665.8367347 5.65576789965986 80000
13959933.4693878 5.65576789965986 80000
15001267.5306122 6.04202087585034 80000
16117722.6938776 6.04202087585034 80000
17314715.0204082 6.33158677721088 80000
18598055.244898 6.33158677721088 80000
19973967.7959184 6.35960225340136 80000
21449143.1020408 6.35960225340136 80000
23030728.0816327 6.35960225340136 80000
24726402.2244898 6.35960225340136 80000
0 4928358.18284017 90000
34555.7112244898 4928358.18284017 90000
71600.2392857143 4928358.18284017 90000
111311.014285714 4928358.18284017 90000
153889.443367347 15126.1153882462 90000
199532.138265306 15126.1153882462 90000
248464.483163265 658.322244406888 90000
300921.453061225 658.322244406888 90000
357157.204591837 112.150080838648 90000
417449.871428571 112.150080838648 90000
482087.178061224 45.713437158801 90000
551376.030612245 45.713437158801 90000
625661.698469388 27.1261853571429 90000
705299.041836735 27.1261853571429 90000
790676.48877551 18.2053674744898 90000
882206.444387755 18.2053674744898 90000
980330.08622449 12.7020172002551 90000
1085522.15969388 12.7020172002551 90000
1198300.56887755 9.12103616390306 90000
1319197.60408163 9.12103616390306 90000
1448812.69132653 7.04398504145408 90000
1587764.43826531 7.04398504145408 90000
1736728.99744898 5.92815350446429 90000
1896425.68010204 5.92815350446429 90000
2067631.34234694 5.3166090880102 90000
2251175.58979592 5.3166090880102 90000
2447945.57295918 4.94348637117347 90000
2658890.78265306 4.94348637117347 90000
2885037.43622449 4.68325555484694 90000
3127483.68214286 4.68325555484694 90000
3387394.80459184 4.49256814732143 90000
3666036.79132653 4.49256814732143 90000
3964757.15204082 4.35935570471939 90000
4284999.30459184 4.35935570471939 90000
4628321.75663265 4.29322902423469 90000
4996378.92397959 4.29322902423469 90000
5390959.49387755 4.31342968112245 90000
5813976.83418367 4.31342968112245 90000
6267468.99336735 4.41836919642857 90000
6753641.85918367 4.41836919642857 90000
7274845.18163265 4.58321135204082 90000
7833606.14081633 4.58321135204082 90000
8432629.34693878 4.79458894770408 90000
9074820.81734694 4.79458894770408 90000
9763283.18112245 5.05675790816327 90000
10501354.0423469 5.05675790816327 90000
11292605.980102 5.35452278380102 90000
12140880.1163265 5.35452278380102 90000
13050271.7295918 5.63381534757653 90000
14025197.3908163 5.63381534757653 90000
15070370.9862245 5.82439286033163 90000
16190856.4668367 5.82439286033163 90000
17392082.2346939 5.86278609693878 90000
18679865.119898 5.86278609693878 90000
20060443.9484694 5.70471745535714 90000
21540503.5193878 5.70471745535714 90000
23127208.172449 5.70471745535714 90000
24828249.7423469 5.70471745535714 90000
0 96162.7447481633 hpsmc
8124.10775510204 96162.7447481633 hpsmc
16856.3853061225 96162.7447481633 hpsmc
26243.4481632653 96162.7447481633 hpsmc
36334.08 341.099370176871 hpsmc
47181.4008163265 341.099370176871 hpsmc
58840.6987755102 46.9360754013605 hpsmc
71373.7665306122 46.9360754013605 hpsmc
84846.7330612245 17.693619292517 hpsmc
99328.9795918367 17.693619292517 hpsmc
114896.391836735 7.64200084353741 hpsmc
131630.275918367 7.64200084353741 hpsmc
149618.44244898 4.43509540136054 hpsmc
168955.206530612 4.43509540136054 hpsmc
189740.303673469 3.2813231292517 hpsmc
212083.226122449 3.2813231292517 hpsmc
236099.970612245 2.68994304761905 hpsmc
261917.374693878 2.68994304761905 hpsmc
289668.780408163 2.26003466666667 hpsmc
319499.454693877 2.26003466666667 hpsmc
351566.589387755 1.89984854421769 hpsmc
386036.048979592 1.89984854421769 hpsmc
423088.875102041 1.60397556462585 hpsmc
462919.118367347 1.60397556462585 hpsmc
505732.754285714 1.37674979591837 hpsmc
551755.271836735 1.37674979591837 hpsmc
601227.337142857 1.21471346938776 hpsmc
654405.87755102 1.21471346938776 hpsmc
711570.586122449 1.10902680272109 hpsmc
773018.50122449 1.10902680272109 hpsmc
839071.595102041 1.05101036734694 hpsmc
910073.521632653 1.05101036734694 hpsmc
986397.204897959 1.03460234013605 hpsmc
1068440.50285714 1.03460234013605 hpsmc
1156631.6277551 1.0564262585034 hpsmc
1251431.31428571 1.0564262585034 hpsmc
1353336.07183673 1.11603493877551 hpsmc
1462876.01632653 1.11603493877551 hpsmc
1580625.71102041 1.21746206802721 hpsmc
1707199.83020408 1.21746206802721 hpsmc
1843258.57959184 1.37156427210884 hpsmc
1989513.11673469 1.37156427210884 hpsmc
2146727.71918367 1.59826832653061 hpsmc
2315724.12081633 1.59826832653061 hpsmc
2497384.76408163 1.92806628571429 hpsmc
2692659.3044898 1.92806628571429 hpsmc
2902566.77877551 2.40171961904762 hpsmc
3128204.27755102 2.40171961904762 hpsmc
3370751.28163265 3.06539213605442 hpsmc
3631473.99836735 3.06539213605442 hpsmc
3911735.11836735 3.95621589115646 hpsmc
4212998.15183673 3.95621589115646 hpsmc
4536837.18530612 5.06791902040816 hpsmc
4884945.55428571 5.06791902040816 hpsmc
5259139.0955102 6.54987216326531 hpsmc
5661374.57632653 6.54987216326531 hpsmc
6093752.94693878 6.54987216326531 hpsmc
6558533.43346939 6.54987216326531 hpsmc
