0 10430795.4545264 100000
33546.9269387755 10430795.4545264 100000
69513.9520408163 10430795.4545264 100000
108082.234285714 10430795.4545264 100000
149437.577755102 235104.976125402 100000
193775.076734694 235104.976125402 100000
241317.696122449 3262.73047333163 100000
292288.400816326 3262.73047333163 100000
346947.316530612 358.581168137755 100000
405549.923877551 358.581168137755 100000
468384.219183673 81.3626396173469 100000
535756.779183673 81.3626396173469 100000
607997.406122449 31.6438963737245 100000
685449.83755102 31.6438963737245 100000
768499.616938776 17.0400729719388 100000
857550.868163265 17.0400729719388 100000
953026.295510204 11.1751671352041 100000
1055399.69938776 11.1751671352041 100000
1165168.10571429 8.43299888647959 100000
1282865.70122449 8.43299888647959 100000
1409059.18836735 6.87130590306122 100000
1544366.36571429 6.87130590306122 100000
1689446.8377551 5.85081569387755 100000
1845002.01489796 5.85081569387755 100000
2011798.33897959 5.18653707015306 100000
2190634.76755102 5.18653707015306 100000
2382389.22489796 4.76923271556122 100000
2587990.73142857 4.76923271556122 100000
2808437.98408163 4.51411984056122 100000
3044808.64653061 4.51411984056122 100000
3298250.05897959 4.36293144642857 100000
3569997.81857143 4.36293144642857 100000
3861366.48918367 4.27477128061224 100000
4173777.47204082 4.27477128061224 100000
4508754.36061224 4.23514275382653 100000
4867918.2955102 4.23514275382653 100000
5253025.12530612 4.25348122959184 100000
5665942.18102041 4.25348122959184 100000
6108680.79183673 4.34024786479592 100000
6583396.28510204 4.34024786479592 100000
7092392.63142857 4.49344913647959 100000
7638145.67020408 4.49344913647959 100000
8223317.04489796 4.6996723125 100000
8850749.55795918 4.6996723125 100000
9523490.39632653 4.94579497959184 100000
10244819.0020408 4.94579497959184 100000
11018242.4271429 5.24350731122449 100000
11847523.2042857 5.24350731122449 100000
12736693.2820408 5.61394452168367 100000
13690077.2504082 5.61394452168367 100000
14712315.5663265 6.01482650510204 100000
15808378.4889796 6.01482650510204 100000
16983598.5955102 6.33854173086735 100000
18243689.3614286 6.33854173086735 100000
19594786.9665306 6.57891608418367 100000
21043459.585102 6.57891608418367 100000
22596758.4820408 6.57891608418367 100000
24262231.9481633 6.57891608418367 100000
0 2665927.61369497 10000
31501.6780612245 2665927.61369497 10000
65295.1734693878 2665927.61369497 10000
101553.453571429 2665927.61369497 10000
140453.809897959 241.183137122236 10000
182186.506530612 241.183137122236 10000
226959.104285714 111.577127535714 10000
274996.460714286 111.577127535714 10000
326527.75755102 61.2149548335459 10000
381816.77 61.2149548335459 10000
441135.921632653 30.8757524744898 10000
504770.608571428 30.8757524744898 10000
573045.144591837 20.6216445639881 10000
646292.491836735 20.6216445639881 10000
724875.881734694 15.1453722378827 10000
809180.166632653 15.1453722378827 10000
899629.116530612 10.9950657916667 10000
996668.122346939 10.9950657916667 10000
1100777.16846939 8.26665003316326 10000
1212466.50857143 8.26665003316326 10000
1332293.96234694 6.67166587648809 10000
1460851.94295918 6.67166587648809 10000
1598776.10540816 5.72471469557823 10000
1746745.34653061 5.72471469557823 10000
1905494.77755102 5.11925691156462 10000
2075807.07571429 5.11925691156462 10000
2258529.78102041 4.71691864689626 10000
2454557.9994898 4.71691864689626 10000
2664873.32081633 4.44934176466837 10000
2890504.90071429 4.44934176466837 10000
3132577.02693877 4.27245562627551 10000
3392283.17418367 4.27245562627551 10000
3670907.625 4.15885571768707 10000
3969829.79397959 4.15885571768707 10000
4290528.55193877 4.09775860586735 10000
4634590.87428571 4.09775860586735 10000
5003716.16520408 4.09402899744898 10000
5399729.23020408 4.09402899744898 10000
5824593.24867347 4.15197305867347 10000
6280409.77387755 4.15197305867347 10000
6769431.7055102 4.26741074532313 10000
7294076.2622449 4.26741074532313 10000
7856942.27846939 4.43311706717687 10000
8460810.20428571 4.43311706717687 10000
9108672.37479592 4.65444320153061 10000
9803728.68591836 4.65444320153061 10000
10549416.8636735 4.96023505697279 10000
11349429.7609184 4.96023505697279 10000
12207724.0057143 5.38009527423469 10000
13128541.6222449 5.38009527423469 10000
14116440.300102 5.88907871875 10000
15176306.3668367 5.88907871875 10000
16313385.0572449 6.41609761267007 10000
17533293.4859184 6.41609761267007 10000
18842076.8616326 7.19041476913265 10000
20246195.5147959 7.19041476913265 10000
21752607.0569388 7.19041476913265 10000
23368762.0565306 7.19041476913265 10000
0 7900655.22395326 110000
33711.7426530612 7900655.22395326 110000
69856.821122449 7900655.22395326 110000
108608.044285714 7900655.22395326 110000
150161.573571429 77688.510841808 110000
194713.570408163 77688.510841808 110000
242478.878265306 2077.01640443112 110000
293691.022653061 2077.01640443112 110000
348602.211122449 260.576511762117 110000
407473.992244898 260.576511762117 110000
470595.937653061 63.4077319815051 110000
538276.301020408 63.4077319815051 110000
610842.018061224 26.2098037493622 110000
688643.377040816 26.2098037493622 110000
772058.689285714 15.8901849604592 110000
861498.959693877 15.8901849604592 110000
957393.875204082 11.4885793813775 110000
1060210.48683673 11.4885793813775 110000
1170448.53918367 8.86196228443877 110000
1288640.47040816 8.86196228443877 110000
1415365.42377551 7.12247941007653 110000
1551239.90663265 7.12247941007653 110000
1696917.79040816 5.97796115433673 110000
1853113.66316326 5.97796115433673 110000
2020579.47704082 5.24425319196428 110000
2200137.24183673 5.24425319196428 110000
2392655.67244898 4.78898547959184 110000
2599068.87091837 4.78898547959184 110000
2820380.99693878 4.50332539923469 110000
3057666.26785714 4.50332539923469 110000
3312078.29969388 4.32534003954082 110000
3584854.77765306 4.32534003954082 110000
3877317.45612245 4.23778743367347 110000
4190895.51122449 4.23778743367347 110000
4527102.18826531 4.23295150956633 110000
4887581.50683673 4.23295150956633 110000
5274075.5672449 4.29035013392857 110000
5688466.58510204 4.29035013392857 110000
6132772.22081633 4.3930624375 110000
6609145.57959184 4.3930624375 110000
7119903.23448979 4.53944401147959 110000
7667525.22642857 4.53944401147959 110000
8254678.41673469 4.72938782334184 110000
8884211.81663265 4.72938782334184 110000
9559179.93979592 4.95391287117347 110000
10282870.8254082 4.95391287117347 110000
11058796.6971429 5.20422302742347 110000
11890731.3272449 5.20422302742347 110000
12782710.0365306 5.49911709566327 110000
13739076.3994898 5.49911709566327 110000
14764468.2327551 5.8676300809949 110000
15863873.6412245 5.8676300809949 110000
17042635.6885714 6.23329210905612 110000
18306480.4203061 6.23329210905612 110000
19661549.5573469 6.31367353571429 110000
21114423.8485714 6.31367353571429 110000
22672169.7759184 6.31367353571429 110000
24342348.8954082 6.31367353571429 110000
0 161539.034242899 120000
34674.8960204082 161539.034242899 120000
71827.6114285714 161539.034242899 120000
111633.051122449 161539.034242899 120000
154275.836938775 5029.66429775893 120000
199964.883061225 5029.66429775893 120000
248918.820612245 731.946419967474 120000
301361.139183673 731.946419967474 120000
357544.479183674 194.986996544643 120000
417740.914897959 194.986996544643 120000
482237.096020408 75.0605381772959 120000
551334.247653061 75.0605381772959 120000
625362.745714286 33.673889377551 120000
704672.4 33.673889377551 120000
789647.029591837 18.3750753660714 120000
880685.028979592 18.3750753660714 120000
978218.801938775 12.0175454923469 120000
1082714.76153061 12.0175454923469 120000
1194673.33010204 8.93501873660714 120000
1314619.22234694 8.93501873660714 120000
1443125.73765306 7.18818643367347 120000
1580805.04316327 7.18818643367347 120000
1728313.0322449 6.06388600829082 120000
1886349.3244898 6.06388600829082 120000
2055662.12418367 5.32137018048469 120000
2237062.79571429 5.32137018048469 120000
2431406.42969388 4.82554313584184 120000
2639625.8522449 4.82554313584184 120000
2862702.47418367 4.49964105803571 120000
3101705.15877551 4.49964105803571 120000
3357765.92938775 4.30353096556123 120000
3632104.26183673 4.30353096556123 120000
3926017.36744898 4.20548098022959 120000
4240914.20234694 4.20548098022959 120000
4578286.31663265 4.18702891836735 120000
4939737.00520408 4.18702891836735 120000
5326986.16622449 4.23072477742347 120000
5741875.15959184 4.23072477742347 120000
6186371.66540816 4.32148705867347 120000
6662598.83479592 4.32148705867347 120000
7172820.7144898 4.46398191709184 120000
7719451.96377551 4.46398191709184 120000
8305101.58071429 4.67087173852041 120000
8932553.46826531 4.67087173852041 120000
9604785.86816327 4.92943340625 120000
10325000.5117347 4.92943340625 120000
11096622.619898 5.19746908928571 120000
11923315.4785714 5.19746908928571 120000
12809014.4479592 5.4334186307398 120000
13757931.8210204 5.4334186307398 120000
14774571.3988775 5.61945752104592 120000
15863781.9339796 5.61945752104592 120000
17030727.9792857 5.77444269451531 120000
18280967.6237755 5.77444269451531 120000
19620437.9170408 5.96883207908163 120000
21055518.0293878 5.96883207908163 120000
22593024.3933674 5.96883207908163 120000
24240269.0054082 5.96883207908163 120000
0 7141145.48974071 130000
34434.9642857143 7141145.48974071 130000
71350.7785714286 7141145.48974071 130000
110919.857142857 7141145.48974071 130000
153328.982142857 14226.8404364732 130000
198793.671428571 14226.8404364732 130000
247524.653571428 550.448331964286 130000
299761.392857143 550.448331964286 130000
355752.932142857 188.044249352679 130000
415767.471428571 188.044249352679 130000
480101.946428571 73.0971716517857 130000
549058.082142857 73.0971716517857 130000
622975.917857143 33.0736796651786 130000
702209.860714286 33.0736796651786 130000
787138.264285714 17.9850749330357 130000
878173.007142857 17.9850749330357 130000
975754.703571428 11.4462531696429 130000
1080352.70357143 11.4462531696429 130000
1192474.67142857 8.51054075892857 130000
1312657.00714286 8.51054075892857 130000
1441479.21428571 7.00095790178571 130000
1579563.9 7.00095790178571 130000
1727581.56428571 6.07888071428571 130000
1886236.23214286 6.07888071428571 130000
2056303.76785714 5.44505866071428 130000
2238598.35 5.44505866071428 130000
2434001.20714286 4.974271875 130000
2643455.82857143 4.974271875 130000
2867967.96428571 4.61581379464286 130000
3108624.78214286 4.61581379464286 130000
3366590.07857143 4.36336854910714 130000
3643099.48928571 4.36336854910714 130000
3939494.01428571 4.22742267857143 130000
4257196.07142857 4.22742267857143 130000
4597747.81071429 4.20150066964286 130000
4962782.37857143 4.20150066964286 130000
5354067.02142857 4.25620828125 130000
5773483.92857143 4.25620828125 130000
6223063.75714286 4.37058241071428 130000
6704966.475 4.37058241071428 130000
7221519.675 4.54198895089286 130000
7775218.575 4.54198895089286 130000
8368730.80714286 4.76625723214286 130000
9004915.575 4.76625723214286 130000
9686847.6 5.03052602678571 130000
10417817.1214286 5.03052602678571 130000
11201339.475 5.333548125 130000
12041207.775 5.333548125 130000
12941464.1785714 5.68468258928571 130000
13906447.7785714 5.68468258928571 130000
14940823.3392857 6.05670033482143 130000
16049576.5071429 6.05670033482143 130000
17238052.125 6.36166808035714 130000
18511982.9678571 6.36166808035714 130000
19877518.4785714 6.47104339285714 130000
21341239.1357143 6.47104339285714 130000
22910209.1357143 6.47104339285714 130000
24591995.55 6.47104339285714 130000
0 13728791.5843119 140000
34980.6120408163 13728791.5843119 140000
72447.9042857143 13728791.5843119 140000
112583.709081633 13728791.5843119 140000
155574.773163265 2619304.68102519 140000
201627.500816327 2619304.68102519 140000
250958.125102041 9433.11943182929 140000
303797.622244898 9433.11943182929 140000
360401.540408163 500.087463184099 140000
421030.342142857 500.087463184099 140000
485978.890714286 109.352775566964 140000
555546.96377551 109.352775566964 140000
630068.739693878 38.7475312083333 140000
709893.14 38.7475312083333 140000
795398.57255102 18.5254910860969 140000
886988.017142857 18.5254910860969 140000
985103.768673469 11.3579384517432 140000
1090197.95081633 11.3579384517432 140000
1202771.83112245 8.42031197959184 140000
1323361.07785714 8.42031197959184 140000
1452530.84561225 6.95184172682823 140000
1590895.43285714 6.95184172682823 140000
1739108.45316327 6.06043321789966 140000
1897867.74959184 6.06043321789966 140000
2067930.13785714 5.42369237776361 140000
2250096.66316327 5.42369237776361 140000
2445232.2577551 4.93136286947279 140000
2654250.9977551 4.93136286947279 140000
2878150.50387755 4.5729913807398 140000
3117987.3694898 4.5729913807398 140000
3374891.90377551 4.34211753932823 140000
3650087.78928571 4.34211753932823 140000
3944862.59561224 4.20794451530612 140000
4260621.83765306 4.20794451530612 140000
4598859.48928571 4.14880804931973 140000
4961167.81214286 4.14880804931973 140000
5349266.84193878 4.17060540667517 140000
5764984.73091837 4.17060540667517 140000
6210297.06295918 4.27767762988945 140000
6687302.28163265 4.27767762988945 140000
7198256.09091837 4.45933592559524 140000
7745581.28397959 4.45933592559524 140000
8331862.82877551 4.70924278125 140000
8959872.44 4.70924278125 140000
9632583.3222449 5.01825538796769 140000
10353175.0843878 5.01825538796769 140000
11125053.3971429 5.33521292155612 140000
11951874.565 5.33521292155612 140000
12837545.5262245 5.59357661947279 140000
13786253.3391837 5.59357661947279 140000
14802489.7542857 5.78948663966837 140000
15891056.1283673 5.78948663966837 140000
17057102.7397959 5.95927873660714 140000
18306143.5316327 5.95927873660714 140000
19644090.5123469 6.18556581611395 140000
21077263.5845918 6.18556581611395 140000
22612444.6034694 6.18556581611395 140000
24256897.0340816 6.18556581611395 140000
0 5026717.38506216 150000
35059.4201020408 5026717.38506216 150000
72624.1371428571 5026717.38506216 150000
112870.995612245 5026717.38506216 150000
155986.664693878 41075.7127916786 150000
202182.375306122 41075.7127916786 150000
251674.270714286 5198.10071871811 150000
304698.143571429 5198.10071871811 150000
361509.435918367 779.334324164541 150000
422373.414489796 779.334324164541 150000
487579.907755102 125.986061341837 150000
557443.305918367 125.986061341837 150000
632287.823877551 36.9051935280612 150000
712481.887653061 36.9051935280612 150000
798393.923265306 18.3813267971939 150000
890441.480204082 18.3813267971939 150000
989056.845 11.9541348711735 150000
1094711.60295918 11.9541348711735 150000
1207906.81346939 8.78282602806122 150000
1329177.92234694 8.78282602806122 150000
1459109.49887755 7.02303914158163 150000
1598315.58642857 7.02303914158163 150000
1747454.4394898 6.02503445663265 150000
1907238.34836735 6.02503445663265 150000
2078428.72683673 5.38520126785714 150000
2261836.11214286 5.38520126785714 150000
2458329.98969388 4.92585589285714 150000
2668853.53010204 4.92585589285714 150000
2894403.93979592 4.5997886307398 150000
3136047.19806122 4.5997886307398 150000
3394942.61877551 4.38263219387755 150000
3672313.37632653 4.38263219387755 150000
3969485.80438775 4.25344770344388 150000
4287864.83418367 4.25344770344388 150000
4628968.38091837 4.20461078762755 150000
4994417.51908163 4.20461078762755 150000
5385951.2194898 4.23895627997449 150000
5805426.34928571 4.23895627997449 150000
6254847.14602041 4.36281906122449 150000
6736340.65591837 4.36281906122449 150000
7252200.945 4.57155286989796 150000
7804884.18673469 4.57155286989796 150000
8397008.66204082 4.83136485267857 150000
9031398.97040816 4.83136485267857 150000
9711071.29285714 5.07932579846939 150000
10439248.1289796 5.07932579846939 150000
11219402.5080612 5.26324202104592 150000
12055238.3396939 5.26324202104592 150000
12950729.712551 5.36142755548469 150000
13910135.6314286 5.36142755548469 150000
14938019.6666327 5.35519501530612 150000
16039269.6033673 5.35519501530612 150000
17219117.0911224 5.23420800382653 150000
18483176.942449 5.23420800382653 150000
19837456.9576531 5.07291927933673 150000
21288402.1359184 5.07291927933673 150000
22842899.5876531 5.07291927933673 150000
24508352.2196939 5.07291927933673 150000
0 10332502.5356768 160000
35362.2114285714 10332502.5356768 160000
73247.8163265306 10332502.5356768 160000
113835.286530612 10332502.5356768 160000
157317.966530612 17454.4746467194 160000
203899.115918367 17454.4746467194 160000
253806.782040816 2801.87692640306 160000
307273.969795918 2801.87692640306 160000
364553.514285714 408.670265061225 160000
425918.080816327 408.670265061225 160000
491660.164897959 90.4809969778912 160000
562092.092244898 90.4809969778912 160000
637550.976326531 37.6704988248299 160000
718388.803265306 37.6704988248299 160000
804992.262040816 20.2640311088435 160000
897772.829387755 20.2640311088435 160000
997176.684897959 12.7978043486395 160000
1103664.88081633 12.7978043486395 160000
1217753.00244898 9.1388941462585 160000
1339976.46530612 9.1388941462585 160000
1470920.26040816 7.11817569387755 160000
1611204.08163265 7.11817569387755 160000
1761492.24081633 5.9250377585034 160000
1922503.58285714 5.9250377585034 160000
2094996.61306122 5.2218091462585 160000
2279794.28489796 5.2218091462585 160000
2477774.08489796 4.80652129421769 160000
2689877.9477551 4.80652129421769 160000
2917112.25632653 4.55278763605442 160000
3160547.84163265 4.55278763605442 160000
3421354.68571429 4.39986784353742 160000
3700762.26122449 4.39986784353742 160000
4000099.19183674 4.3198343792517 160000
4320788.29469388 4.3198343792517 160000
4664351.53795918 4.29491235714286 160000
5032424.91346939 4.29491235714286 160000
5426748.52163265 4.32047472959184 160000
5849201.27428571 4.32047472959184 160000
6301786.02204082 4.40258416836735 160000
6786659.29959184 4.40258416836735 160000
7306111.4955102 4.54823288605442 160000
7862621.38530612 4.54823288605442 160000
8458821.42857143 4.7595794829932 160000
9097552.30204082 4.7595794829932 160000
9781843.06938776 5.03257529251701 160000
10514945.8840816 5.03257529251701 160000
11300340.9469388 5.34597514285714 160000
12141756.3363265 5.34597514285714 160000
13043187.8383673 5.62919590136054 160000
14008923.7346939 5.62919590136054 160000
15043539.844898 5.77484461904762 160000
16151959.0171429 5.77484461904762 160000
17339441.2130612 5.7305674914966 160000
18611628.1257143 5.7305674914966 160000
19974558.0522449 5.48067593537415 160000
21434705.5542857 5.48067593537415 160000
22999006.2457143 5.48067593537415 160000
24674891.4955102 5.48067593537415 160000
0 17765226.7681494 170000
35996.0951020408 17765226.7681494 170000
74543.3746938776 17765226.7681494 170000
115819.710204082 17765226.7681494 170000
160023.30122449 10582504.7229652 170000
207352.347346939 10582504.7229652 170000
258035.540408163 25423.9618543155 170000
312311.736326531 25423.9618543155 170000
370429.955102041 632.413150703231 170000
432664.626938775 632.413150703231 170000
499310.510204082 94.6751276692177 170000
570672.527346939 94.6751276692177 170000
647091.175102041 37.4518774566327 170000
728922.196326531 37.4518774566327 170000
816551.826122449 21.2640846071429 170000
910386.627755102 21.2640846071429 170000
1010863.65673469 13.578747207483 170000
1118465.70693878 13.578747207483 170000
1233685.73632653 9.47539098894558 170000
1357062.44122449 9.47539098894558 170000
1489185.33836735 7.32166444132653 170000
1630664.27265306 7.32166444132653 170000
1782164.99142857 6.09458451105442 170000
1944393.89836735 6.09458451105442 170000
2118113.29959184 5.31517943877551 170000
2304141.40367347 5.31517943877551 170000
2503347.23959184 4.79667363690476 170000
2716655.73877551 4.79667363690476 170000
2945078.22734694 4.47702385714286 170000
3189681.93387755 4.47702385714286 170000
3451610.31755102 4.32384267687075 170000
3732088.15020408 4.32384267687075 170000
4032436.76244898 4.28754843537415 170000
4354058.79755102 4.28754843537415 170000
4698463.62163265 4.31924766496599 170000
5067257.15959184 4.31924766496599 170000
5462177.46938775 4.3930854829932 170000
5885069.33183673 4.3930854829932 170000
6337919.82489796 4.50015773044218 170000
6822837.9955102 4.50015773044218 170000
7342110.76204082 4.63475769897959 170000
7898162.25795918 4.63475769897959 170000
8493599.57020408 4.78509081887755 170000
9131212.73918367 4.78509081887755 170000
9813990.00489796 4.93525453741497 170000
10545127.9710204 4.93525453741497 170000
11328051.9330612 5.08648760204082 170000
12166436.2065306 5.08648760204082 170000
13064199.044898 5.26655066071429 170000
14025558.5420408 5.26655066071429 170000
15055007.2220408 5.51568712414966 170000
16157378.1057143 5.51568712414966 170000
17337829.4644898 5.8866443409864 170000
18601895.6408163 5.8866443409864 170000
19955497.2122449 6.53978187414966 170000
21404976.5657143 6.53978187414966 170000
22957123.3077551 6.53978187414966 170000
24619209.8387755 6.53978187414966 170000
0 17930497.7534093 180000
36065.5708163265 17930497.7534093 180000
74686.1679591837 17930497.7534093 180000
116039.930714286 17930497.7534093 180000
160325.357142857 15657533.3136893 180000
207751.124693878 15657533.3136893 180000
258536.090204082 87282.8225201054 180000
312919.469285714 87282.8225201054 180000
371155.746632653 1387.36921135013 180000
433519.765714286 1387.36921135013 180000
500301.639081633 145.910442781675 180000
571816.927755102 145.910442781675 180000
648396.461836735 43.228668133716 180000
730406.699285714 43.228668133716 180000
818224.27744898 20.6952042755102 180000
912266.55122449 20.6952042755102 180000
1012971.23428571 12.6532122572279 180000
1120811.66816327 12.6532122572279 180000
1236291.73255102 9.13623378784014 180000
1359956.02469388 9.13623378784014 180000
1492384.76969388 7.32215025106293 180000
1634193.8205102 7.32215025106293 180000
1786055.01673469 6.19240786670918 180000
1948670.73612245 6.19240786670918 180000
2122814.61214286 5.38703803528912 180000
2309295.90612245 5.38703803528912 180000
2508990.04540816 4.83598324128401 180000
2722833.53367347 4.83598324128401 180000
2951829.04061224 4.50658461564626 180000
3197050.49163265 4.50658461564626 180000
3459653.2472449 4.3414876704932 180000
3740858.83397959 4.3414876704932 180000
4041990.5722449 4.28498146492347 180000
4364458.3072449 4.28498146492347 180000
4709773.67806122 4.29350670216837 180000
5079560.29704082 4.29350670216837 180000
5475548.66010204 4.3487298807398 180000
5899596.5055102 4.3487298807398 180000
6353688.81387755 4.45276110289116 180000
6839958.16693878 4.45276110289116 180000
7360684.74755102 4.6058336462585 180000
7918306.51908163 4.6058336462585 180000
8515439.58418367 4.80391816985544 180000
9154888.36418367 4.80391816985544 180000
9839640.50938775 5.05371610395408 180000
10572917.7960204 5.05371610395408 180000
11358145.5880612 5.37292473830782 180000
12199019.0032653 5.37292473830782 180000
13099472.375 5.75307185331633 180000
14063730.1491837 5.75307185331633 180000
15096311.9739796 6.13234947895408 180000
16202063.2379592 6.13234947895408 180000
17386160.1597959 6.42191064647109 180000
18654160.6852041 6.42191064647109 180000
20012009.5766327 6.54013999383503 180000
21466068.9514286 6.54013999383503 180000
23023158.9993878 6.54013999383503 180000
24690583.4312245 6.54013999383503 180000
0 8207242.06000007 190000
36416.4081632653 8207242.06000007 190000
75417.1071428571 8207242.06000007 190000
117181.918367347 8207242.06000007 190000
161906.076530612 1254.59195057398 190000
209805.367346939 1254.59195057398 190000
261095.576530612 835.469238392857 190000
316018.178571429 835.469238392857 190000
374840.336734694 668.602723533163 190000
437829.214285714 668.602723533163 190000
505282.801020408 203.660804910714 190000
577514.5 203.660804910714 190000
654873.678571428 55.7783807823129 190000
737709.704081633 55.7783807823129 190000
826423.321428571 22.4935949085884 190000
921420.413265306 22.4935949085884 190000
1023153.10204082 12.8761883184524 190000
1132099.19897959 12.8761883184524 190000
1248762.20408163 9.08174210246598 190000
1373702.13265306 9.08174210246598 190000
1507494.41326531 7.19614316539116 190000
1650770.98979592 7.19614316539116 190000
1804199.77040816 6.08935297619047 190000
1968510.31632653 6.08935297619047 190000
2144463.01530612 5.3971475127551 190000
2332890.18367347 5.3971475127551 190000
2534675.51530612 4.94613824404762 190000
2750759.21938775 4.94613824404762 190000
2982163.70918367 4.64100910926871 190000
3229973.05102041 4.64100910926871 190000
3495343.23979592 4.43802496811225 190000
3779527.8877551 4.43802496811225 190000
4083857.67346939 4.32374202806122 190000
4409755.75510204 4.32374202806122 190000
4758758.32142857 4.28681441326531 190000
5132494.04081633 4.28681441326531 190000
5532730.30102041 4.31242826318027 190000
5961332.10714286 4.31242826318027 190000
6420313.45918367 4.39886028911565 190000
6911832.21428571 4.39886028911565 190000
7438190.08673469 4.56099927721088 190000
8001858.33673469 4.56099927721088 190000
8605482.90816326 4.81920358205782 190000
9251894.70408163 4.81920358205782 190000
9944125 5.17006944090136 190000
10685425.994898 5.17006944090136 190000
11479270.8112245 5.54711644345238 190000
12329389.4591837 5.54711644345238 190000
13239768.8367347 5.83113796768707 190000
14214678.4183673 5.83113796768707 190000
15258690.8061224 5.93957671130952 190000
16376712.5561224 5.93957671130952 190000
17573979.0408163 5.87373852040816 190000
18856116.1020408 5.87373852040816 190000
20229140.0510204 5.51780983205782 190000
21699483.3571429 5.51780983205782 190000
23274051.1632653 5.51780983205782 190000
24960236.6989796 5.51780983205782 190000
0 10557087.4805259 200000
36319.0408163265 10557087.4805259 200000
75227.9204081633 10557087.4805259 200000
116895.208163265 10557087.4805259 200000
161530.33877551 60845.6384034651 200000
209337.63877551 60845.6384034651 200000
260541.867346939 2717.18757374575 200000
315388.216326531 2717.18757374575 200000
374137.202040816 568.428118039966 200000
437064.665306122 568.428118039966 200000
504461.771428571 167.436897317177 200000
576650.334693877 167.436897317177 200000
653977.710204082 53.4369109566327 200000
736801.469387755 53.4369109566327 200000
825509.832653061 22.3625065008503 200000
920531.885714286 22.3625065008503 200000
1022306.93061224 12.9328158290816 200000
1131320.24285714 12.9328158290816 200000
1248082.63877551 9.11421902210884 200000
1373145.8 9.11421902210884 200000
1507107.38163265 7.1875369005102 200000
1650590.57959184 7.1875369005102 200000
1804279.8877551 6.09508169217687 200000
1968890.44897959 6.09508169217687 200000
2145208.92040816 5.40796988095238 200000
2334067.93265306 5.40796988095238 200000
2536351.19795918 4.94736254251701 200000
2753019.05102041 4.94736254251701 200000
2985098.23265306 4.63675428996599 200000
3233671.67346939 4.63675428996599 200000
3499924.46734694 4.44995514455782 200000
3785108.11428571 4.44995514455782 200000
4090566.06122449 4.35736968537415 200000
4417749.02653061 4.35736968537415 200000
4768194.56734694 4.32141034438775 200000
5143557.72857143 4.32141034438775 200000
5545611.04285714 4.34021477040816 200000
5976254.74693877 4.34021477040816 200000
6437516.78163265 4.44247381377551 200000
6931573.2244898 4.44247381377551 200000
7460763.61428571 4.65135512329932 200000
8027585.84285714 4.65135512329932 200000
8634706.37142857 4.96014359268707 200000
9284995.9877551 4.96014359268707 200000
9981524.69795918 5.30982929421769 200000
10727582.1591837 5.30982929421769 200000
11526687.8959184 5.61206228741497 200000
12382611.7326531 5.61206228741497 200000
13299399.3346939 5.83139404761905 200000
14281372.2081633 5.83139404761905 200000
15333168.5653061 6.0283030994898 200000
16459753.5408163 6.0283030994898 200000
17666444.7326531 6.27953959608844 200000
18958932.6346939 6.27953959608844 200000
20343326.6102041 6.57889924744898 200000
21826160 6.57889924744898 200000
23414425.8795918 6.57889924744898 200000
25115628.1408163 6.57889924744898 200000
0 205.990763298257 20000
31699.7785714286 205.990763298257 20000
65703.0918367347 205.990763298257 20000
102180.087244898 205.990763298257 20000
141300.912244898 164.996889375 20000
183270.616326531 164.996889375 20000
228285.523469388 299.854721281888 20000
276576.859693878 299.854721281888 20000
328371.488265306 99.1398922629677 20000
383931.174489796 99.1398922629677 20000
443530.771938775 42.035127230017 20000
507458.22244898 42.035127230017 20000
576027.644387755 21.6157427848639 20000
649583.695408163 21.6157427848639 20000
728484.121428571 13.4033198480017 20000
813117.207653061 13.4033198480017 20000
903897.415816326 10.0008435002126 20000
1001278.47244898 10.0008435002126 20000
1105731.55510204 8.25456896896258 20000
1217775.83163265 8.25456896896258 20000
1337961.00918367 6.98193512755102 20000
1466880.42244898 6.98193512755102 20000
1605166.67091837 5.9534156122449 20000
1753500.34438775 5.9534156122449 20000
1912610.02295918 5.21859131696429 20000
2083281.00255102 5.21859131696429 20000
2266355.29489796 4.73959716305272 20000
2462731.62755102 4.73959716305272 20000
2673378.53214286 4.42356100127551 20000
2899329.98163265 4.42356100127551 20000
3141698.47857143 4.20300555272109 20000
3401675.05510204 4.20300555272109 20000
3680546.72397959 4.05418106930272 20000
3979679.02755102 4.05418106930272 20000
4300546.57704082 3.98288637967687 20000
4644733.05255102 3.98288637967687 20000
5013922.47755102 3.99979205569728 20000
5409938.48367347 3.99979205569728 20000
5834731.22244898 4.10306210459184 20000
6290390.45357143 4.10306210459184 20000
6779158.63316326 4.28113522534014 20000
7303439.63928571 4.28113522534014 20000
7865816.22295918 4.52998495854592 20000
8469054.37091837 4.52998495854592 20000
9116129.48214286 4.8637539019983 20000
9810217.64234694 4.8637539019983 20000
10554739.2515306 5.28636853528911 20000
11353354.6612245 5.28636853528911 20000
12210003.4392857 5.72038995535714 20000
13128895.6443878 5.72038995535714 20000
14114559.8163265 6.00353276147959 20000
15171838.6132653 6.00353276147959 20000
16305941.1647959 6.01611203869048 20000
17522447.4346939 6.01611203869048 20000
18827351.8484694 5.63981532206633 20000
20227067.6561224 5.63981532206633 20000
21728488.0107143 5.63981532206633 20000
23339007.7821429 5.63981532206633 20000
0 13076065.7982532 210000
36568.2218367347 13076065.7982532 210000
75716.9983673469 13076065.7982532 210000
117627.693877551 13076065.7982532 210000
162502.4 3261480.88376176 210000
210538.026530612 3261480.88376176 210000
261962.574285714 33788.3466809213 210000
317019.589591837 33788.3466809213 210000
375957.800612245 1862.00842633206 210000
439057.026530612 1862.00842633206 210000
506612.632040816 226.126394842687 210000
578935.527346939 226.126394842687 210000
656357.35 55.5317471194728 210000
739246.010408163 55.5317471194728 210000
827984.964489796 23.5719054187925 210000
922983.577346939 23.5719054187925 210000
1024687.48693878 13.5991691445578 210000
1133568.24040816 13.5991691445578 210000
1250133.6577551 9.37734323341837 210000
1374927.83183673 9.37734323341837 210000
1508525.94653061 7.21132468282313 210000
1651549.8222449 7.21132468282313 210000
1804673.0977551 5.96823443664966 210000
1968595.32102041 5.96823443664966 210000
2144093.76755102 5.24176251743197 210000
2331971.62204082 5.24176251743197 210000
2533109.79673469 4.82326442814626 210000
2748441.0222449 4.82326442814626 210000
2978970.57489796 4.57420160459184 210000
3225765.91306122 4.57420160459184 210000
3489977.4044898 4.42363686096939 210000
3772838.32632653 4.42363686096939 210000
4075659.68326531 4.3478093167517 210000
4399850.93489796 4.3478093167517 210000
4746919.99571428 4.33399108545918 210000
5118483.59877551 4.33399108545918 210000
5516267.29571428 4.37434463903061 210000
5942121.0022449 4.37434463903061 210000
6398029.36183673 4.46553417006803 210000
6886111.74571428 4.46553417006803 210000
7408637.79836735 4.60219431845238 210000
7968042.98306122 4.60219431845238 210000
8566918.21816326 4.7822523494898 210000
9208061.6955102 4.7822523494898 210000
9894452.97122449 5.01525147916667 210000
10629278.874898 5.01525147916667 210000
11415964.6006122 5.30648149914966 210000
12258168.525102 5.30648149914966 210000
13159802.935102 5.63090766071428 210000
14125070.3002041 5.63090766071428 210000
15158458.0910204 5.92308768409864 210000
16264769.8702041 5.92308768409864 210000
17449156.3834694 6.1168451960034 210000
18717125.9232653 6.1168451960034 210000
20074575.4197959 6.13853334183673 210000
21527821.5320408 6.13853334183673 210000
23083626.5569388 6.13853334183673 210000
24749224.3385714 6.13853334183673 210000
0 11997486.1469904 220000
37160.9444897959 11997486.1469904 220000
76952.2412244898 11997486.1469904 220000
119557.647346939 11997486.1469904 220000
165176.670612245 13151904.4485149 220000
214029.819591837 13151904.4485149 220000
266337.602857143 170191.213377194 220000
322346.78 170191.213377194 220000
382319.86122449 2623.05675818878 220000
446540.35755102 2623.05675818878 220000
515307.530612245 224.796872494898 220000
588936.392653061 224.796872494898 220000
667783.95755102 58.3428272295918 220000
752207.239183673 58.3428272295918 220000
842605.253061224 25.1807006785714 220000
939403.265714286 25.1807006785714 220000
1043052.79469388 14.0085179651361 220000
1154036.85877551 14.0085179651361 220000
1272875.22816327 9.55287758163265 220000
1400124.4244898 9.55287758163265 220000
1536382.97102041 7.41487416241497 220000
1682286.14244898 7.41487416241497 220000
1838511.21510204 6.12737099064626 220000
2005798.4677551 6.12737099064626 220000
2184924.93061224 5.31883956207483 220000
2376730.63632653 5.31883956207483 220000
2582108.11959184 4.83808493707483 220000
2802023.41795918 4.83808493707483 220000
3037505.57142857 4.55888345918367 220000
3289651.87265306 4.55888345918367 220000
3559643.61755102 4.39824909013605 220000
3848751.3555102 4.39824909013605 220000
4158313.88857143 4.31708968537415 220000
4489790.77346939 4.31708968537415 220000
4844725.57020408 4.30618457397959 220000
5224787.84367347 4.30618457397959 220000
5631746.91265306 4.37454660629252 220000
6067508.60122449 4.37454660629252 220000
6534109.98857143 4.53832015986395 220000
7033740.40979592 4.53832015986395 220000
7568730.9555102 4.79549265646258 220000
8141591.22326531 4.79549265646258 220000
8754993.56693877 5.09743408078231 220000
9411815.09836734 5.09743408078231 220000
10115121.9367347 5.38607498809524 220000
10868205.96 5.38607498809524 220000
11674590.055102 5.68601477210884 220000
12538054.3689796 5.68601477210884 220000
13462631.0583673 6.07968163690476 220000
14452641.0412245 6.07968163690476 220000
15512730.7481633 6.58356997363946 220000
16647845.8714286 6.58356997363946 220000
17863299.617551 7.13597894642857 220000
19164788.4579592 7.13597894642857 220000
20558386.8787755 7.69473191581633 220000
22050620.8836735 7.69473191581633 220000
23648478.4942857 7.69473191581633 220000
25359420.2506122 7.69473191581633 220000
0 14661634.4034709 230000
37502.9857142857 14661634.4034709 230000
77636.7301020408 14661634.4034709 230000
120598.673469388 14661634.4034709 230000
166575.583673469 6826705.81220387 230000
215780.909693878 6826705.81220387 230000
268449.445408163 34784.2766338946 230000
324815.984693878 34784.2766338946 230000
385142.00255102 1419.02471382866 230000
449710.318877551 1419.02471382866 230000
518819.762244898 218.828594257015 230000
592779.833673469 218.828594257015 230000
671942.723979592 61.3769316847364 230000
756665.960204082 61.3769316847364 230000
847344.422959183 24.7946781547619 230000
944394.337755102 24.7946781547619 230000
1048269.28367347 13.7893710554847 230000
1159438.84846939 13.7893710554847 230000
1278420.64591837 9.52133642006803 230000
1405769.64336735 9.52133642006803 230000
1542062.15306122 7.34912618728741 230000
1687938.52193878 7.34912618728741 230000
1844060.44183673 6.06644234268707 230000
2011158.9755102 6.06644234268707 230000
2190002.53928571 5.30915426764456 230000
2381412.91173469 5.30915426764456 230000
2586270.56989796 4.88288998511905 230000
2805530.69795918 4.88288998511905 230000
3040196.50612245 4.64929675807823 230000
3291356.58418367 4.64929675807823 230000
3560168.89285714 4.5138567102466 230000
3847866.1 4.5138567102466 230000
4155787.59795918 4.42682066539116 230000
4485347.48622449 4.42682066539116 230000
4838066.58877551 4.37679356079932 230000
5215577.79030612 4.37679356079932 230000
5619615.36377551 4.38001752976191 230000
6052046.9877551 4.38001752976191 230000
6514873.74642857 4.45980520301871 230000
7010224.79336735 4.45980520301871 230000
7540384.03265306 4.61553402104592 230000
8107806.12755102 4.61553402104592 230000
8715105.82806122 4.81554238520408 230000
9365079.31581633 4.81554238520408 230000
10060736.2214286 5.02683464073129 230000
10805283.6158163 5.02683464073129 230000
11602152.6913265 5.24844359693878 230000
12455025.4428571 5.24844359693878 230000
13367829.3316327 5.51238660076531 230000
14344790.647449 5.51238660076531 230000
15390407.827551 5.86647844706633 230000
16509510.155102 5.86647844706633 230000
17707257.7591837 6.36040160926871 230000
18989178.9683673 6.36040160926871 230000
20361191.6556122 7.1534090369898 230000
21829624.5831633 7.1534090369898 230000
23401260.0923469 7.1534090369898 230000
25083339.4397959 7.1534090369898 230000
0 12549712.2481284 240000
38055.5524489796 12549712.2481284 240000
78770.3168367347 12549712.2481284 240000
122334.625306122 12549712.2481284 240000
168949.686122449 3468569.21688992 240000
218827.583673469 3468569.21688992 240000
272191.278469388 26994.5069267034 240000
329290.921326531 26994.5069267034 240000
390387.539183674 1613.15315458695 240000
455758.473163265 1613.15315458695 240000
525702.816632653 212.168960936437 240000
600546.853265306 212.168960936437 240000
680622.304795918 58.0550875556973 240000
766304.39744898 58.0550875556973 240000
857979.233571429 25.5026151507228 240000
956070.981938776 25.5026151507228 240000
1061025.56357143 14.4885018981718 240000
1173326.96591837 14.4885018981718 240000
1293486.36673469 9.73489998384354 240000
1422053.01020408 9.73489998384354 240000
1559614.20693878 7.38853517559524 240000
1706800.77204082 7.38853517559524 240000
1864292.46316327 6.15510358482143 240000
2032801.66632653 6.15510358482143 240000
2213100.58622449 5.45251740391156 240000
2406021.24622449 5.45251740391156 240000
2612439.17418367 4.99523310140306 240000
2833300.5927551 4.99523310140306 240000
3069616.98132653 4.66837163392857 240000
3322470.51408163 4.66837163392857 240000
3593014.06 4.44542245301871 240000
3882492.93510204 4.44542245301871 240000
4192228.58826531 4.32679341326531 240000
4523640.35346939 4.32679341326531 240000
4878240.01173469 4.30163105080782 240000
5257653.54336735 4.30163105080782 240000
5663615.68989796 4.34794520556973 240000
6097986.26826531 4.34794520556973 240000
6562755.60887755 4.45378347215136 240000
7060044.55561225 4.45378347215136 240000
7592131.65612245 4.61685733312075 240000
8161453.16183673 4.61685733312075 240000
8770613.90408163 4.83373401232993 240000
9422403.60826531 4.83373401232993 240000
10119802.3319388 5.10200037011054 240000
10865996.7789796 5.10200037011054 240000
11664412.9279592 5.4246133522534 240000
12518694.279898 5.4246133522534 240000
13432756.2388776 5.8091295980017 240000
14410786.1120408 5.8091295980017 240000
15457248.5476531 6.28119862946429 240000
16576939.9157143 6.28119862946429 240000
17774982.869898 6.8551293452381 240000
19056864.4139796 6.8551293452381 240000
20428441.339898 7.42677154357993 240000
21896000.0464286 7.42677154357993 240000
23466251.1011225 7.42677154357993 240000
25146378.1828571 7.42677154357993 240000
0 12969060.1928246 250000
38150.5378571429 12969060.1928246 250000
78979.9270408163 12969060.1928246 250000
122678.349693878 12969060.1928246 250000
169441.421734694 8643250.45526603 250000
219486.494183673 8643250.45526603 250000
273047.219387755 37832.5482201212 250000
330373.551020408 37832.5482201212 250000
391720.876530612 2137.44396062691 250000
457371.752244898 2137.44396062691 250000
527635.903367347 292.54339083142 250000
602833.922653061 292.54339083142 250000
683308.137959184 70.0609731998299 250000
769433.479795918 70.0609731998299 250000
861606.61377551 27.3379698526786 250000
960251.374387755 27.3379698526786 250000
1065824.19877551 15.1153257829507 250000
1178808.69295918 15.1153257829507 250000
1299721.06561224 10.0721255282738 250000
1429126.42938776 10.0721255282738 250000
1567622.49959184 7.54678968027211 250000
1715834.16040816 7.54678968027211 250000
1874456.93510204 6.1865119034864 250000
2044213.51581633 6.1865119034864 250000
2225891.8 5.40953860735544 250000
2420323.15530612 5.40953860735544 250000
2628404.15469388 4.94212070982143 250000
2851102.01020408 4.94212070982143 250000
3089427.40408163 4.6457082557398 250000
3344488.82653061 4.6457082557398 250000
3617459.97306122 4.45937503720238 250000
3909596.04581633 4.45937503720238 250000
4222244.62112245 4.36055956547619 250000
4556840.21571429 4.36055956547619 250000
4914931.45561224 4.34239037861395 250000
5298159.34102041 4.34239037861395 250000
5708300.71653061 4.39857335331633 250000
6147235.66846939 4.39857335331633 250000
6616985.56132653 4.5230068125 250000
7119723.90530612 4.5230068125 250000
7657754.62122449 4.71695863711735 250000
8233560.94448979 4.71695863711735 250000
8849794.55755102 4.97807419111395 250000
9509297.325 4.97807419111395 250000
10215106.7273469 5.29074269026361 250000
10970466.7285714 5.29074269026361 250000
11778860.3787755 5.62734244238946 250000
12644015.2479592 5.62734244238946 250000
13569908.8597959 5.95171619961735 250000
14560817.5956122 5.95171619961735 250000
15621289.5255102 6.24317033354592 250000
16756225.915 6.24317033354592 250000
17970843.1885714 6.50968570195578 250000
19270738.135 6.50968570195578 250000
20661904.2086735 6.74991518133503 250000
22150742.3971429 6.74991518133503 250000
23744110.125102 6.74991518133503 250000
25449353.8570408 6.74991518133503 250000
0 14854668.4207694 260000
38580.8816326531 14854668.4207694 260000
79853.5812244898 14854668.4207694 260000
124011.555918367 14854668.4207694 260000
171242.735510204 14121818.1800761 260000
221779.268571429 14121818.1800761 260000
275842.248979592 2259264.49626853 260000
333674.88 2259264.49626853 260000
395548.001632653 17484.8810162602 260000
461732.453877551 17484.8810162602 260000
532543.295510204 663.084905163265 260000
608295.585306122 663.084905163265 260000
689337.546122449 89.0351608622449 260000
776033.982857143 89.0351608622449 260000
868782.864489796 28.3934054591837 260000
968004.269387755 28.3934054591837 260000
1074151.44 14.6966742908163 260000
1187705.2555102 14.6966742908163 260000
1309185.28653061 9.76390866836735 260000
1439149.79510204 9.76390866836735 260000
1578179.15265306 7.40483699489796 260000
1726920.05877551 7.40483699489796 260000
1886035.79510204 6.09197694387755 260000
2056261.49877551 6.09197694387755 260000
2238370.99836735 5.34219233163265 260000
2433187.86857143 5.34219233163265 260000
2641607.53959184 4.92482006122449 260000
2864569.66040816 4.92482006122449 260000
3103096.79020408 4.69031085204082 260000
3358272.28897959 4.69031085204082 260000
3631262.42693878 4.54109551530612 260000
3923305.32979592 4.54109551530612 260000
4235727.56081633 4.42682913265306 260000
4569960.70285714 4.42682913265306 260000
4927524.77632653 4.34852505102041 260000
5310044.82122449 4.34852505102041 260000
5719267.47918367 4.33993463265306 260000
6157049.93877551 4.33993463265306 260000
6625393.09959184 4.43599531632653 260000
7126424.99020408 4.43599531632653 260000
7662428.40489796 4.64747391326531 260000
8235840.90367347 4.64747391326531 260000
8849282.44897959 4.94666459693878 260000
9505544.35102041 4.94666459693878 260000
10207605.8497959 5.27477021428571 260000
10958678.3338776 5.27477021428571 260000
11762172.1763265 5.57546940306123 260000
12621746.4808163 5.57546940306123 260000
13541320.1363265 5.81195924489796 260000
14525082.8718367 5.81195924489796 260000
15577511.8383673 5.95616542346939 260000
16703399.2457143 5.95616542346939 260000
17907868.9444898 5.98921435204082 260000
19196415.117551 5.98921435204082 260000
20574902.28 5.84408694897959 260000
22049603.9706122 5.84408694897959 260000
23627241.4432653 5.84408694897959 260000
25315000.2489796 5.84408694897959 260000
0 11275353.6185553 270000
38907.0367346939 11275353.6185553 270000
80522.1551020408 11275353.6185553 270000
125040.783673469 11275353.6185553 270000
172658.351020408 34348060.3669139 270000
223598.204081633 34348060.3669139 270000
278083.689795918 1198216.54867347 270000
336366.073469388 1198216.54867347 270000
398707.787755102 9560.37243795918 270000
465399.183673469 9560.37243795918 270000
536730.612244898 480.54860877551 270000
613037.093877551 480.54860877551 270000
694659.232653061 80.5109412244898 270000
781971.134693878 80.5109412244898 270000
875363.657142857 27.7744830612245 270000
975266.742857143 27.7744830612245 270000
1082127.08571429 14.6827114285714 270000
1196436.04897959 14.6827114285714 270000
1318707.33061224 9.80963020408163 270000
1449499.29795918 9.80963020408163 270000
1589403.82040816 7.50291 270000
1739057.43673469 7.50291 270000
1899141.35510204 6.22523755102041 270000
2070375.86938775 6.22523755102041 270000
2253542.69387755 5.45592367346939 270000
2449473.79591837 5.45592367346939 270000
2659056.97959184 4.98520836734694 270000
2883247.05306122 4.98520836734694 270000
3123049.07755102 4.68272448979592 270000
3379568.62040816 4.68272448979592 270000
3653961.50204082 4.48407367346939 270000
3947467.29795918 4.48407367346939 270000
4261431.67346939 4.37077163265306 270000
4597267.29795918 4.37077163265306 270000
4956509.68163265 4.33538510204082 270000
5340778.08979592 4.33538510204082 270000
5751825.79591837 4.37633204081633 270000
6191512.16326531 4.37633204081633 270000
6661836.14693877 4.49841673469388 270000
7164930.71020408 4.49841673469388 270000
7703079.5755102 4.70289551020408 270000
8278728.39183673 4.70289551020408 270000
8894484.73469388 4.97572775510204 270000
9553151.60816326 4.97572775510204 270000
10257710.6938775 5.27236040816326 270000
11011361.4367347 5.27236040816326 270000
11817526.6285714 5.52007775510204 270000
12679863.5755102 5.52007775510204 270000
13602286.4326531 5.66877795918367 270000
14588982.955102 5.66877795918367 270000
15644436.8326531 5.75434775510204 270000
16773427.6897959 5.75434775510204 270000
17981086.922449 5.91363367346939 270000
19272892.1142857 5.91363367346939 270000
20654711.7061224 6.68009755102041 270000
22132816.1632653 6.68009755102041 270000
23713911.477551 6.68009755102041 270000
25405172.6693878 6.68009755102041 270000
0 13595640.0399096 280000
39150.2744897959 13595640.0399096 280000
81025.9520408163 13595640.0399096 280000
125823.71122449 13595640.0399096 280000
173740.230612245 16976057.497489 280000
224994.666326531 16976057.497489 280000
279817.413265306 112721.707999415 280000
338461.343877551 112721.707999415 280000
401190.569387755 3502.48576315476 280000
468291.678571429 3502.48576315476 280000
540068.118367347 462.67910432398 280000
616845.813265306 462.67910432398 280000
698967.545918367 99.6912518728741 280000
786815.434693877 99.6912518728741 280000
880782.836734694 32.2118759438775 280000
981296.825510204 32.2118759438775 280000
1088812.57142857 15.4995709119898 280000
1203818.96122449 15.4995709119898 280000
1326838.59795918 9.84485125637755 280000
1458427.80102041 9.84485125637755 280000
1599187.84489796 7.38009413052721 280000
1749753.72040816 7.38009413052721 280000
1910805.37346939 6.12448876488095 280000
2083078.94387755 6.12448876488095 280000
2267355.52653061 5.42604569515306 280000
2464472.41020408 5.42604569515306 280000
2675317.45816327 5.01361775510204 280000
2900857.20510204 5.01361775510204 280000
3142108.76020408 4.7551025042517 280000
3400167.90408163 4.7551025042517 280000
3676203.46938775 4.58470627763605 280000
3971474.19897959 4.58470627763605 280000
4287311.8877551 4.46906396045918 280000
4625155.09897959 4.46906396045918 280000
4986537.9255102 4.40398442602041 280000
5373095.60918367 4.40398442602041 280000
5786587.01836735 4.41351397108843 280000
6228889.02857143 4.41351397108843 280000
6701996.52244898 4.52910946003401 280000
7208072.96428571 4.52910946003401 280000
7749405.44489796 4.7588487627551 280000
8328449.63673469 4.7588487627551 280000
8947835.41326531 5.05726166666667 280000
9610378.0877551 5.05726166666667 280000
10319078.4132653 5.31759151147959 280000
11077150.6795918 5.31759151147959 280000
11888039.5714286 5.4378581164966 280000
12755420.1683673 5.4378581164966 280000
13683231.6612245 5.42845734906463 280000
14675682.9714286 5.42845734906463 280000
15737280.8479592 5.38539879039116 280000
16872835.4867347 5.38539879039116 280000
18087505.4857143 5.34506797619048 280000
19386797.844898 5.34506797619048 280000
20776612.9214286 5.23826448767007 280000
22263261.2877551 5.23826448767007 280000
23853474.9704082 5.23826448767007 280000
25554480.5020408 5.23826448767007 280000
0 12886452.0025804 290000
39400.7989795918 12886452.0025804 290000
81532.0091836735 12886452.0025804 290000
126592.309183673 12886452.0025804 290000
174780.37755102 19673886.5058896 290000
226311.92244898 19673886.5058896 290000
281419.681632653 2889815.06878106 290000
340353.42244898 2889815.06878106 290000
403374.265306122 24086.6433762946 290000
470771.713265306 24086.6433762946 290000
542846.62244898 917.386288248299 290000
619928.231632653 917.386288248299 290000
702357.132653061 111.583810593112 290000
790502.3 111.583810593112 290000
884772.443877551 32.3023920578231 290000
985581.951020408 32.3023920578231 290000
1093390.62040816 15.7528809715136 290000
1208680.95714286 15.7528809715136 290000
1331975.20204082 10.1342154931973 290000
1463823.97857143 10.1342154931973 290000
1604823.32244898 7.56395338860544 290000
1755614.68163265 7.56395338860544 290000
1916867.88673469 6.16085693452381 290000
2089315.21020408 6.16085693452381 290000
2273728.66020408 5.34175721938775 290000
2470948.36326531 5.34175721938775 290000
2681854.18163265 4.8880368579932 290000
2907394.09591837 4.8880368579932 290000
3148595.55816326 4.65936728316326 290000
3406531.43265306 4.65936728316326 290000
3682376.76122449 4.54258449192177 290000
3977363.35102041 4.54258449192177 290000
4292825.18673469 4.47498647321428 290000
4630181.40102041 4.47498647321428 290000
4990958.98061224 4.43449388818027 290000
5376770.06020408 4.43449388818027 290000
5789363.01122449 4.43348866921769 290000
6230594.05918367 4.43348866921769 290000
6702449.98979592 4.49919451105442 290000
7207059.50204082 4.49919451105442 290000
7746687.53163265 4.64765943877551 290000
8323774.98673469 4.64765943877551 290000
8940916.04183673 4.87582049107143 290000
9600892.19693877 4.87582049107143 290000
10306677.9540816 5.16071137117347 290000
11061446.4938775 5.16071137117347 290000
11868603.7346939 5.46638071853741 290000
12731788.3326531 5.46638071853741 290000
13654877.3581633 5.75538708333333 290000
14642043.0612245 5.75538708333333 290000
15697724.4887755 6.02191202168367 290000
16826684.25 6.02191202168367 290000
18033997.1632653 6.31439526147959 290000
19325107.0214286 6.31439526147959 290000
20705832.2683673 6.72493851190476 290000
22182394.3816327 6.72493851190476 290000
23761440.5785714 6.72493851190476 290000
25450089.2285714 6.72493851190476 290000
0 13908108.7394229 300000
39941.3487755102 13908108.7394229 300000
82645.2448979592 13908108.7394229 300000
128296.62877551 13908108.7394229 300000
177103.558367347 9784712.81837788 300000
229285.650408163 9784712.81837788 300000
285074.080408163 187626.912228504 300000
344717.362040816 187626.912228504 300000
408487.126530612 5997.42796913945 300000
476655.005102041 5997.42796913945 300000
549538.864081633 527.165818607993 300000
627462.349183674 527.165818607993 300000
710766.444285714 105.909785013605 300000
799832.588979592 105.909785013605 300000
895053.781632653 36.7349685297619 300000
996851.91755102 36.7349685297619 300000
1105683.56836735 17.5511096232993 300000
1222039.98204082 17.5511096232993 300000
1346441.30346939 10.4650865795068 300000
1479436.5744898 10.4650865795068 300000
1621621.07204082 7.43769878869048 300000
1773636.30816327 7.43769878869048 300000
1936158.47122449 6.03660663137755 300000
2109904.20530612 6.03660663137755 300000
2295665.28653061 5.32597070493197 300000
2494262.38795918 5.32597070493197 300000
2706585.53530612 4.91896936267007 300000
2933582.54816326 4.91896936267007 300000
3176264.81938775 4.67311661564626 300000
3435718.87387755 4.67311661564626 300000
3713106.36857143 4.52864396215986 300000
4009664.09244898 4.52864396215986 300000
4326721.30469388 4.45135669132653 300000
4665682.39653061 4.45135669132653 300000
5028073.12632653 4.43587274829932 300000
5415511.72265306 4.43587274829932 300000
5829726.22244898 4.48664707780612 300000
6272560.25040816 4.48664707780612 300000
6746007.69530612 4.59544405229592 300000
7252172.25428571 4.59544405229592 300000
7793313.66795918 4.74145787585034 300000
8371859.27918367 4.74145787585034 300000
8990386.69489796 4.90137835119048 300000
9651658.46244898 4.90137835119048 300000
10358633.6283673 5.06914916156463 300000
11114473.5177551 5.06914916156463 300000
11922541.7342857 5.25597991113946 300000
12786461.9540816 5.25597991113946 300000
13710089.0287755 5.46864934013605 300000
14697543.6618367 5.46864934013605 300000
15753241.3055102 5.70548383418367 300000
16881903.7195918 5.70548383418367 300000
18088570.5302041 5.98159408418367 300000
19378628.1267347 5.98159408418367 300000
20757838.5587755 6.45774339285714 300000
22232374.212449 6.45774339285714 300000
23808812.0310204 6.45774339285714 300000
25494197.0881633 6.45774339285714 300000
0 1948.78674243601 30000
31723.69 1948.78674243601 30000
65761.2 1948.78674243601 30000
102282.152142857 1948.78674243601 30000
141464.867142857 223.335558659226 30000
183505.062857143 223.335558659226 30000
228615.854285714 188.988932238095 30000
277014.705714286 188.988932238095 30000
328945.177142857 77.2395630267857 30000
384659.527142857 77.2395630267857 30000
444440.459285714 41.4471253020833 30000
508583.725 41.4471253020833 30000
577402.472857143 23.6416660654762 30000
651240.296428571 23.6416660654762 30000
730466.885 15.1450192872024 30000
815469.325 15.1450192872024 30000
906673.846428571 10.8300929300595 30000
1004528.42571429 10.8300929300595 30000
1109520.18285714 8.12383144345238 30000
1222175.38142857 8.12383144345238 30000
1343042.03142857 6.47498098511905 30000
1472729.03285714 6.47498098511905 30000
1611871.38142857 5.56138633779762 30000
1761164.96285714 5.56138633779762 30000
1921344.80642857 5.06092852827381 30000
2093211.18071429 5.06092852827381 30000
2277616.54571429 4.76133523065476 30000
2475465.55285714 4.76133523065476 30000
2687749.83928571 4.54087175 30000
2915517.58285714 4.54087175 30000
3159899.59785714 4.35533847023809 30000
3422104.98571429 4.35533847023809 30000
3703434.18285714 4.2092024702381 30000
4005287.65928571 4.2092024702381 30000
4329152.87071429 4.11706104017857 30000
4676647.75142857 4.11706104017857 30000
5049481.57071429 4.08680632142857 30000
5449515.82285714 4.08680632142857 30000
5878725.08357143 4.13734864583333 30000
6339240.50285714 4.13734864583333 30000
6833345.45571429 4.29962230803571 30000
7363492.93928571 4.29962230803571 30000
7932305.57285714 4.57008445238095 30000
8542610.39214286 4.57008445238095 30000
9197430.15071428 4.89750411755952 30000
9900013.765 4.89750411755952 30000
10653840.6635714 5.22698969345238 30000
11462655.5814286 5.22698969345238 30000
12330459.8614286 5.5145499672619 30000
13261563.6457143 5.5145499672619 30000
14260581.5264286 5.69886907142857 30000
15332471.6892857 5.69886907142857 30000
16482540.2628571 5.71678269196428 30000
17716497.8592857 5.71678269196428 30000
19040455.225 5.62669811160714 30000
20460988.48 5.62669811160714 30000
21985130.4192857 5.62669811160714 30000
23620444.4507143 5.62669811160714 30000
0 6324714.34936765 40000
32199.6194897959 6324714.34936765 40000
66734.4106122449 6324714.34936765 40000
103773.073979592 6324714.34936765 40000
143497.628673469 9291.0671855676 40000
186103.412244898 9291.0671855676 40000
231799.080714286 282.306342215986 40000
280811.048061224 282.306342215986 40000
333374.607244898 71.8864847650935 40000
389751.688163265 71.8864847650935 40000
450217.539183673 40.3050827272534 40000
515069.606122449 40.3050827272534 40000
584627.532244898 22.9789101709184 40000
659228.71877551 22.9789101709184 40000
739237.203877551 14.6117390099915 40000
825052.541632653 14.6117390099915 40000
917092.044081633 10.9015741471088 40000
1015804.09969388 10.9015741471088 40000
1121677.05234694 8.51927918005952 40000
1235225.88285714 8.51927918005952 40000
1357014.40642857 6.81690132419218 40000
1487633.07520408 6.81690132419218 40000
1627730.05469388 5.75768530357143 40000
1777984.58683673 5.75768530357143 40000
1939133.62693878 5.13796027487245 40000
2111976.28316327 5.13796027487245 40000
2297351.61908163 4.73643616964286 40000
2496169.73010204 4.73643616964286 40000
2709411.74346939 4.46707012627551 40000
2938116.49979592 4.46707012627551 40000
3183411.6294898 4.30353042091837 40000
3446495.79479592 4.30353042091837 40000
3728660.8872449 4.21400071003401 40000
4031292.02765306 4.21400071003401 40000
4355872.00561224 4.16913411628401 40000
4703994.59795918 4.16913411628401 40000
5077364.56877551 4.1536328977466 40000
5477810.98785714 4.1536328977466 40000
5907304.98867347 4.17477596789966 40000
6367946.44989796 4.17477596789966 40000
6861999.51132653 4.25439081823979 40000
7391883.69489796 4.25439081823979 40000
7960200.54163265 4.41118804846939 40000
8569738.05112245 4.41118804846939 40000
9223479.5605102 4.66557081377551 40000
9924639.26040816 4.66557081377551 40000
10676653.3159184 5.03935735671769 40000
11483206.5035714 5.03935735671769 40000
12348254.4087755 5.52168942517007 40000
13276045.6232653 5.52168942517007 40000
14271130.6240816 6.03661474787415 40000
15338383.9710204 6.03661474787415 40000
16483044.2620408 6.43925797448979 40000
17710723.0122449 6.43925797448979 40000
19027440.1697959 6.51188062840136 40000
20439659.6318367 6.51188062840136 40000
21954302.5629592 6.51188062840136 40000
23578800.6690816 6.51188062840136 40000
0 6626879.65321941 50000
32142.6471428571 6626879.65321941 50000
66616.9771428571 6626879.65321941 50000
103591.438571429 6626879.65321941 50000
143247.778571429 1179.28363380655 50000
185781.042857143 1179.28363380655 50000
231395.142857143 167.258543223214 50000
280316.154285714 167.258543223214 50000
332787.884285714 76.7149333630952 50000
389063.005714286 76.7149333630952 50000
449420.788571429 41.8198605744048 50000
514153.801428571 41.8198605744048 50000
583581.21 23.9018825982143 50000
658039.911428571 23.9018825982143 50000
737902.265714286 14.4694182916667 50000
823549.498571429 14.4694182916667 50000
915411.597142857 10.2048619583333 50000
1013936.28 10.2048619583333 50000
1119602.29571429 8.05284834226191 50000
1232932.72142857 8.05284834226191 50000
1354481.66428571 6.7604673125 50000
1484838.69428571 6.7604673125 50000
1624655.44142857 5.90531375892857 50000
1774605.7 5.90531375892857 50000
1935429.75714286 5.29258208035714 50000
2107921.09428571 5.29258208035714 50000
2292913.08857143 4.83315337797619 50000
2491323.34142857 4.83315337797619 50000
2704118.21571429 4.49598841666667 50000
2932348.29857143 4.49598841666667 50000
3177121.80428571 4.26358664583333 50000
3439648.90285714 4.26358664583333 50000
3721210.69 4.11913091369048 50000
4023190.21714286 4.11913091369048 50000
4347068.05857143 4.05128049404762 50000
4694426.74428571 4.05128049404762 50000
5066977.35714286 4.06193782142857 50000
5466541.80142857 4.06193782142857 50000
5895079.4 4.15516634821429 50000
6354691.32714286 4.15516634821429 50000
6847633.90714286 4.32359644940476 50000
7376318.61428571 4.32359644940476 50000
7943338.67 4.54905341071429 50000
8551473.47571428 4.54905341071429 50000
9203710.77714286 4.80852331547619 50000
9903237.79857143 4.80852331547619 50000
10653494.4371429 5.08433014583333 50000
11458151.0985714 5.08433014583333 50000
12321157.4585714 5.35218553869048 50000
13246742.4628571 5.35218553869048 50000
14239445.3571429 5.56304177678571 50000
15304128.9857143 5.56304177678571 50000
16446019.6871429 5.68840851785714 50000
17670707.2942857 5.68840851785714 50000
18984202.7614286 5.90007744642857 50000
20392947.03 5.90007744642857 50000
21903837.6257143 5.90007744642857 50000
23524290.7185714 5.90007744642857 50000
0 647.368295808673 60000
32339.547755102 647.368295808673 60000
67027.902244898 647.368295808673 60000
104229.970204082 647.368295808673 60000
144132.943061224 718.935794472789 60000
186932.926122449 718.935794472789 60000
232834.938571429 211.875923991497 60000
282070.74122449 211.875923991497 60000
334881.00877551 108.437004708333 60000
391519.786734694 108.437004708333 60000
452267.862244898 50.2312599285714 60000
517423.850204082 50.2312599285714 60000
587308.650204082 24.7337631641156 60000
662265.446530612 24.7337631641156 60000
742664.165102041 14.8945786968537 60000
828892.559591837 14.8945786968537 60000
921378.496122449 10.4941130497449 60000
1020572.1255102 10.4941130497449 60000
1126968.16795918 8.11011506930272 60000
1241083.62836735 8.11011506930272 60000
1363475.62408163 6.6892615582483 60000
1494750.29877551 6.6892615582483 60000
1635553.90857143 5.82281408971088 60000
1786572.82204082 5.82281408971088 60000
1948546.89102041 5.22948411522109 60000
2122278.3644898 5.22948411522109 60000
2308614.06081633 4.79249983886054 60000
2508467.65244898 4.79249983886054 60000
2722824.12285714 4.48944657270408 60000
2952739.76653061 4.48944657270408 60000
3199333.27510204 4.29634041496599 60000
3463821.39285714 4.29634041496599 60000
3747501.08897959 4.18833393197279 60000
4051762.92836735 4.18833393197279 60000
4378104.44244898 4.14772007738095 60000
4728125.6722449 4.14772007738095 60000
5103546.99612245 4.15818459821428 60000
5506204.67285714 4.15818459821428 60000
5938086.49714286 4.21662620790816 60000
6401300.60102041 4.21662620790816 60000
6898128.93714286 4.34116050552721 60000
7431004.99408163 4.34116050552721 60000
8002549.45183673 4.54201059438775 60000
8615565.72489796 4.54201059438775 60000
9273062.24693877 4.79553612840136 60000
9978265.84163265 4.79553612840136 60000
10734644.0073469 5.06223748767007 60000
11545904.9171429 5.06223748767007 60000
12416028.6173469 5.31502948384354 60000
13349293.7691837 5.31502948384354 60000
14350273.1918367 5.57004066411565 60000
15423891.8026531 5.57004066411565 60000
16575408.7893878 5.86299153571428 60000
17810484.4642857 5.86299153571428 60000
19135175.8071429 6.21609251020408 60000
20555989.9485714 6.21609251020408 60000
22079897.5408163 6.21609251020408 60000
23714386.2410204 6.21609251020408 60000
0 10841976.2437581 70000
32655.0714285714 10841976.2437581 70000
67672.9821428571 10841976.2437581 70000
105220.892857143 10841976.2437581 70000
145484.035714286 23022.2951107515 70000
188656.678571429 23022.2951107515 70000
234951.160714286 561.525669047619 70000
284588.857142857 561.525669047619 70000
337818.25 127.159456547619 70000
394892.339285714 127.159456547619 70000
456095.75 46.649915141369 70000
521717.625 46.649915141369 70000
592087.767857143 23.5076813616071 70000
667545.017857143 23.5076813616071 70000
748450.803571429 15.2767856770833 70000
835207.214285714 15.2767856770833 70000
928238.928571428 10.9341743303571 70000
1027988.69642857 10.9341743303571 70000
1134953.48214286 8.40926633184524 70000
1249648.32142857 8.40926633184524 70000
1372633.42857143 6.89314877232143 70000
1504509.67857143 6.89314877232143 70000
1645918.60714286 5.87029650297619 70000
1797546.92857143 5.87029650297619 70000
1960135.57142857 5.17920554315476 70000
2134479.67857143 5.17920554315476 70000
2321424.08928571 4.7370296875 70000
2521881.41071429 4.7370296875 70000
2736827.5 4.45784494047619 70000
2967310.5 4.45784494047619 70000
3214455.35714286 4.27633061755952 70000
3479463.82142857 4.27633061755952 70000
3763632.51785714 4.15771804315476 70000
4068334.875 4.15771804315476 70000
4395066.30357143 4.1059603422619 70000
4745412.57142857 4.1059603422619 70000
5121085.94642857 4.14908705357143 70000
5523911.64285714 4.14908705357143 70000
5955854.92857143 4.29919285714286 70000
6419021.125 4.29919285714286 70000
6915669.16071428 4.52181968005952 70000
7448211.57142857 4.52181968005952 70000
8019255.16071428 4.74648895089286 70000
8631569.375 4.74648895089286 70000
9288145.03571429 4.90609166666667 70000
9992180.78571428 4.90609166666667 70000
10747110.1964286 4.98050453869048 70000
11556606.2857143 4.98050453869048 70000
12424613.1428571 5.00316912202381 70000
13355364 5.00316912202381 70000
14353394.7857143 5.01275074404762 70000
15423562.1964286 5.01275074404762 70000
16571088.875 4.99354985119048 70000
17801563.4107143 4.99354985119048 70000
19120976.4821429 4.92756090029762 70000
20535766.0357143 4.92756090029762 70000
22052821.8035714 4.92756090029762 70000
23679530.4821429 4.92756090029762 70000
0 8730630.78458264 80000
32951.3267346939 8730630.78458264 80000
68274.271632653 8730630.78458264 80000
106147.04877551 8730630.78458264 80000
146752.441836735 40444.3910136437 80000
190282.373673469 40444.3910136437 80000
236951.615102041 1035.21964873044 80000
286988.645714286 1035.21964873044 80000
340631.084285714 163.724324797619 80000
398143.967142857 163.724324797619 80000
459801.469795918 55.0012257440476 80000
525905.185306122 55.0012257440476 80000
596774.985102041 26.6450996003401 80000
672758.158163265 26.6450996003401 80000
754215.702244898 15.6657222542517 80000
841549.741428571 15.6657222542517 80000
935180.678163265 10.8167474766156 80000
1035565.47163265 10.8167474766156 80000
1143183.92897959 8.31143067219388 80000
1258566.12285714 8.31143067219388 80000
1382264.97387755 6.77189710246599 80000
1514883.66816327 6.77189710246599 80000
1657066.51816326 5.8073895454932 80000
1809498.96265306 5.8073895454932 80000
1972925.84510204 5.22184395153061 80000
2148137.70489796 5.22184395153061 80000
2335979.91653061 4.83107720960884 80000
2537370.96795918 4.83107720960884 80000
2753279.61265306 4.5372619744898 80000
2984756.85673469 4.5372619744898 80000
3232926.81979592 4.31871172491497 80000
3498991.3044898 4.31871172491497 80000
3784238.93571429 4.17549310076531 80000
4090058.86938775 4.17549310076531 80000
4417927.08367347 4.11242321343537 80000
4769438.36612245 4.11242321343537 80000
5146292.60489796 4.13376701530612 80000
5550322.20632653 4.13376701530612 80000
5983487.52530612 4.23514531420068 80000
6447881.43489796 4.23514531420068 80000
6945765.88306122 4.3931199119898 80000
7479549.04469388 4.3931199119898 80000
8051821.87836735 4.57832166113946 80000
8665358.12632653 4.57832166113946 80000
9323132.59285714 4.78492433205782 80000
10028339.4226531 4.78492433205782 80000
10784396.6704082 5.02117223001701 80000
11594969.1487755 5.02117223001701 80000
12463991.2763265 5.28116296556122 80000
13395671.6471429 5.28116296556122 80000
14394534.1571429 5.53165275807823 80000
15465418.0040816 5.53165275807823 80000
16613523.3834694 5.69967093792517 80000
17844411.4885714 5.69967093792517 80000
19164059.3455102 5.67773689710884 80000
20578855.2436735 5.67773689710884 80000
22095671.8491837 5.67773689710884 80000
23721861.6353061 5.67773689710884 80000
0 74267.4775810179 90000
33513.1071428571 74267.4775810179 90000
69431.6846938776 74267.4775810179 90000
107928.552857143 74267.4775810179 90000
149190.544285714 365.81927858801 90000
193409.16244898 365.81927858801 90000
240799.264897959 261.70507003699 90000
291594.39244898 261.70507003699 90000
346032.756734694 108.391469678571 90000
404375.923469388 108.391469678571 90000
466904.141632653 57.1382420854592 90000
533921.014285714 57.1382420854592 90000
605744.156938776 31.0792809872449 90000
682723.880816327 31.0792809872449 90000
765224.509591837 17.4728913711735 90000
853647.733469388 17.4728913711735 90000
948413.925918367 11.0919237627551 90000
1049976.15612245 11.0919237627551 90000
1158834.20142857 8.14527116709184 90000
1275497.18081633 8.14527116709184 90000
1400530.26306122 6.67485926403061 90000
1534535.98346939 6.67485926403061 90000
1678158.91469388 5.84142020663265 90000
1832085.66673469 5.84142020663265 90000
1997058.89938776 5.3075459005102 90000
2173867.98061225 5.3075459005102 90000
2363367.66979592 4.91306626913265 90000
2566459.4344898 4.91306626913265 90000
2784124.14612245 4.60673856505102 90000
3017408.06755102 4.60673856505102 90000
3267432.19469388 4.38309404081633 90000
3535392.25653061 4.38309404081633 90000
3822582.06918367 4.23422150127551 90000
4130379.52346939 4.23422150127551 90000
4460260.59734694 4.14872610076531 90000
4813813.36836735 4.14872610076531 90000
5192733.34285714 4.1277658125 90000
5598842.13918367 4.1277658125 90000
6034087.4877551 4.17353008163265 90000
6500566.58510204 4.17353008163265 90000
7000516.7522449 4.28126051403061 90000
7536338.78877551 4.28126051403061 90000
8110606.3144898 4.45202750510204 90000
8726084.45265306 4.45202750510204 90000
9385720.48836735 4.68525693367347 90000
10092685.9059184 4.68525693367347 90000
10850381.0595918 4.95670920918367 90000
11662444.5153061 4.95670920918367 90000
12532776.4046939 5.23755177168367 90000
13465552.437551 5.23755177168367 90000
14465261.2683673 5.52652933928572 90000
15536699.8255102 5.52652933928572 90000
16685020.0193878 5.88874141454082 90000
17915733.4132653 5.88874141454082 90000
19234757.9314286 7.00253649107143 90000
20648422.53 7.00253649107143 90000
22163523.2467347 7.00253649107143 90000
23787337.2134694 7.00253649107143 90000
0 2821014.18250367 hpsmc
8278.79183673469 2821014.18250367 hpsmc
17175.9673469388 2821014.18250367 hpsmc
26735.9346938775 2821014.18250367 hpsmc
37008.6530612245 3612.60805523809 hpsmc
48047.4122448979 3612.60805523809 hpsmc
59909.9428571428 91.2288023129252 hpsmc
72656.1959183673 91.2288023129252 hpsmc
86353.893877551 21.0972243537415 hpsmc
101072.979591837 21.0972243537415 hpsmc
116888.946938776 7.1237725170068 hpsmc
133885.06122449 7.1237725170068 hpsmc
152149.028571429 4.07203891156463 hpsmc
171774.106122449 4.07203891156463 hpsmc
192863.542857143 3.15623619047619 hpsmc
215525.028571429 3.15623619047619 hpsmc
239876.244897959 2.70964040816327 hpsmc
266043.755102041 2.70964040816327 hpsmc
294163.004081633 2.32234108843537 hpsmc
324378.318367347 2.32234108843537 hpsmc
356847.346938776 1.95295306122449 hpsmc
391738.840816327 1.95295306122449 hpsmc
429230.432653061 1.63821020408163 hpsmc
469518.628571429 1.63821020408163 hpsmc
512812.146938775 1.39657428571429 hpsmc
559333.028571428 1.39657428571429 hpsmc
609323.297959184 1.22616258503401 hpsmc
663041.632653061 1.22616258503401 hpsmc
720765.583673469 1.11667333333333 hpsmc
782794.906122449 1.11667333333333 hpsmc
849449.33877551 1.05706925170068 hpsmc
921075.265306122 1.05706925170068 hpsmc
998042.383673469 1.03951646258503 hpsmc
1080748.14693878 1.03951646258503 hpsmc
1169622.20408163 1.06056639455782 hpsmc
1265124.17959184 1.06056639455782 hpsmc
1367748.11428571 1.12054285714286 hpsmc
1478024.68571429 1.12054285714286 hpsmc
1596524.53877551 1.22351659863946 hpsmc
1723861.61632653 1.22351659863946 hpsmc
1860695.37959184 1.37896367346939 hpsmc
2007733.02857143 1.37896367346939 hpsmc
2165735.05306122 1.60446231292517 hpsmc
2335519.67346939 1.60446231292517 hpsmc
2517966.17142857 1.9283874829932 hpsmc
2714018.22040816 1.9283874829932 hpsmc
2924691.65714286 2.39132176870748 hpsmc
3151074.48163265 2.39132176870748 hpsmc
3394339.06938776 3.04033088435374 hpsmc
3655745.50204082 3.04033088435374 hpsmc
3936646.00816326 3.90125945578231 hpsmc
4238492.73469388 3.90125945578231 hpsmc
4562851.06938775 4.92588068027211 hpsmc
4911396.31020408 4.92588068027211 hpsmc
5285934.75918367 6.12368217687075 hpsmc
5688403.72244898 6.12368217687075 hpsmc
6120884.83265306 6.12368217687075 hpsmc
6585618.48163265 6.12368217687075 hpsmc
