0 3408673.36308435 100000
12414.9296938776 3408673.36308435 100000
25691.6837755102 3408673.36308435 100000
39885.8060204082 3408673.36308435 100000
55065.3823469388 6323562.72591257 100000
71296.7069387755 6323562.72591257 100000
88651.4491836735 5352535.89450103 100000
107210.237142857 5352535.89450103 100000
127053.698877551 45622.4260135867 100000
148273.212857143 45622.4260135867 100000
170963.741020408 1178.04739378125 100000
195225.620510204 1178.04739378125 100000
221168.147142857 79.9737346454082 100000
248907.783673469 79.9737346454082 100000
278569.951530612 14.3984919834184 100000
310289.030816326 14.3984919834184 100000
344204.776836735 5.56062995854592 100000
380471.27877551 5.56062995854592 100000
419249.792755102 3.27423091071429 100000
460715.90877551 3.27423091071429 100000
505055.967244898 2.33295055484694 100000
552467.058979592 2.33295055484694 100000
603164.192142857 1.86285163010204 100000
657373.125306122 1.86285163010204 100000
715339.326122449 1.62281890561225 100000
777322.596122449 1.62281890561225 100000
843600.654183673 1.49183936670918 100000
914470.928265306 1.49183936670918 100000
990250.555408163 1.40958008035714 100000
1071283.54867347 1.40958008035714 100000
1157930.04673469 1.36221855994898 100000
1250580.6477551 1.36221855994898 100000
1349651.03418367 1.35337933545918 100000
1455587.34795918 1.35337933545918 100000
1568862.60704082 1.3752422315051 100000
1689987.45581633 1.3752422315051 100000
1819506.58163265 1.41511206122449 100000
1957998.71479592 1.41511206122449 100000
2106087.37897959 1.46756136160714 100000
2264439.0994898 1.46756136160714 100000
2433761.61153061 1.53308285969388 100000
2614818.19408163 1.53308285969388 100000
2808420.50295918 1.6086007442602 100000
3015435.7377551 1.6086007442602 100000
3236797.3922449 1.6824314119898 100000
3473498.08744898 1.6824314119898 100000
3726598.53030612 1.73813942984694 100000
3997238.26408163 1.73813942984694 100000
4286630.29316327 1.76049132015306 100000
4596075.41693878 1.76049132015306 100000
4926964.02153061 1.7482477997449 100000
5280777.87153061 1.7482477997449 100000
5659109.81908163 1.71795628507653 100000
6063656.63693877 1.71795628507653 100000
6496236.93581633 1.65656697512755 100000
6958789.37265306 1.65656697512755 100000
7453394.15142857 1.65656697512755 100000
7982271.23142857 1.65656697512755 100000
0 3451930.44237223 10000
9896.56530612245 3451930.44237223 10000
20512.8808163265 3451930.44237223 10000
31899.3835714286 3451930.44237223 10000
44111.9632653061 6783.11580906824 10000
57211.962244898 6783.11580906824 10000
71262.0860204082 86.4770555255102 10000
86333.2190816326 86.4770555255102 10000
102498.972244898 22.6368169802296 10000
119837.045816327 22.6368169802296 10000
138434.682244898 10.8007174209184 10000
158383.213469388 10.8007174209184 10000
179779.424081633 6.24066082589286 10000
202728.277653061 6.24066082589286 10000
227344.279897959 4.44571275637755 10000
253747.389183673 4.44571275637755 10000
282067.106020408 3.41219076785714 10000
312443.83622449 3.41219076785714 10000
345024.801428571 2.65769410012755 10000
379972.218061224 2.65769410012755 10000
417456.481530612 2.11700959056122 10000
457661.618877551 2.11700959056122 10000
500786.651938775 1.76538730612245 10000
547042.871020408 1.76538730612245 10000
596656.56122449 1.55872891517857 10000
649873.091938775 1.55872891517857 10000
706952.827346939 1.45292472640306 10000
768176.579081633 1.45292472640306 10000
833846.969387755 1.39465801658163 10000
904282.978469388 1.39465801658163 10000
979834.939285714 1.34169344387755 10000
1060870.90591837 1.34169344387755 10000
1147790.28520408 1.28632913584184 10000
1241021.11040816 1.28632913584184 10000
1341021.40438775 1.24819180357143 10000
1448280.5427551 1.24819180357143 10000
1563327.43285714 1.24357692793367 10000
1686727.78744898 1.24357692793367 10000
1819086.85102041 1.27102194834184 10000
1961056.21561224 1.27102194834184 10000
2113332.45765306 1.32034573915816 10000
2276663.95377551 1.32034573915816 10000
2451854.97030612 1.38465012627551 10000
2639764.30010204 1.38465012627551 10000
2841317.53102041 1.46837107015306 10000
3057504.31959184 1.46837107015306 10000
3289386.57 1.59202985778061 10000
3538103.88673469 1.59202985778061 10000
3804879.0272449 1.78017478762755 10000
4091023.35459184 1.78017478762755 10000
4397942.29010204 2.01283835778061 10000
4727144.8555102 2.01283835778061 10000
5080249.12561224 2.17234549936224 10000
5458989.04408163 2.17234549936224 10000
5865228.05510204 2.05968289540816 10000
6300960.46653061 2.05968289540816 10000
6768327.80785714 2.05968289540816 10000
7269628.37234694 2.05968289540816 10000
0 6268458.66019053 110000
12971.1097959184 6268458.66019053 110000
26827.4769387755 6268458.66019053 110000
41629.8916326531 6268458.66019053 110000
57442.9434693878 5761426.07727652 110000
74336.921122449 5761426.07727652 110000
92384.0129591837 275220.760962673 110000
111662.106428571 275220.760962673 110000
132258.58744898 2212.85713097194 110000
154258.942244898 2212.85713097194 110000
177761.954897959 256.503787241284 110000
202872.108571429 256.503787241284 110000
229693.886428571 50.3934842323554 110000
258348.868877551 50.3934842323554 110000
288958.636326531 12.9763141656037 110000
321659.966734694 12.9763141656037 110000
356593.43744898 5.64518969196429 110000
393912.923673469 5.64518969196429 110000
433779.899387755 3.39473712840136 110000
476369.136428572 3.39473712840136 110000
521866.804795918 2.42855677997449 110000
570470.472653061 2.42855677997449 110000
622392.905714286 1.96268851806973 110000
677860.16755102 1.96268851806973 110000
737115.418979592 1.71951582865646 110000
800415.118673469 1.71951582865646 110000
868038.521632653 1.57447815880102 110000
940278.180714286 1.57447815880102 110000
1017451.34479592 1.46728001636905 110000
1099892.36 1.46728001636905 110000
1187964.06785714 1.38387949744898 110000
1282048.30683673 1.38387949744898 110000
1382555.41081633 1.33373945216837 110000
1489926.10877551 1.33373945216837 110000
1604629.62510204 1.3239520710034 110000
1727163.67959184 1.3239520710034 110000
1858063.98591837 1.35457671938776 110000
1997902.35193878 1.35457671938776 110000
2147288.57938776 1.41960957312925 110000
2306874.26326531 1.41960957312925 110000
2477356.59122449 1.50645724489796 110000
2659480.24326531 1.50645724489796 110000
2854039.29142857 1.59808977062075 110000
3061880.99918367 1.59808977062075 110000
3283915.31989796 1.68210769005102 110000
3521111.09744898 1.68210769005102 110000
3774499.86561225 1.75289107546769 110000
4045191.04561225 1.75289107546769 110000
4334364.34734694 1.79725684289966 110000
4643283.0672449 1.79725684289966 110000
4973294.08826531 1.80220792006803 110000
5325839.27806123 1.80220792006803 110000
5702453.58928571 1.77644727954932 110000
6104784.05653061 1.77644727954932 110000
6534585.99693878 1.75938565391156 110000
6993734.40836735 1.75938565391156 110000
7484233.46785714 1.75938565391156 110000
8008222.23071429 1.75938565391156 110000
0 4067653.88209929 120000
13100.8262244898 4067653.88209929 120000
27099.0217346939 4067653.88209929 120000
42055.8142857143 4067653.88209929 120000
58034.345 13778479.7232341 120000
75109.2352040816 13778479.7232341 120000
93353.1928571428 6854743.32384097 120000
112846.579387755 6854743.32384097 120000
133673.582959184 123907.858951599 120000
155926.045204082 123907.858951599 120000
179703.46122449 1361.02001689881 120000
205109.152857143 1361.02001689881 120000
232254.095408163 87.7769109368622 120000
261256.917653061 87.7769109368622 120000
292245.815204082 16.9390690257228 120000
325356.637142857 16.9390690257228 120000
360734.799387755 6.33547419409014 120000
398535.284693878 6.33547419409014 120000
438924.556020408 3.43634796237245 120000
482078.643163265 3.43634796237245 120000
528186.969489796 2.34931613839286 120000
577452.351938775 2.34931613839286 120000
630091.001020408 1.89189777083333 120000
686334.434183673 1.89189777083333 120000
746427.56244898 1.67009464732143 120000
810636.343877551 1.67009464732143 120000
879242.043469388 1.54499231228741 120000
952545.059897959 1.54499231228741 120000
1030866.83887755 1.47383497789116 120000
1114549.87316327 1.47383497789116 120000
1203965.35602041 1.43829417942177 120000
1299499.78765306 1.43829417942177 120000
1401577.93561224 1.42475710544218 120000
1510645.6144898 1.42475710544218 120000
1627179.2527551 1.42028460926871 120000
1751693.54622449 1.42028460926871 120000
1884731.89122449 1.41645388839286 120000
2026881.69153061 1.41645388839286 120000
2178762.87816327 1.42258862244898 120000
2341043.21632653 1.42258862244898 120000
2514434.47867347 1.46011852572279 120000
2699700.09877551 1.46011852572279 120000
2897647.51765306 1.53978635863095 120000
3109151.14418367 1.53978635863095 120000
3335135.13479592 1.65452462053571 120000
3576592.52714286 1.65452462053571 120000
3834583.32673469 1.78544279506803 120000
4110238.33367347 1.78544279506803 120000
4404766.79612245 1.90826104783163 120000
4719460.23704082 1.90826104783163 120000
5055703.93438775 2.0011271292517 120000
5414967.35428571 2.0011271292517 120000
5798830.93816326 2.05398390221088 120000
6208978.44928571 2.05398390221088 120000
6647208.45295918 2.03453133418367 120000
7115441.97 2.03453133418367 120000
7615737.78367347 2.03453133418367 120000
8150286.69959184 2.03453133418367 120000
0 6556973.17878689 130000
13543.6568367347 6556973.17878689 130000
28012.2366326531 6556973.17878689 130000
43463.422755102 6556973.17878689 130000
59966.8330612245 8987080.43328595 130000
77596.0635714286 8987080.43328595 130000
96424.7103061224 9359515.92898621 130000
116534.325612245 9359515.92898621 130000
138014.418163265 126108.492540981 130000
160958.474795918 126108.492540981 130000
185461.971428571 1925.79433445621 130000
211636.296632653 1925.79433445621 130000
239592.838979592 114.862150266794 130000
269450.943367347 114.862150266794 130000
301343.878265306 19.0758149910714 130000
335408.890306122 19.0758149910714 130000
371793.171530612 6.56321933822279 130000
410655.848469388 6.56321933822279 130000
452162.014897959 3.59349974107143 130000
496496.655408163 3.59349974107143 130000
543850.721836735 2.45724100233844 130000
594429.089591837 2.45724100233844 130000
648450.557653061 1.91231136947279 130000
706151.826734694 1.91231136947279 130000
767781.532040816 1.65675581887755 130000
833608.199591837 1.65675581887755 130000
903916.268061224 1.54989240816327 130000
979014.045102041 1.54989240816327 130000
1059223.76193878 1.50319871683673 130000
1144895.49693878 1.50319871683673 130000
1236401.20836735 1.47407524659864 130000
1334138.71255102 1.47407524659864 130000
1438531.68387755 1.45591658886054 130000
1550031.64387755 1.45591658886054 130000
1669125.91755102 1.45297026169218 130000
1796327.68795918 1.45297026169218 130000
1932193.89795918 1.46316016113946 130000
2077309.33755102 1.46316016113946 130000
2232308.52377551 1.47592757886905 130000
2397861.77714286 1.47592757886905 130000
2574687.15612245 1.4826987442602 130000
2763554.43530612 1.4826987442602 130000
2965283.11632653 1.48873643579932 130000
3180748.39510204 1.48873643579932 130000
3410885.14 1.52398876381803 130000
3656691.87 1.52398876381803 130000
3919238.71102041 1.64572055973639 130000
4199663.4177551 1.64572055973639 130000
4499181.31908163 1.90830005484694 130000
4819097.25255102 1.90830005484694 130000
5160797.60806122 2.25082405590986 130000
5525764.25142857 2.25082405590986 130000
5915584.46979592 2.39223118431122 130000
6331948.98255102 2.39223118431122 130000
6776665.86489796 2.06721938945578 130000
7251664.52602041 2.06721938945578 130000
7759009.63265306 2.06721938945578 130000
8300903.09816326 2.06721938945578 130000
0 5578426.77905015 140000
13900.8601020408 5578426.77905015 140000
28740.6614285714 5578426.77905015 140000
44583.2355102041 5578426.77905015 140000
61494.4729591837 8738615.79765242 140000
79546.441632653 8738615.79765242 140000
98819.4457142857 11591348.9314773 140000
119391.730306122 11591348.9314773 140000
141353.895 65328.5074107781 140000
164798.598469388 65328.5074107781 140000
189824.676632653 1246.79081304082 140000
216543.319897959 1246.79081304082 140000
245063.659591837 100.056494771896 140000
275509.240612245 100.056494771896 140000
308011.844183673 20.0148911938775 140000
342707.369693878 20.0148911938775 140000
379746.130102041 7.13064688116496 140000
419284.615612245 7.13064688116496 140000
461491.670918367 3.77090772746599 140000
506550.554285714 3.77090772746599 140000
554650.70122449 2.54704537181122 140000
605995.960816326 2.54704537181122 140000
660810.772959184 2.00090399702381 140000
719325.754795918 2.00090399702381 140000
781790.055204082 1.72889931335034 140000
848471.354795918 1.72889931335034 140000
919655.865918367 1.57695624787415 140000
995644.214489796 1.57695624787415 140000
1076763.7944898 1.48478231653912 140000
1163360.53163265 1.48478231653912 140000
1255803.00153061 1.43188965710034 140000
1354486.54785714 1.43188965710034 140000
1459833.28234694 1.41400138541667 140000
1572292.08479592 1.41400138541667 140000
1692342.72122449 1.42874097810374 140000
1820497.90295918 1.42874097810374 140000
1957305.34571429 1.46862710522959 140000
2103349.82867347 1.46862710522959 140000
2259253.1944898 1.51777052019558 140000
2425680.52653061 1.51777052019558 140000
2603346.32612245 1.55814138945578 140000
2793006.27622449 1.55814138945578 140000
2995469.59591837 1.58227983184524 140000
3211603.15857143 1.58227983184524 140000
3442327.37367347 1.59693791921769 140000
3688628.54132653 1.59693791921769 140000
3951558.8522449 1.61920173937075 140000
4232238.44683673 1.61920173937075 140000
4531867.76969388 1.68267722045068 140000
4851727.56959184 1.68267722045068 140000
5193180.95857143 1.85518107397959 140000
5557685.76642857 1.85518107397959 140000
5946800.71795918 2.24875736904762 140000
6362185.43295918 2.24875736904762 140000
6805612.78071428 3.08505766390306 140000
7278977.11632653 3.08505766390306 140000
7784300.45795918 3.08505766390306 140000
8323738.66408163 3.08505766390306 140000
0 3636085.72769109 150000
14314.3673469388 3636085.72769109 150000
29588.4285714286 3636085.72769109 150000
45888.2959183673 3636085.72769109 150000
63282.2142857143 11106978.2361598 150000
81844.8265306122 11106978.2361598 150000
101652.908163265 8819626.69378775 150000
122789.632653061 8819626.69378775 150000
145344.571428571 115146.637721088 150000
169413.693877551 115146.637721088 150000
195099.367346939 1879.80733599065 150000
222508.224489796 1879.80733599065 150000
251755.428571429 117.149796088435 150000
282968.93877551 117.149796088435 150000
316274.581632653 22.1422170918367 150000
351817.37755102 22.1422170918367 150000
389744.479591837 7.86460246598639 150000
430217.969387755 7.86460246598639 150000
473406.326530612 3.89402011054422 150000
519495.091836735 3.89402011054422 150000
568678.336734694 2.58404241071428 150000
621160.795918367 2.58404241071428 150000
677166.397959184 2.05841896258503 150000
736931.867346939 2.05841896258503 150000
800706.724489796 1.77027976190476 150000
868763.948979592 1.77027976190476 150000
941387.183673469 1.5923587372449 150000
1018887.79591837 1.5923587372449 150000
1101587.81632653 1.48571275510204 150000
1189839.13265306 1.48571275510204 150000
1284012.82653061 1.42896196853741 150000
1384507.70408163 1.42896196853741 150000
1491748.16326531 1.40822636054422 150000
1606188.45918367 1.40822636054422 150000
1728306.30612245 1.41427332057823 150000
1858622.07142857 1.41427332057823 150000
1997685.97959184 1.44305969387755 150000
2146082.37755102 1.44305969387755 150000
2304438.26530612 1.4900224914966 150000
2473423.29591837 1.4900224914966 150000
2653749.7755102 1.54728422619048 150000
2846181.19387755 1.54728422619048 150000
3051525.82653061 1.61177476615646 150000
3270655.92857143 1.61177476615646 150000
3504490.67346939 1.69621449829932 150000
3754021.74489796 1.69621449829932 150000
4020302.67346939 1.82290297619048 150000
4304453.10204082 1.82290297619048 150000
4607677.97959184 1.98820580357143 150000
4931252.63265306 1.98820580357143 150000
5276546.2244898 2.13568320578231 150000
5645015.35714286 2.13568320578231 150000
6038216.86734694 2.18044670493197 150000
6457807.82653061 2.18044670493197 150000
6905560.46938775 2.00304995748299 150000
7383368.59183673 2.00304995748299 150000
7893245.41836734 2.00304995748299 150000
8437342.79591837 2.00304995748299 150000
0 4385233.6232277 160000
14593.5134693878 4385233.6232277 160000
30164.4266326531 4385233.6232277 160000
46780.2214285714 4385233.6232277 160000
64510.5566326531 13122417.8058162 160000
83427.2678571429 13122417.8058162 160000
103613.074897959 10083246.1970658 160000
125152.874387755 10083246.1970658 160000
148135.916632653 382445.256811735 160000
172660.159285714 382445.256811735 160000
198827.913673469 4621.72112688265 160000
226752.375306122 4621.72112688265 160000
256546.739693878 188.187862239796 160000
288337.263367347 188.187862239796 160000
322261.087040816 23.4121693265306 160000
358457.528265306 23.4121693265306 160000
397081.14244898 7.49779667729592 160000
438295.192346939 7.49779667729592 160000
482271.648061224 4.14000333864796 160000
529195.540714286 4.14000333864796 160000
579264.96244898 2.86302102423469 160000
632691.066428571 2.86302102423469 160000
689700.24367347 2.18480486415816 160000
750529.769387755 2.18480486415816 160000
815436.510306123 1.78838021938776 160000
884696.924693878 1.78838021938776 160000
958598.355 1.57125436033163 160000
1037454.26571429 1.57125436033163 160000
1121597.71285714 1.47002691709184 160000
1211381.34397959 1.47002691709184 160000
1307183.92867347 1.43745146237245 160000
1409410.35857143 1.43745146237245 160000
1518489.4705102 1.43738343622449 160000
1634880.57704082 1.43738343622449 160000
1759073.46642857 1.44989117729592 160000
1891592.75632653 1.44989117729592 160000
2032995.71693878 1.47511980803571 160000
2183878.80153061 1.47511980803571 160000
2344877.64642857 1.52206692028061 160000
2516667.07102041 1.52206692028061 160000
2699976.31561225 1.59592971173469 160000
2895571.62673469 1.59592971173469 160000
3104280.20234694 1.69267649936225 160000
3326981.4844898 1.69267649936225 160000
3564611.51295918 1.80040724234694 160000
3818171.63265306 1.80040724234694 160000
4088730.67040816 1.91231479081633 160000
4377429.28867347 1.91231479081633 160000
4685479.9855102 2.02472573278061 160000
5014182.33244898 2.02472573278061 160000
5364918.62081633 2.10365420471939 160000
5739171.27642857 2.10365420471939 160000
6138511.97540816 2.10446598341837 160000
6564623.41255102 2.10446598341837 160000
7019301.47816327 2.0515824559949 160000
7504459.61173469 2.0515824559949 160000
8022144.03979592 2.0515824559949 160000
8574531.59908164 2.0515824559949 160000
0 4951374.53825885 170000
15001.2 4951374.53825885 170000
30993.4089795918 4951374.53825885 170000
48042.3918367347 4951374.53825885 170000
66220.7167346939 13552201.854784 170000
85600.9518367347 13552201.854784 170000
106262.468571429 958736.734933 170000
128291.441632653 958736.734933 170000
151778.58122449 9605.65518705102 170000
176816.865306122 9605.65518705102 170000
203512.878367347 613.428671653061 170000
231975.472653061 613.428671653061 170000
262318.035918367 115.578831734694 170000
294669.830204082 115.578831734694 170000
329160.11755102 29.5768415816327 170000
365934.034285714 29.5768415816327 170000
405138.984489796 9.65527443877551 170000
446935.97877551 9.65527443877551 170000
491499.634285714 4.51857290816327 170000
539009.103673469 4.51857290816327 170000
589663.949387755 2.80669182653061 170000
643666.001632653 2.80669182653061 170000
701242.035918367 2.08030624489796 170000
762625.631020408 2.08030624489796 170000
828070.775510204 1.73885791836735 170000
897842.796734694 1.73885791836735 170000
972231.967346939 1.57604255102041 170000
1051539.89877551 1.57604255102041 170000
1136093.1477551 1.49845225510204 170000
1226240.94857143 1.49845225510204 170000
1322350.67755102 1.46145005102041 170000
1424819.19183674 1.46145005102041 170000
1534063.75836735 1.44951598979592 170000
1650535.66040816 1.44951598979592 170000
1774711.12653061 1.45629090816327 170000
1907098.13387755 1.45629090816327 170000
2048245.47918367 1.47765505102041 170000
2198726.9044898 1.47765505102041 170000
2359161.50693878 1.512158 170000
2530209.20326531 1.512158 170000
2712570.72979592 1.55916667346939 170000
2906994.44571429 1.55916667346939 170000
3114278.60081633 1.62166694897959 170000
3335273.60326531 1.62166694897959 170000
3570884.28734694 1.70666524489796 170000
3822081.2522449 1.70666524489796 170000
4089894.05877551 1.81141190816327 170000
4375422.56816326 1.81141190816327 170000
4679834.67428572 1.90816001020408 170000
5004384.44571429 1.90816001020408 170000
5350400.78693878 1.95462064285714 170000
5719303.31265306 1.95462064285714 170000
6112609.15102041 1.9193712244898 170000
6531928.40816327 1.9193712244898 170000
6978984.57795918 1.72920578571429 170000
7455610.00653061 1.72920578571429 170000
7963764.03428571 1.72920578571429 170000
8505528.46040816 1.72920578571429 170000
0 6005884.18409983 180000
15099.3994897959 6005884.18409983 180000
31205.2744897959 6005884.18409983 180000
48385.6301020408 6005884.18409983 180000
66708.4714285714 9872304.90261836 180000
86250.8709183673 9872304.90261836 180000
107096.701530612 8973488.51748954 180000
129332.103061224 8973488.51748954 180000
153047.748979592 675530.825077742 180000
178341.113265306 675530.825077742 180000
205321.004081633 7377.4392133801 180000
234098.496428571 7377.4392133801 180000
264793.732653061 285.05490356824 180000
297531.38877551 285.05490356824 180000
332452.008673469 36.7299334183674 180000
369696.13622449 36.7299334183674 180000
409422.45 10.6050650829082 180000
451796.429081633 10.6050650829082 180000
496992.619897959 4.87917716836735 180000
545199.169897959 4.87917716836735 180000
596615.560714286 2.95322545280612 180000
651457.141836735 2.95322545280612 180000
709952.86377551 2.12570725765306 180000
772345.278061224 2.12570725765306 180000
838895.070918367 1.74570513711735 180000
909876.529591837 1.74570513711735 180000
985584.342857143 1.56930745854592 180000
1066338.13469388 1.56930745854592 180000
1152471.13010204 1.48346046237245 180000
1244339.22244898 1.48346046237245 180000
1342330.04081633 1.44022527423469 180000
1446844.81530612 1.44022527423469 180000
1558325.57908163 1.42713429209184 180000
1677230.23316327 1.42713429209184 180000
1804055.21479592 1.44661492028061 180000
1939328.69693878 1.44661492028061 180000
2083612.85510204 1.49654672193878 180000
2237508.40102041 1.49654672193878 180000
2401656.8494898 1.56735231186224 180000
2576738.25153061 1.56735231186224 180000
2763482.52857143 1.65811078762755 180000
2962664.93877551 1.65811078762755 180000
3175117.41122449 1.78051052614796 180000
3401721.74540816 1.78051052614796 180000
3643420.94540816 1.9365161192602 180000
3901221.48673469 1.9365161192602 180000
4176193.31632653 2.09707427614796 180000
4469481.18673469 2.09707427614796 180000
4782306.92295918 2.20888599808673 180000
5115971.68928571 2.20888599808673 180000
5471860.52295918 2.24715775829082 180000
5851458.20204082 2.24715775829082 180000
6256342.44489796 2.2588177997449 180000
6688195.24438776 2.2588177997449 180000
7148816.46887755 2.34260102997449 180000
7640121.59540816 2.34260102997449 180000
8164153.04387755 2.34260102997449 180000
8723091.51122449 2.34260102997449 180000
0 5225684.29601239 190000
15470.6828571429 5225684.29601239 190000
31967.1493877551 5225684.29601239 190000
49559.3393877551 5225684.29601239 190000
68319.5239795918 11540923.443198 190000
88322.3056122449 11540923.443198 190000
109653.943367347 9699321.48581045 190000
132400.696326531 9699321.48581045 190000
156658.148877551 819452.236529835 190000
182524.216734694 819452.236529835 190000
210108.472244898 9097.27370272491 190000
239520.487755102 9097.27370272491 190000
270886.154897959 345.192263133929 190000
304331.365306122 345.192263133929 190000
339998.329897959 40.0790437633928 190000
378029.259591837 40.0790437633928 190000
418587.347244898 10.7000165235969 190000
461833.454387755 10.7000165235969 190000
507951.755816326 4.78441144621599 190000
557128.757653061 4.78441144621599 190000
609571.947959183 2.92049645727041 190000
665491.146122449 2.92049645727041 190000
725124.147448979 2.1483659672619 190000
788713.409897959 2.1483659672619 190000
856522.373367347 1.78065263329082 190000
928830.797040816 1.78065263329082 190000
1005939.42204082 1.60287441454082 190000
1088162.97744898 1.60287441454082 190000
1175844.16826531 1.52455155697279 190000
1269342.01877551 1.52455155697279 190000
1369045.8605102 1.49661449404762 190000
1475363.67561224 1.49661449404762 190000
1588738.41612245 1.49469114965986 190000
1709638.67867347 1.49469114965986 190000
1838558.7044898 1.50956792708333 190000
1976034.69867347 1.50956792708333 190000
2122633.17357143 1.53857837159864 190000
2278960.27408163 1.53857837159864 190000
2445661.77765306 1.58221303316327 190000
2623425.42561224 1.58221303316327 190000
2812983.2544898 1.64362891645408 190000
3015123.25265306 1.64362891645408 190000
3230675.37234694 1.72491450148809 190000
3460530.18030612 1.72491450148809 190000
3705638.8577551 1.82362675233844 190000
3967013.20040816 1.82362675233844 190000
4245732.61244898 1.92621969047619 190000
4542948.76918367 1.92621969047619 190000
4859885.61704082 2.00270662840136 190000
5197855.69285714 2.00270662840136 190000
5558250.79857143 2.01538807334184 190000
5942565.31448979 2.01538807334184 190000
6352379.88 1.92898814073129 190000
6789389.36948979 1.92898814073129 190000
7255400.56102041 1.67674346704932 190000
7752334.46765306 1.67674346704932 190000
8282244.98806122 1.67674346704932 190000
8847321.23785714 1.67674346704932 190000
0 5622449.99434573 200000
15671.0497959184 5622449.99434573 200000
32376.3983673469 5622449.99434573 200000
50184.8408163265 5622449.99434573 200000
69169.9167346939 9725925.46726162 200000
89407.5379591837 9725925.46726162 200000
110985.47755102 9533333.40595413 200000
133986.764081633 9533333.40595413 200000
158506.287346939 449371.099646262 200000
184648.426122449 449371.099646262 200000
212515.186938776 4911.38036277211 200000
242222.809795918 4911.38036277211 200000
273892.279183673 340.536333336735 200000
307656.440816327 340.536333336735 200000
343648.140408163 50.015586085034 200000
382019.201632653 50.015586085034 200000
422923.820408163 12.1007718027211 200000
466530.426122449 12.1007718027211 200000
513019.309387755 4.84116371768707 200000
562577.87755102 4.84116371768707 200000
615407.771428571 2.86189107142857 200000
671729.609795918 2.86189107142857 200000
731773.500408163 2.13791652380952 200000
795781.412244898 2.13791652380952 200000
864016.664489796 1.79469716666667 200000
936761.554285714 1.79469716666667 200000
1014310.24 1.60790759183673 200000
1096982.97469388 1.60790759183673 200000
1185114.24489796 1.51014639115646 200000
1279069.37632653 1.51014639115646 200000
1379230.30040816 1.47244252380952 200000
1486007.4155102 1.47244252380952 200000
1599837.21469388 1.47608985034014 200000
1721187.03020408 1.47608985034014 200000
1850552.66122449 1.50752703741497 200000
1988463.11836735 1.50752703741497 200000
2135482.99591837 1.56076910884354 200000
2292217.21632653 1.56076910884354 200000
2459301.54122449 1.63140764285714 200000
2637423.92163265 1.63140764285714 200000
2827312.63673469 1.70482368027211 200000
3029743.41061225 1.70482368027211 200000
3245548.90122449 1.76423853061225 200000
3475606.83918367 1.76423853061225 200000
3720863.75020408 1.80646943197279 200000
3982320.72163265 1.80646943197279 200000
4261047.63591837 1.83578642517007 200000
4558185.54285714 1.83578642517007 200000
4874953.77632653 1.84951579251701 200000
5212645.20979592 1.84951579251701 200000
5572642.86204082 1.83570240816327 200000
5956422.26938776 1.83570240816327 200000
6365551.48571429 1.7905852755102 200000
6801705.31591837 1.7905852755102 200000
7266670.06040816 1.73315718027211 200000
7762350.63183673 1.73315718027211 200000
8290772.92734694 1.73315718027211 200000
8854100.43428572 1.73315718027211 200000
0 2631768.70014546 20000
10111.0439795918 2631768.70014546 20000
20954.5701020408 2631768.70014546 20000
32583.596122449 2631768.70014546 20000
45055.3254081633 2242.67433781781 20000
58431.1469387755 2242.67433781781 20000
72775.2401020408 85.5097764232568 20000
88160.1555102041 85.5097764232568 20000
104659.838979592 37.403619289966 20000
122355.212346939 37.403619289966 20000
141331.383061224 18.6890406209609 20000
161684.620204082 18.6890406209609 20000
183512.588061224 8.16608879634354 20000
206921.322142857 8.16608879634354 20000
232026.624387755 4.56335502997449 20000
258952.667959184 4.56335502997449 20000
287827.811632653 3.20862058673469 20000
318797.156632653 3.20862058673469 20000
352009.989795918 2.57368646258503 20000
387629.55 2.57368646258503 20000
425831.632959184 2.19190339902211 20000
466800.405612245 2.19190339902211 20000
510739.567755102 1.89662589519558 20000
557861.190408163 1.89662589519558 20000
608399.667857143 1.66792287946429 20000
662599.160816326 1.66792287946429 20000
720726.153265306 1.4893571037415 20000
783065.266836734 1.4893571037415 20000
849923.446428571 1.35516753784014 20000
921625.774591837 1.35516753784014 20000
998523.842755102 1.26726968069728 20000
1080994.35602041 1.26726968069728 20000
1169441.92357143 1.22218424213435 20000
1264299.05867347 1.22218424213435 20000
1366030.36428571 1.21520822172619 20000
1475132.53306122 1.21520822172619 20000
1592142.71857143 1.24246702147109 20000
1717631.55928571 1.24246702147109 20000
1852214.34020408 1.30438792261905 20000
1996549.59765306 1.30438792261905 20000
2151344.70010204 1.40436882844388 20000
2317357.24336735 1.40436882844388 20000
2495400.63142857 1.52922796704932 20000
2686346.86683673 1.52922796704932 20000
2891129.34112245 1.64509966602891 20000
3110752.60122449 1.64509966602891 20000
3346290.95428571 1.72307122746599 20000
3598898.23408163 1.72307122746599 20000
3869810.59142857 1.75000738626701 20000
4160356.26061224 1.75000738626701 20000
4471955.55938775 1.72249570578231 20000
4806137.63142857 1.72249570578231 20000
5164534.8655102 1.65445625340136 20000
5548905.21877551 1.65445625340136 20000
5961130.82153061 1.52177525191327 20000
6403227.74367347 1.52177525191327 20000
6877362.73714286 1.52177525191327 20000
7385857.42153061 1.52177525191327 20000
0 4808883.49150809 210000
16347.695 4808883.49150809 210000
33758.9810204082 4808883.49150809 210000
52306.6036734694 4808883.49150809 210000
72063.3085714286 14868370.3189118 210000
93104.3497959184 14868370.3189118 210000
115520.032244898 8462777.99446722 210000
139395.643877551 8462777.99446722 210000
164826.506530612 771365.293007795 210000
191915.46744898 771365.293007795 210000
220767.882346939 10354.9187587304 210000
251501.649285714 10354.9187587304 210000
284239.683265306 425.972896601616 210000
319107.407755102 425.972896601616 210000
356250.313979592 51.3789612419218 210000
395813.893163265 51.3789612419218 210000
437956.178877551 13.0888326728316 210000
482842.730102041 13.0888326728316 210000
530654.156632653 5.31726527295918 210000
581583.610612245 5.31726527295918 210000
635831.769591837 3.00328065242347 210000
693614.361938776 3.00328065242347 210000
755162.166836735 2.15583085161565 210000
820721.014285714 2.15583085161565 210000
890551.785102041 1.79718766687925 210000
964932.919387755 1.79718766687925 210000
1044162.925 1.62502827721088 210000
1128555.36061224 1.62502827721088 210000
1218446.36112245 1.53932223979592 210000
1314197.14612245 1.53932223979592 210000
1416186.4944898 1.50118827912415 210000
1524823.28673469 1.50118827912415 210000
1640538.97959184 1.49293123405612 210000
1763795.13142857 1.49293123405612 210000
1895085.91071429 1.50764236181973 210000
2034930.57061224 1.50764236181973 210000
2183888.49979592 1.54744863541667 210000
2342554.2055102 1.54744863541667 210000
2511559.82204082 1.61649425531463 210000
2691577.61918367 1.61649425531463 210000
2883327.52765306 1.70341794557823 210000
3087574.63061224 1.70341794557823 210000
3305129.16367347 1.78166128656463 210000
3536864.07418367 1.78166128656463 210000
3783697.46193878 1.82480173405612 210000
4046620.17234694 1.82480173405612 210000
4326673.22020408 1.81368085310374 210000
4624977.89132653 1.81368085310374 210000
4942723.20020408 1.74437916028912 210000
5281175.92387755 1.74437916028912 210000
5641683.11040816 1.64158417517007 210000
6025682.1127551 1.64158417517007 210000
6434708.11418367 1.55022362967687 210000
6870389.11132653 1.55022362967687 210000
7334460.965 1.50043573830782 210000
7828774.92561224 1.50043573830782 210000
8355302.65010204 1.50043573830782 210000
8916143.72734694 1.50043573830782 210000
0 6602527.08314179 220000
16964.5540816327 6602527.08314179 220000
35013.1391836735 6602527.08314179 220000
54214.8357142857 6602527.08314179 220000
74644.0379591837 14015842.7895581 220000
96375.1402040816 14015842.7895581 220000
119493.164489796 9276557.77116201 220000
144088.446734694 9276557.77116201 220000
170256.636734694 1055663.73025766 220000
198093.384285714 1055663.73025766 220000
227707.623877551 15185.8847180332 220000
259213.603877551 15185.8847180332 220000
292730.886530612 657.25845829932 220000
328387.004897959 657.25845829932 220000
366320.119795918 73.0333684617347 220000
406676.362857143 73.0333684617347 220000
449609.836530612 15.5306208303571 220000
495285.271020408 15.5306208303571 220000
543878.024285714 5.48373343282313 220000
595571.425102041 5.48373343282313 220000
650564.743877551 2.99339025382653 220000
709073.192653061 2.99339025382653 220000
771314.640408163 2.16981672746599 220000
837530.868571429 2.16981672746599 220000
907976.943265306 1.81253042091837 220000
982918.558367347 1.81253042091837 220000
1062647.97714286 1.6334250710034 220000
1147465.43367347 1.6334250710034 220000
1237703.04530612 1.54739007227891 220000
1333698.24326531 1.54739007227891 220000
1435825.65591837 1.5200734204932 220000
1544473.19632653 1.5200734204932 220000
1660060.66081633 1.52789478401361 220000
1783026.44428571 1.52789478401361 220000
1913843.48183673 1.54650442602041 220000
2053016.59183673 1.54650442602041 220000
2201074.50510204 1.55966734353742 220000
2358585.80653061 1.55966734353742 220000
2526153.62122449 1.56789278316327 220000
2704423.58530612 1.56789278316327 220000
2894075.87510204 1.58178635884354 220000
3095838.49183673 1.58178635884354 220000
3310484.60469388 1.60946280442177 220000
3538837.86469388 1.60946280442177 220000
3781769.7477551 1.65045715561224 220000
4040215.49632653 1.65045715561224 220000
4315163.49163265 1.69449038052721 220000
4607665.88142857 1.69449038052721 220000
4918849.2077551 1.71805964158163 220000
5249898.46530612 1.71805964158163 220000
5602088.98469388 1.69141275977891 220000
5976767.83387755 1.69141275977891 220000
6375372.41673469 1.60427070323129 220000
6799427.81612245 1.60427070323129 220000
7250560.07857143 1.44144463860544 220000
7730501.52816327 1.44144463860544 220000
8241085.45265306 1.44144463860544 220000
8784275.32979592 1.44144463860544 220000
0 4555382.51237617 230000
17241.426122449 4555382.51237617 230000
35583.0812244898 4555382.51237617 230000
55095.2502040816 4555382.51237617 230000
75850.9212244898 15490442.1130563 230000
97931.192244898 15490442.1130563 230000
121419.864489796 12380760.1040141 230000
146406.145714286 12380760.1040141 230000
172984.650204082 7060520.32700367 230000
201260.805306122 7060520.32700367 230000
231337.335102041 57083.6209831531 230000
263335.886530612 57083.6209831531 230000
297372.7 1447.67301259694 230000
333582.93877551 1447.67301259694 230000
372101.766122449 105.538411720238 230000
413075.158367347 105.538411720238 230000
456665.311428571 17.9534830994898 230000
503034.42122449 17.9534830994898 230000
552358.2 5.96700761904762 230000
604831.282857143 5.96700761904762 230000
660651.008163265 3.13197502465986 230000
720030.933877551 3.13197502465986 230000
783198.134285714 2.17489520663265 230000
850393.2 2.17489520663265 230000
921872.94122449 1.78752855187075 230000
997913.091020408 1.78752855187075 230000
1078805.60204082 1.62323197108844 230000
1164855.94326531 1.62323197108844 230000
1256393.91306122 1.55321176785714 230000
1353770.93591837 1.55321176785714 230000
1457357.35918367 1.51744418877551 230000
1567553.26612245 1.51744418877551 230000
1684774.95959184 1.49727107142857 230000
1809473.88489796 1.49727107142857 230000
1942128.52 1.49500708673469 230000
2083241.6722449 1.49500708673469 230000
2233356.69795918 1.51566453911565 230000
2393046.68938776 1.51566453911565 230000
2562919.88122449 1.56386713860544 230000
2743630.46367347 1.56386713860544 230000
2935865.06612245 1.64213793282313 230000
3140361.68 1.64213793282313 230000
3357901.54897959 1.74028899064626 230000
3589317.27877551 1.74028899064626 230000
3835490.13387755 1.83082021938775 230000
4097366.25714286 1.83082021938775 230000
4375945.85673469 1.88840540221088 230000
4672294.01918367 1.88840540221088 230000
4987543.41265306 1.90830819302721 230000
5322899.69346939 1.90830819302721 230000
5679644.20938775 1.91951548044218 230000
6059142.10938776 1.91951548044218 230000
6462847.75020408 2.01261481122449 230000
6892301.99306122 2.01261481122449 230000
7349145.72 2.71485555612245 230000
7835127.94367347 2.71485555612245 230000
8352108.51061224 2.71485555612245 230000
8902063.5077551 2.71485555612245 230000
0 8802259.37309551 240000
17273.6030612245 8802259.37309551 240000
35657.8244897959 8802259.37309551 240000
55227.7785714286 8802259.37309551 240000
76055.8969387755 14405560.7907755 240000
98225.3418367347 14405560.7907755 240000
121821.958163265 4531460.21349156 240000
146939.63877551 4531460.21349156 240000
173672.276530612 973883.600706556 240000
202127.17755102 973883.600706556 240000
232414.330612245 18136.2612799575 240000
264651.77244898 18136.2612799575 240000
298965.587755102 665.208923046343 240000
335487.226530612 665.208923046343 240000
374361.552040816 68.5416739370748 240000
415738.792857143 68.5416739370748 240000
459779.908163265 15.555207287415 240000
506656.587755102 15.555207287415 240000
556551.252040816 5.88000664540816 240000
609659.734693878 5.88000664540816 240000
666185.917346939 3.19838193452381 240000
726352.460204082 3.19838193452381 240000
790392.754081632 2.23313541879252 240000
858556.285714286 2.23313541879252 240000
931108.637755102 1.83120692389456 240000
1008334.17142857 1.83120692389456 240000
1090530.66122449 1.64989869897959 240000
1178020.0255102 1.64989869897959 240000
1271140.27857143 1.56632287840136 240000
1370258.94387755 1.56632287840136 240000
1475759.64081633 1.52958729804422 240000
1588052.81530612 1.52958729804422 240000
1707575.73979592 1.51877285289116 240000
1834792.51326531 1.51877285289116 240000
1970202.10918367 1.52504914328231 240000
2114330.32755102 1.52504914328231 240000
2267740.5255102 1.54828762542517 240000
2431025.56938776 1.54828762542517 240000
2604823.93061224 1.5968268792517 240000
2789814.32040816 1.5968268792517 240000
2986715.68979592 1.67735118197279 240000
3196295.27755102 1.67735118197279 240000
3419368.61020408 1.7848249702381 240000
3656804.86734694 1.7848249702381 240000
3909526.88163265 1.9003746619898 240000
4178524.55204082 1.9003746619898 240000
4464838.74795918 1.99782203443878 240000
4769590.81836735 1.99782203443878 240000
5093963.81326531 2.04977608205782 240000
5439221.2622449 2.04977608205782 240000
5806709.85714286 2.02951646258503 240000
6197859.45204082 2.02951646258503 240000
6614193.79387755 1.91817518282313 240000
7057335.8877551 1.91817518282313 240000
7529010.67959184 1.67692642857143 240000
8031055.78673469 1.67692642857143 240000
8565424.18061225 1.67692642857143 240000
9134200.28265306 1.67692642857143 240000
0 7772358.72369011 250000
17435.2385714286 7772358.72369011 250000
35985.9824489796 7772358.72369011 250000
55715.1155102041 7772358.72369011 250000
76704.6602040816 14611537.9090507 250000
99033.9048979592 14611537.9090507 250000
122784.872040816 9937517.27655375 250000
148053.254489796 9937517.27655375 250000
174932.011020408 2021597.06245917 250000
203525.036734694 2021597.06245917 250000
233938.960816327 29804.5095321216 250000
266296.816938775 29804.5095321216 250000
300716.170612245 952.52338492602 250000
337328.257755102 952.52338492602 250000
376277.984693878 79.9521966713435 250000
417712.991836735 79.9521966713435 250000
461786.387755102 15.8149705318878 250000
508673.153673469 15.8149705318878 250000
558551.004897959 5.88274687287415 250000
611608.593061224 5.88274687287415 250000
668050.974285714 3.25429192729592 250000
728091.406938775 3.25429192729592 250000
791959.553877551 2.27083137202381 250000
859904.216530612 2.27083137202381 250000
932179.664489796 1.83133344557823 250000
1009064.77408163 1.83133344557823 250000
1090854.82612245 1.63390427168367 250000
1177858.77183673 1.63390427168367 250000
1270412.90326531 1.5532146875 250000
1368867.18285714 1.5532146875 250000
1473604.38204082 1.52509351870748 250000
1585018.20857143 1.52509351870748 250000
1703537.91326531 1.52100948426871 250000
1829614.61959184 1.52100948426871 250000
1963734.99408163 1.53248123511905 250000
2106404.84183673 1.53248123511905 250000
2258176.44734694 1.55842653061224 250000
2419626.70183673 1.55842653061224 250000
2591373.5077551 1.59500056845238 250000
2774073.04469388 1.59500056845238 250000
2968422.50346939 1.63717947363946 250000
3175168.28836735 1.63717947363946 250000
3395097.81489796 1.68615940688775 250000
3629055.91428571 1.68615940688775 250000
3877931.16306122 1.7436947372449 250000
4142680.48979592 1.7436947372449 250000
4424312.77061225 1.80554763818027 250000
4723907.9677551 1.80554763818027 250000
5042606.19326531 1.86705308290816 250000
5381632.31571428 1.86705308290816 250000
5742276.82163265 1.91909176998299 250000
6125923.15632653 1.91909176998299 250000
6534036.78755102 1.93856070960884 250000
6968176.14183673 1.93856070960884 250000
7430003.54081633 1.8479372954932 250000
7921282.46714286 1.8479372954932 250000
8443891.23489796 1.8479372954932 250000
8999831.19183673 1.8479372954932 250000
0 6029639.61458794 260000
18101.1404081633 6029639.61458794 260000
37345.782244898 6029639.61458794 260000
57808.4393877551 6029639.61458794 260000
79560.7597959184 21497234.2342198 260000
102688.721020408 21497234.2342198 260000
127275.434693878 15365698.6898117 260000
153418.342040816 15365698.6898117 260000
181209.15244898 4274624.37247276 260000
210756.770816326 4274624.37247276 260000
242170.102040816 54238.0721060778 260000
275569.514693878 54238.0721060778 260000
311075.377346939 1709.78595884311 260000
348825.254081633 1709.78595884311 260000
388959.574897959 116.923767404337 260000
431630.233469388 116.923767404337 260000
476994.855306122 18.6722462908163 260000
525225.395510204 18.6722462908163 260000
576502.406938775 6.24353451785714 260000
631017.906122449 6.24353451785714 260000
688975.373265306 3.36674357270408 260000
750595.484081633 3.36674357270408 260000
816104.646122449 2.34437496045918 260000
885755.060204081 2.34437496045918 260000
959804.658979592 1.87108645408163 260000
1038528.57061225 1.87108645408163 260000
1122227.71653061 1.64319220790816 260000
1211211.61591837 1.64319220790816 260000
1305815.58122449 1.54940502933673 260000
1406397.8522449 1.54940502933673 260000
1513330.99836735 1.52318187627551 260000
1627019.11408163 1.52318187627551 260000
1747886.35530612 1.53157065816327 260000
1876391.26897959 1.53157065816327 260000
2013009.59755102 1.56249869387755 260000
2158257.20632653 1.56249869387755 260000
2312681.48571429 1.60741002295918 260000
2476858.48530612 1.60741002295918 260000
2651404.37755102 1.65261391454082 260000
2836975.4577551 1.65261391454082 260000
3034268.14408163 1.68671237244898 260000
3244021.84346939 1.68671237244898 260000
3467024.68346939 1.71220113392857 260000
3704113.5122449 1.71220113392857 260000
3956176.7644898 1.74025728061224 260000
4224160.19326531 1.74025728061224 260000
4509069.73591837 1.77501251147959 260000
4811977.24591837 1.77501251147959 260000
5134014.76102041 1.81466965688775 260000
5476394.56469388 1.81466965688775 260000
5840400.58836735 1.8788184630102 260000
6227397.00918367 1.8788184630102 260000
6638836.8477551 2.04171606887755 260000
7076264.83408163 2.04171606887755 260000
7541320.27346939 2.56571341836735 260000
8035751.37612245 2.56571341836735 260000
8561412.39122449 2.56571341836735 260000
9120275.07061224 2.56571341836735 260000
0 4062418.30692596 270000
18451.7666326531 4062418.30692596 270000
38058.0605102041 4062418.30692596 270000
58889.747755102 4062418.30692596 270000
81023.6 16828670.2171024 270000
104542.294387755 16828670.2171024 270000
129528.508061224 17883395.4864815 270000
156076.729183673 17883395.4864815 270000
184281.445918367 17025204.1667057 270000
214251.910204082 17025204.1667057 270000
246094.42122449 130454.109907047 270000
279927.089183673 130454.109907047 270000
315873.929795918 2182.80676332228 270000
354067.817040816 2182.80676332228 270000
394650.483163265 128.544151783801 270000
437766.613163265 128.544151783801 270000
483578.608571429 21.0673786177721 270000
532251.823673469 21.0673786177721 270000
583966.376530612 6.95415657227891 270000
638914.19622449 6.95415657227891 270000
697296.070102041 3.56126256441326 270000
759327.549285714 3.56126256441326 270000
825235.995918367 2.36933375488946 270000
895260.583163265 2.36933375488946 270000
969664.10622449 1.85915303741497 270000
1048715.26581633 1.85915303741497 270000
1132706.38469388 1.63279975255102 270000
1221947.50214286 1.63279975255102 270000
1316766.37397959 1.54675154761905 270000
1417511.42530612 1.54675154761905 270000
1524548.7977551 1.53238762436224 270000
1638280.06602041 1.53238762436224 270000
1759115.66306122 1.5493290567602 270000
1887504.40765306 1.5493290567602 270000
2023915.78785714 1.57656822257653 270000
2168854.72479592 1.57656822257653 270000
2322849.76163265 1.60518534077381 270000
2486467.82734694 1.60518534077381 270000
2660311.28397959 1.63217229209184 270000
2845020.87938775 1.63217229209184 270000
3041269.84173469 1.66074634927721 270000
3249787.50153061 1.66074634927721 270000
3471335.66959184 1.69522591666667 270000
3706726.35357143 1.69522591666667 270000
3956830.61622449 1.73153250127551 270000
4222563.81163265 1.73153250127551 270000
4504906.2544898 1.76595055293367 270000
4804891.40908163 1.76595055293367 270000
5123623.60581633 1.81417273469388 270000
5462278.04122449 1.81417273469388 270000
5822091.91969388 1.90237399022109 270000
6204396.93377551 1.90237399022109 270000
6610589.73663265 2.02996992006803 270000
7042170.32785714 2.02996992006803 270000
7500721.38418367 2.13002525701531 270000
7987928.92877551 2.13002525701531 270000
8505585.28397959 2.13002525701531 270000
9055592.02408163 2.13002525701531 270000
0 5511280.58138344 280000
18886.7555102041 5511280.58138344 280000
38949.7540816327 5511280.58138344 280000
60258.9016326531 5511280.58138344 280000
82893.2222448979 13479744.275325 280000
106931.74 13479744.275325 280000
132465.636530612 15993511.8730929 280000
159586.093469388 15993511.8730929 280000
188390.37122449 17254849.0916877 280000
218987.887755102 17254849.0916877 280000
251481.982244898 481606.979445013 280000
286000.308979592 481606.979445013 280000
322661.404081633 5062.25351026148 280000
361602.04 5062.25351026148 280000
402962.028571429 206.893777622024 280000
446890.299795918 206.893777622024 280000
493550.980612245 25.8058014255952 280000
543111.237346939 25.8058014255952 280000
595750.393877551 7.3387727002551 280000
651662.971020408 7.3387727002551 280000
711046.528979592 3.57875877253401 280000
774122.943061224 3.57875877253401 280000
841120.167346939 2.37001959056122 280000
912278.313469388 2.37001959056122 280000
987861.808163265 1.86907783205782 280000
1068141.15693878 1.86907783205782 280000
1153408.14102041 1.64599310289116 280000
1243972.77795918 1.64599310289116 280000
1340169.40040816 1.55737595365646 280000
1442341.45918367 1.55737595365646 280000
1550862.79897959 1.53656247959184 280000
1666128.54020408 1.53656247959184 280000
1788558.11836735 1.5457249672619 280000
1918595.28408163 1.5457249672619 280000
2056714.18183673 1.5603963452381 280000
2203416.31061224 1.5603963452381 280000
2359236.60265306 1.57049597746599 280000
2524740.38408163 1.57049597746599 280000
2700526.41428571 1.58005738477891 280000
2887239.04346939 1.58005738477891 280000
3085553.01571429 1.59727425 280000
3296191.70530612 1.59727425 280000
3519921.03795918 1.62825067687075 280000
3757555.56959184 1.62825067687075 280000
4009955.44693878 1.68126899702381 280000
4278041.6044898 1.68126899702381 280000
4562786.64632653 1.77272290816327 280000
4865230.04306122 1.77272290816327 280000
5186465.97428571 1.92513553996599 280000
5527664.60428572 1.92513553996599 280000
5890069.04265306 2.15889611862245 280000
6274995.34428571 2.15889611862245 280000
6683841.62755102 2.43847546768707 280000
7118094.15306122 2.43847546768707 280000
7579336.44183673 2.56347662117347 280000
8069240.15714286 2.56347662117347 280000
8589589.41959184 2.56347662117347 280000
9142274.72836735 2.56347662117347 280000
0 4868524.16372336 290000
19239.49 4868524.16372336 290000
39673.305 4868524.16372336 290000
61372.7942857143 4868524.16372336 290000
84418.6135714286 13298153.6883978 290000
108891.418571429 13298153.6883978 290000
134884.273571429 15547395.5885991 290000
162490.242857143 15547395.5885991 290000
191805.492857143 8809499.67179809 290000
222941.700714286 8809499.67179809 290000
256007.441428571 81451.3159977991 290000
291123.698571429 81451.3159977991 290000
328420.762142857 2470.67920096131 290000
368025.82 2470.67920096131 290000
410090.877142857 177.700702028274 290000
454764.836428571 177.700702028274 290000
502209.009285714 27.3989400267857 290000
552594.013571428 27.3989400267857 290000
606105.977857143 8.03900286755952 290000
662934.132857143 8.03900286755952 290000
723289.424285714 3.74862296577381 290000
787385.9 3.74862296577381 290000
855459.322857143 2.35364102529762 290000
927751.66 2.35364102529762 290000
1004529.69571429 1.809402375 290000
1086069.52071429 1.809402375 290000
1172668.94071429 1.60299354464286 290000
1264635.06785714 1.60299354464286 290000
1362306.03571429 1.54881591220238 290000
1466035.48857143 1.54881591220238 290000
1576198.78571429 1.56600695386905 290000
1693193.00142857 1.56600695386905 290000
1817443.12928571 1.61050977827381 290000
1949398.98 1.61050977827381 290000
2089538.28357143 1.65415951339286 290000
2238369.79142857 1.65415951339286 290000
2396433.27642857 1.68602110565476 290000
2564296.43071429 1.68602110565476 290000
2742573.47857143 1.70933241666667 290000
2931906.56357143 1.70933241666667 290000
3132981.25928571 1.72914089136905 290000
3346526.56928571 1.72914089136905 290000
3573314.92714286 1.74280324553571 290000
3814168.40071429 1.74280324553571 290000
4069961.79428571 1.73920993005952 290000
4341616.44428571 1.73920993005952 290000
4630121.93428571 1.70982358928571 290000
4936520.58428571 1.70982358928571 290000
5261919.85928571 1.66453230357143 290000
5607498.57357143 1.66453230357143 290000
5974513.095 1.62715148214286 290000
6364288.03857143 1.62715148214286 290000
6778237.98142857 1.60675489285714 290000
7217861.25857143 1.60675489285714 290000
7684749.26928571 1.5555759985119 290000
8180592.68142857 1.5555759985119 290000
8707187.63571429 1.5555759985119 290000
9266441.95 1.5555759985119 290000
0 7859680.28470393 300000
19393.0714285714 7859680.28470393 300000
39995.8714285714 7859680.28470393 300000
61876.9928571428 7859680.28470393 300000
85120.6178571428 18868009.9823433 300000
109810.928571429 18868009.9823433 300000
136038.342857143 8847278.61613112 300000
163893.278571429 8847278.61613112 300000
193484.860714286 11226679.4376945 300000
224912.860714286 11226679.4376945 300000
258298.875 356856.056536473 300000
293761.382142857 356856.056536473 300000
331428.214285714 5901.61821850446 300000
371439.675 5901.61821850446 300000
413939.185714286 266.054401741071 300000
459082.639285714 266.054401741071 300000
507035.282142857 32.5104225669643 300000
557971.714285714 32.5104225669643 300000
612072.771428571 8.69503453125 300000
669541.114285714 8.69503453125 300000
730585.639285714 3.90683089285714 300000
795427.714285714 3.90683089285714 300000
864301.178571429 2.43619613839286 300000
937458.578571429 2.43619613839286 300000
1015168.05 1.86801214285714 300000
1097710.2 1.86801214285714 300000
1185387.46071429 1.62877506696429 300000
1278520.97142857 1.62877506696429 300000
1377444.34285714 1.53787654017857 300000
1482525.48214286 1.53787654017857 300000
1594138.53214286 1.52585330357143 300000
1712698.16785714 1.52585330357143 300000
1838628.41785714 1.55449861607143 300000
1972396.96071429 1.55449861607143 300000
2114483.94642857 1.59746658482143 300000
2265410.05714286 1.59746658482143 300000
2425724.03571429 1.64350694196429 300000
2596008.92142857 1.64350694196429 300000
2776888.28571429 1.69358752232143 300000
2969019.99642857 1.69358752232143 300000
3173102.45357143 1.75379464285714 300000
3389880.825 1.75379464285714 300000
3620140.81071429 1.83570984375 300000
3864727.35 1.83570984375 300000
4124525.91428571 1.95290879464286 300000
4400487.45 1.95290879464286 300000
4693615.90714286 2.10893805803571 300000
5004974.475 2.10893805803571 300000
5335704.28928571 2.28618174107143 300000
5687005.725 2.28618174107143 300000
6060160.22142857 2.44721256696429 300000
6456527.16428571 2.44721256696429 300000
6877550.12142857 2.57944868303571 300000
7324759.96071428 2.57944868303571 300000
7799793.55714286 2.76266825892857 300000
8304371.96785714 2.76266825892857 300000
8840340.96428571 2.76266825892857 300000
9409646.08928571 2.76266825892857 300000
0 5500959.80834885 30000
10528.1224489796 5500959.80834885 30000
21812.0346938776 5500959.80834885 30000
33901.7306122449 5500959.80834885 30000
46857.4969387755 82870.0080147874 30000
60742.5612244898 82870.0080147874 30000
75620.1510204082 1078.80561801871 30000
91563.7867346939 1078.80561801871 30000
108648.459183673 109.890586479592 30000
126956.51122449 109.890586479592 30000
146576.167346939 24.3878589540816 30000
167600.063265306 24.3878589540816 30000
190129.657142857 9.67406037414966 30000
214273.759183673 9.67406037414966 30000
240144.120408163 5.29411575467687 30000
267868.666326531 5.29411575467687 30000
297578.263265306 3.37624707057823 30000
329414.070408163 3.37624707057823 30000
363530.480612245 2.50108463860544 30000
400089.23877551 2.50108463860544 30000
439266.793877551 2.06662497661565 30000
481248.417346939 2.06662497661565 30000
526237.025510204 1.82319890518708 30000
574445.82755102 1.82319890518708 30000
626107.147959184 1.65047495960884 30000
681468.015306122 1.65047495960884 30000
740793.103061225 1.52037140731293 30000
804366.2 1.52037140731293 30000
872490.210204082 1.4253003295068 30000
945493.034693877 1.4253003295068 30000
1023723.16020408 1.35356891794218 30000
1107554.07040816 1.35356891794218 30000
1197388.65714286 1.30451242559524 30000
1293654.80918367 1.30451242559524 30000
1396814.23469388 1.27880785289116 30000
1507360.99081633 1.27880785289116 30000
1625822.95408163 1.2758272130102 30000
1752767.70204082 1.2758272130102 30000
1888802.51326531 1.29680197278912 30000
2034577.30816327 1.29680197278912 30000
2190789.06020408 1.34234480229592 30000
2358187.67755102 1.34234480229592 30000
2537573.0622449 1.41124567814626 30000
2729802.4622449 1.41124567814626 30000
2935794.88265306 1.50112131377551 30000
3156539.90816327 1.50112131377551 30000
3393088.88061224 1.60326260416667 30000
3646576.95510204 1.60326260416667 30000
3918215.74795918 1.70969258503401 30000
4209305.1 1.70969258503401 30000
4521237.4877551 1.82549335459184 30000
4855505.3755102 1.82549335459184 30000
5213708.56734694 1.93336923681973 30000
5597560.08877551 1.93336923681973 30000
6008896.47959184 1.93736078231293 30000
6449688.08673469 1.93736078231293 30000
6922040.53469388 1.93736078231293 30000
7428216.78163265 1.93736078231293 30000
0 3609960.68916264 40000
10947.4414285714 3609960.68916264 40000
22670.1142857143 3609960.68916264 40000
35225.1571428571 3609960.68916264 40000
48669.7085714286 3456782.00943239 40000
63065.54 3456782.00943239 40000
78483.6885714286 3780.85241866071 40000
94995.1914285714 3780.85241866071 40000
112675.718571429 68.0149757142857 40000
131610.205714286 68.0149757142857 40000
151888.221428571 15.0830964821429 40000
173602.422857143 15.0830964821429 40000
196856.277142857 8.58822970833333 40000
221757.884285714 8.58822970833333 40000
248424.61 5.52037744642857 40000
276983.085714286 5.52037744642857 40000
307564.575714286 3.71013355952381 40000
340315.787142857 3.71013355952381 40000
375386.515714286 2.75413061904762 40000
412945.088571429 2.75413061904762 40000
453164.465714286 2.24402730952381 40000
496236.138571428 2.24402730952381 40000
542360.864285714 1.92650929761905 40000
591754.842857143 1.92650929761905 40000
644651.261428571 1.6934540625 40000
701297.205714286 1.6934540625 40000
761958.292857143 1.51481237797619 40000
826918.671428571 1.51481237797619 40000
896485.654285714 1.38963836904762 40000
970983.541428571 1.38963836904762 40000
1050761.34142857 1.31850149107143 40000
1136195.86 1.31850149107143 40000
1227687.06714286 1.28998689880952 40000
1325662.73 1.28998689880952 40000
1430584.59 1.28907963095238 40000
1542943.73 1.28907963095238 40000
1663268.29571429 1.308415375 40000
1792121.95142857 1.308415375 40000
1930110.05714286 1.34059121130952 40000
2077879.66857143 1.34059121130952 40000
2236124.17 1.37268983333333 40000
2405586.36285714 1.37268983333333 40000
2587063.09857143 1.39929337202381 40000
2781403.73428571 1.39929337202381 40000
2989519.39857143 1.43233786904762 40000
3212389.16857143 1.43233786904762 40000
3451058.52571429 1.4889391577381 40000
3706647.07714286 1.4889391577381 40000
3980351.64428571 1.57634572916667 40000
4273460.16142857 1.57634572916667 40000
4587347.04285714 1.72067531547619 40000
4923485.53714286 1.72067531547619 40000
5283450.81571429 2.00724005059524 40000
5668933.87142857 2.00724005059524 40000
6081743.06285714 2.60512313392857 40000
6523816.46857143 2.60512313392857 40000
6997228.06428571 2.60512313392857 40000
7504198.53285714 2.60512313392857 40000
0 4845886.10738306 50000
11129.7382653061 4845886.10738306 50000
23048.5192857143 4845886.10738306 50000
35812.8153061224 4845886.10738306 50000
49482.2359183673 2413712.53886709 50000
64122.6654081633 2413712.53886709 50000
79801.5567346939 4328.21145879443 50000
96592.6375510204 4328.21145879443 50000
114574.341530612 168.715132412415 50000
133832.945714286 168.715132412415 50000
154456.295816327 27.2492732374575 50000
176544.786938776 27.2492732374575 50000
200198.814183673 9.5926702982568 50000
225531.322040816 9.5926702982568 50000
252661.529693877 5.23389210289116 50000
281716.499693878 5.23389210289116 50000
312832.706632653 3.63688773703231 50000
346156.037142857 3.63688773703231 50000
381844.927244898 2.87546997534014 50000
420065.656326531 2.87546997534014 50000
460997.053163265 2.31424762903912 50000
504832.064591837 2.31424762903912 50000
551777.755510204 1.88525792006803 50000
602053.740204082 1.88525792006803 50000
655896.888367347 1.63045959566327 50000
713561.325102041 1.63045959566327 50000
775315.293571429 1.50644942176871 50000
841450.567040816 1.50644942176871 50000
912279.311530612 1.44954579166667 50000
988130.948469388 1.44954579166667 50000
1069366.2727551 1.40592359693878 50000
1156363.33469388 1.40592359693878 50000
1249533.12673469 1.3539253394983 50000
1349313.30877551 1.3539253394983 50000
1456172.91418367 1.30425721577381 50000
1570612.34979592 1.30425721577381 50000
1693172.80795918 1.27335434842687 50000
1824428.42316326 1.27335434842687 50000
1964995.68408163 1.27386089923469 50000
2115535.0022449 1.27386089923469 50000
2276755.41806122 1.3181530482568 50000
2449413.03214286 1.3181530482568 50000
2634321.98602041 1.41566898086735 50000
2832348.18744898 1.41566898086735 50000
3044424.99714286 1.56476158992347 50000
3271546.95408163 1.56476158992347 50000
3514783.89357143 1.74724733545918 50000
3775276.24122449 1.74724733545918 50000
4054250.69969388 1.93497833290816 50000
4353017.11132653 1.93497833290816 50000
4672979.43887755 2.10309764392007 50000
5015643.60887755 2.10309764392007 50000
5382617.51163265 2.19262968218537 50000
5775628.25663265 2.19262968218537 50000
6196522.17255102 2.01569311904762 50000
6647275.78795918 2.01569311904762 50000
7130009.94938775 2.01569311904762 50000
7646992.95867347 2.01569311904762 50000
0 2429.29241092007 60000
11251.9526530612 2429.29241092007 60000
23303.3110204082 2429.29241092007 60000
36209.5893877551 2429.29241092007 60000
50029.4742857143 215.996314539116 60000
64831.1689795918 215.996314539116 60000
80684.4628571429 629.08445572449 60000
97660.7314285714 629.08445572449 60000
115840.866938776 215.655764136054 60000
135312.106122449 215.655764136054 60000
156163.271836735 38.9974143792517 60000
178494.289795918 38.9974143792517 60000
202409.844081633 12.8744733078231 60000
228022.549387755 12.8744733078231 60000
255451.364897959 6.60950772619048 60000
284826.352653061 6.60950772619048 60000
316285.505306122 3.96362747619048 60000
349976.332244898 3.96362747619048 60000
386057.445714286 2.75057424489796 60000
424696.974693878 2.75057424489796 60000
466078.909387755 2.19577174319728 60000
510396.756734694 2.19577174319728 60000
557858.29877551 1.90589134353741 60000
608687.17877551 1.90589134353741 60000
663121.315102041 1.70491310714286 60000
721417.659591837 1.70491310714286 60000
783850.611428571 1.5457093707483 60000
850712.017142857 1.5457093707483 60000
922315.928979592 1.42513432482993 60000
999001.777142857 1.42513432482993 60000
1081126.43918367 1.34743415136054 60000
1169076.92897959 1.34743415136054 60000
1263267.2244898 1.31489551020408 60000
1364139.85387755 1.31489551020408 60000
1472169.0677551 1.32445189795918 60000
1587862.42530612 1.32445189795918 60000
1711762.38040816 1.36522515816327 60000
1844452.62612245 1.36522515816327 60000
1986556.50857143 1.41567046088435 60000
2138741.78530612 1.41567046088435 60000
2301723.79755102 1.45141108673469 60000
2476268.64244898 1.45141108673469 60000
2663194.75918367 1.46892782653061 60000
2863382.44571429 1.46892782653061 60000
3077773.85877551 1.49714428401361 60000
3307373.01387755 1.49714428401361 60000
3553261.64653061 1.56540042006803 60000
3816592.8677551 1.56540042006803 60000
4098607.02530612 1.66157231122449 60000
4400628.53142857 1.66157231122449 60000
4724075.37959184 1.74323779081633 60000
5070468.66122449 1.74323779081633 60000
5441435.73795918 1.82430517006803 60000
5838721.3444898 1.82430517006803 60000
6264192.34693878 2.3206921037415 60000
6719845.67346939 2.3206921037415 60000
7207825.76163265 2.3206921037415 60000
7730424.55836735 2.3206921037415 60000
0 5808134.56981182 70000
11863.0381632653 5808134.56981182 70000
24555.031122449 5808134.56981182 70000
38135.3110204082 5808134.56981182 70000
52666.6004081633 5188806.67443377 70000
68215.012244898 5188806.67443377 70000
84851.7451020408 818741.742953002 70000
102651.387959184 818741.742953002 70000
121697.005816327 4759.45049436437 70000
142076.749285714 4759.45049436437 70000
163880.464183673 201.952660637117 70000
187211.557959184 201.952660637117 70000
212175.133265306 28.0134063743622 70000
238884.76877551 28.0134063743622 70000
267462.519183673 8.20171166602891 70000
298042.305612245 8.20171166602891 70000
330761.439591837 4.13171031313775 70000
365769.099081633 4.13171031313775 70000
403226.328469388 2.89787368069728 70000
443306.038571429 2.89787368069728 70000
486189.61622449 2.33599828784014 70000
532075.400306122 2.33599828784014 70000
581170.205714286 1.95578167070578 70000
633701.189795918 1.95578167070578 70000
689909.071530612 1.68458433439626 70000
750049.826734694 1.68458433439626 70000
814398.078469388 1.50978760352891 70000
883250.487448979 1.50978760352891 70000
956920.666428571 1.41108081420068 70000
1035745.96102041 1.41108081420068 70000
1120087.44969388 1.36535974744898 70000
1210329.94377551 1.36535974744898 70000
1306887.07306122 1.34893745790816 70000
1410202.98102041 1.34893745790816 70000
1520747.23918367 1.34934006887755 70000
1639026.71357143 1.34934006887755 70000
1765583.8694898 1.36721387691327 70000
1900998.46673469 1.36721387691327 70000
2045885.86438775 1.40237170323129 70000
2200913.97285714 1.40237170323129 70000
2366791.38744898 1.45027181356292 70000
2544274.16918367 1.45027181356292 70000
2734179.40642857 1.51346407738095 70000
2937371.65326531 1.51346407738095 70000
3154783.27193877 1.60023733630952 70000
3387407.65204082 1.60023733630952 70000
3636312.77214286 1.70298436203231 70000
3902632.72377551 1.70298436203231 70000
4187591.44428571 1.7990883067602 70000
4492489.15520408 1.7990883067602 70000
4818724.39989796 1.86757455165816 70000
5167787.2627551 1.86757455165816 70000
5541276.32122449 1.88404275297619 70000
5940902.03622449 1.88404275297619 70000
6368491.8377551 1.80074819409014 70000
6826003.68653061 1.80074819409014 70000
7315531.15959183 1.80074819409014 70000
7839313.62153061 1.80074819409014 70000
0 3984587.74934436 80000
11706.0217346939 3984587.74934436 80000
24235.0062244898 3984587.74934436 80000
37646.8053061224 3984587.74934436 80000
52002.9333673469 8405400.19093098 80000
67369.8924489796 8405400.19093098 80000
83819.172244898 786541.451212106 80000
101425.58755102 786541.451212106 80000
120272.265918367 4126.73319259566 80000
140445.66 4126.73319259566 80000
162038.872653061 159.27575095727 80000
185153.319489796 159.27575095727 80000
209895.40377551 25.1823035503827 80000
236379.841530612 25.1823035503827 80000
264727.998979592 8.74653544515306 80000
295071.217653061 8.74653544515306 80000
327552.476938776 4.44975546045918 80000
362319.743877551 4.44975546045918 80000
399534.285918367 2.85371340816326 80000
439370.670918367 2.85371340816326 80000
482010.116938776 2.18643470153061 80000
527652.130102041 2.18643470153061 80000
576509.516938775 1.84668893686224 80000
628805.059285714 1.84668893686224 80000
684781.489591837 1.64084780229592 80000
744701.490918367 1.64084780229592 80000
808839.384183673 1.52083932780612 80000
877492.766020408 1.52083932780612 80000
950979.183673469 1.45611760204082 80000
1029639.46010204 1.45611760204082 80000
1113839.35653061 1.41643112372449 80000
1203966.24734694 1.41643112372449 80000
1300440.75795918 1.38823010204082 80000
1403705.12693878 1.38823010204082 80000
1514241.49408163 1.37120280867347 80000
1632560.26255102 1.37120280867347 80000
1759208.41163265 1.36744475063775 80000
1894774.48438775 1.36744475063775 80000
2039885.26255102 1.38235229145408 80000
2195214.07928571 1.38235229145408 80000
2361477.49408163 1.4220560880102 80000
2539446.93061224 1.4220560880102 80000
2729947.01418367 1.48387874043367 80000
2933858.89683673 1.48387874043367 80000
3152128.57010204 1.55930313839286 80000
3385766.865 1.55930313839286 80000
3635852.77714286 1.65151930165816 80000
3903548.42969388 1.65151930165816 80000
4190090.76061224 1.79210877232143 80000
4496806.48561224 1.79210877232143 80000
4825118.74836735 2.03685013711735 80000
5176545.45795918 2.03685013711735 80000
5552715.91438775 2.42459859885204 80000
5955370.80857143 2.42459859885204 80000
6386375.5227551 3.05838036607143 80000
6847726.78071429 3.05838036607143 80000
7341559.29795918 3.05838036607143 80000
7870160.74469388 3.05838036607143 80000
0 3852231.96604163 90000
11996.1991836735 3852231.96604163 90000
24836.1208163265 3852231.96604163 90000
38579.4220408163 3852231.96604163 90000
53289.1689795918 11038822.2374134 90000
69035.2457142857 11038822.2374134 90000
85889.2408163265 3420878.00162486 90000
103929.560816327 3420878.00162486 90000
123238.02122449 11623.5657124898 90000
143906.664489796 11623.5657124898 90000
166030.942040816 324.455001795918 90000
189711.41877551 324.455001795918 90000
215057.182040816 39.5187450612245 90000
242187.546122449 39.5187450612245 90000
271228.643265306 11.3038531836735 90000
302311.719183674 11.3038531836735 90000
335583.36 5.00114706122449 90000
371195.265306122 5.00114706122449 90000
409314.475102041 3.02916244897959 90000
450114.847346939 3.02916244897959 90000
493788.989387755 2.23279995918367 90000
540534.622040816 2.23279995918367 90000
590571.624489796 1.84946020408163 90000
644128.398367347 1.84946020408163 90000
701455.503673469 1.64845824489796 90000
762817.136326531 1.64845824489796 90000
828496.241632653 1.5358092244898 90000
898799.627755102 1.5358092244898 90000
974049.443265306 1.46174914285714 90000
1054593.40408163 1.46174914285714 90000
1140808.20244898 1.40648106122449 90000
1233089.28 1.40648106122449 90000
1331864.46367347 1.36866979591837 90000
1437592.26122449 1.36866979591837 90000
1550760.15673469 1.35043530612245 90000
1671891.42857143 1.35043530612245 90000
1801548.55836735 1.35355665306122 90000
1940331.52653061 1.35355665306122 90000
2088879.51673469 1.38924085714286 90000
2247882.84734694 1.38924085714286 90000
2418076.15346939 1.47484530612245 90000
2600246.90938776 1.47484530612245 90000
2795237.13306122 1.62229432653061 90000
3003950.20408163 1.62229432653061 90000
3227352.56816327 1.8180407755102 90000
3466477.14612245 1.8180407755102 90000
3722430.15183674 2.00979587755102 90000
3996396.20571429 2.00979587755102 90000
4289643.44816327 2.14319351020408 90000
4603526.94857143 2.14319351020408 90000
4939502.34122449 2.22178114285714 90000
5299120.71183674 2.22178114285714 90000
5684049.05142857 2.30356469387755 90000
6096066.84734694 2.30356469387755 90000
6537079.71918367 2.38868265306122 90000
7009129.64571429 2.38868265306122 90000
7514401.78285714 2.38868265306122 90000
8055232.98612245 2.38868265306122 90000
0 2821014.18250367 hpsmc
8278.79183673469 2821014.18250367 hpsmc
17175.9673469388 2821014.18250367 hpsmc
26735.9346938775 2821014.18250367 hpsmc
37008.6530612245 3612.60805523809 hpsmc
48047.4122448979 3612.60805523809 hpsmc
59909.9428571428 91.2288023129252 hpsmc
72656.1959183673 91.2288023129252 hpsmc
86353.893877551 21.0972243537415 hpsmc
101072.979591837 21.0972243537415 hpsmc
116888.946938776 7.1237725170068 hpsmc
133885.06122449 7.1237725170068 hpsmc
152149.028571429 4.07203891156463 hpsmc
171774.106122449 4.07203891156463 hpsmc
192863.542857143 3.15623619047619 hpsmc
215525.028571429 3.15623619047619 hpsmc
239876.244897959 2.70964040816327 hpsmc
266043.755102041 2.70964040816327 hpsmc
294163.004081633 2.32234108843537 hpsmc
324378.318367347 2.32234108843537 hpsmc
356847.346938776 1.95295306122449 hpsmc
391738.840816327 1.95295306122449 hpsmc
429230.432653061 1.63821020408163 hpsmc
469518.628571429 1.63821020408163 hpsmc
512812.146938775 1.39657428571429 hpsmc
559333.028571428 1.39657428571429 hpsmc
609323.297959184 1.22616258503401 hpsmc
663041.632653061 1.22616258503401 hpsmc
720765.583673469 1.11667333333333 hpsmc
782794.906122449 1.11667333333333 hpsmc
849449.33877551 1.05706925170068 hpsmc
921075.265306122 1.05706925170068 hpsmc
998042.383673469 1.03951646258503 hpsmc
1080748.14693878 1.03951646258503 hpsmc
1169622.20408163 1.06056639455782 hpsmc
1265124.17959184 1.06056639455782 hpsmc
1367748.11428571 1.12054285714286 hpsmc
1478024.68571429 1.12054285714286 hpsmc
1596524.53877551 1.22351659863946 hpsmc
1723861.61632653 1.22351659863946 hpsmc
1860695.37959184 1.37896367346939 hpsmc
2007733.02857143 1.37896367346939 hpsmc
2165735.05306122 1.60446231292517 hpsmc
2335519.67346939 1.60446231292517 hpsmc
2517966.17142857 1.9283874829932 hpsmc
2714018.22040816 1.9283874829932 hpsmc
2924691.65714286 2.39132176870748 hpsmc
3151074.48163265 2.39132176870748 hpsmc
3394339.06938776 3.04033088435374 hpsmc
3655745.50204082 3.04033088435374 hpsmc
3936646.00816326 3.90125945578231 hpsmc
4238492.73469388 3.90125945578231 hpsmc
4562851.06938775 4.92588068027211 hpsmc
4911396.31020408 4.92588068027211 hpsmc
5285934.75918367 6.12368217687075 hpsmc
5688403.72244898 6.12368217687075 hpsmc
6120884.83265306 6.12368217687075 hpsmc
6585618.48163265 6.12368217687075 hpsmc
