0 7625804.19015142 100000
21373.8994897959 7625804.19015142 100000
44269.575 7625804.19015142 100000
68798.0831632653 7625804.19015142 100000
95070.4806122449 6844508.21589293 100000
123215.833163265 6844508.21589293 100000
153363.206632653 8261.54465560268 100000
185659.676020408 8261.54465560268 100000
220255.317857143 259.13338098852 100000
257315.216326531 259.13338098852 100000
297013.460204082 57.8719051753827 100000
339536.144387755 57.8719051753827 100000
385090.374489796 22.1028337053571 100000
433886.257653061 22.1028337053571 100000
486157.913265306 11.5398034024235 100000
542154.468367347 11.5398034024235 100000
602137.056122449 7.67326293367347 100000
666387.820408163 7.67326293367347 100000
735218.920408163 5.66410087372449 100000
808948.518367347 5.66410087372449 100000
887927.793367347 4.43495532844388 100000
972531.936734694 4.43495532844388 100000
1063163.15357143 3.66988393494898 100000
1160247.66122449 3.66988393494898 100000
1264244.69387755 3.18596841517857 100000
1375646.50255102 3.18596841517857 100000
1494981.35663265 2.88113796875 100000
1622816.54540816 2.88113796875 100000
1759752.375 2.7053108067602 100000
1906443.17908163 2.7053108067602 100000
2063576.30816327 2.61809132971939 100000
2231902.14489796 2.61809132971939 100000
2412213.09336735 2.58574983737245 100000
2605364.58979592 2.58574983737245 100000
2812269.0994898 2.58982691645408 100000
3033908.12295918 2.58982691645408 100000
3271332.19591837 2.62405687181122 100000
3525663.89081633 2.62405687181122 100000
3798103.81989796 2.68834590561225 100000
4089945.64285714 2.68834590561225 100000
4402573.06530612 2.78912229591837 100000
4737459.83877551 2.78912229591837 100000
5096193.77295918 2.92984405612245 100000
5480476.73571429 2.92984405612245 100000
5892121.65153061 3.08874383609694 100000
6333082.51683673 3.08874383609694 100000
6805445.39540816 3.21377634566327 100000
7311443.42602041 3.21377634566327 100000
7853474.83163265 3.26762880739796 100000
8434105.92091837 3.26762880739796 100000
9056086.09591837 3.28630708227041 100000
9722356.85663265 3.28630708227041 100000
10436072.8117347 3.39237367028061 100000
11200613.6846939 3.39237367028061 100000
12019599.3214286 3.94578713010204 100000
12896904.6979592 3.94578713010204 100000
13836686.9341837 3.94578713010204 100000
14843388.2954082 3.94578713010204 100000
0 118401.652979773 10000
18754.8601020408 118401.652979773 10000
38884.3414285714 118401.652979773 10000
60483.333877551 118401.652979773 10000
83662.1148979592 67.9258648741497 10000
108538.655714286 67.9258648741497 10000
135230.92755102 105.549463641582 10000
163877.418367347 105.549463641582 10000
194619.180714286 51.2703956783588 10000
227607.525510204 51.2703956783588 10000
263011.715816326 24.3729137514881 10000
301001.014693878 24.3729137514881 10000
341772.895714286 13.5093882174745 10000
385522.267857143 13.5093882174745 10000
432474.815204082 8.47258862202381 10000
482858.786428571 8.47258862202381 10000
536928.076122449 6.12933174659864 10000
594954.531020408 6.12933174659864 10000
657220.25622449 4.78052207036565 10000
724043.261122449 4.78052207036565 10000
795751.813469388 3.91430980590986 10000
872704.956122449 3.91430980590986 10000
955284.813265306 3.35850932589286 10000
1043906.84877551 3.35850932589286 10000
1139007.04326531 3.03113383503401 10000
1241064.97540816 3.03113383503401 10000
1350585.86979592 2.85254741390306 10000
1468115.9844898 2.85254741390306 10000
1594242.61102041 2.72699995769558 10000
1729594.07438776 2.72699995769558 10000
1874842.29765306 2.60709460352891 10000
2030715.62489796 2.60709460352891 10000
2197985.99826531 2.50220279740646 10000
2377492.03928571 2.50220279740646 10000
2570126.22591837 2.44048162053571 10000
2776847.7155102 2.44048162053571 10000
2998687.47397959 2.4441041065051 10000
3236750.84040816 2.4441041065051 10000
3492225.22081633 2.51876044345238 10000
3766385.21734694 2.51876044345238 10000
4060592.62826531 2.64747623915816 10000
4376319.52928571 2.64747623915816 10000
4715135.45061224 2.78841124638605 10000
5078733.02285714 2.78841124638605 10000
5468920.28326531 2.89533869727891 10000
5887643.75704082 2.89533869727891 10000
6336991.02193878 2.95473571279762 10000
6819200.96663265 2.95473571279762 10000
7336676.61367347 3.00003281611395 10000
7891997.94244898 3.00003281611395 10000
8487932.14755102 3.0929565269983 10000
9127451.59091837 3.0929565269983 10000
9813738.93102041 3.25056138116497 10000
10550220.462551 3.25056138116497 10000
11340563.5518367 3.40963018983844 10000
12188707.4119388 3.40963018983844 10000
13098881.0547959 3.40963018983844 10000
14075618.6787755 3.40963018983844 10000
0 9543125.11362366 110000
21771.7342857143 9543125.11362366 110000
45086.2989795918 9543125.11362366 110000
70054.3353061224 9543125.11362366 110000
96789.5578571428 473040.088192091 110000
125417.974693878 473040.088192091 110000
156074.813979592 9084.48610823172 110000
188904.523979592 9084.48610823172 110000
224057.699693878 642.301306664753 110000
261703.376326531 642.301306664753 110000
302016.735816327 95.990495152636 110000
345185.253571429 95.990495152636 110000
391411.771836735 28.456186611182 110000
440911.426326531 28.456186611182 110000
493917.792959184 12.8925967406463 110000
550679.814489796 12.8925967406463 110000
611464.873877551 7.43631963265306 110000
676555.720918367 7.43631963265306 110000
746256.618979592 5.20730233864796 110000
820893.345 5.20730233864796 110000
900822.409591837 4.20110748065476 110000
986409.543469388 4.20110748065476 110000
1078060.43112245 3.66635436798469 110000
1176205.34397959 3.66635436798469 110000
1281302.21377551 3.29596237988946 110000
1393845.85265306 3.29596237988946 110000
1514361.80642857 3.01334704379252 110000
1643415.57469388 3.01334704379252 110000
1781609.53744898 2.80761711415816 110000
1929595.24857143 2.80761711415816 110000
2088064.21571429 2.66418690178571 110000
2257760.19377551 2.66418690178571 110000
2439476.11153061 2.5789713892432 110000
2634066.36510204 2.5789713892432 110000
2842443.74459184 2.55329596619898 110000
3065579.43408163 2.55329596619898 110000
3304524.52520408 2.57676880931122 110000
3560397.72367347 2.57676880931122 110000
3834394.56938775 2.6375062315051 110000
4127805.87663265 2.6375062315051 110000
4441999.29387755 2.73393313201531 110000
4778453.11081633 2.73393313201531 110000
5138740.89153061 2.86615195642007 110000
5524552.98806122 2.86615195642007 110000
5937696.54040816 3.03313824893707 110000
6380107.77 3.03313824893707 110000
6853861.19979592 3.22911664009354 110000
7361175.80102041 3.22911664009354 110000
7904430.36 3.42891112903912 110000
8486169.62489796 3.42891112903912 110000
9109119.67255102 3.57905792963435 110000
9776203.27530612 3.57905792963435 110000
10490542.9743878 3.60454126721939 110000
11255485.6668367 3.60454126721939 110000
12074621.0457143 3.41034286798469 110000
12951787.7468367 3.41034286798469 110000
13891091.7889796 3.41034286798469 110000
14896940.3809184 3.41034286798469 110000
0 8397406.53061697 120000
22066.9766326531 8397406.53061697 120000
45698.8102040816 8397406.53061697 120000
71004.6042857143 8397406.53061697 120000
98099.6969387755 11222141.5316243 120000
127111.895204082 11222141.5316243 120000
158178.357857143 113199.869563839 120000
191445.595408163 113199.869563839 120000
227069.470102041 1141.50299349298 120000
265212.078673469 1141.50299349298 120000
306057.338571429 115.758941239796 120000
349792.284489796 115.758941239796 120000
396622.654591837 30.1736772200255 120000
446769.773265306 30.1736772200255 120000
500467.433877551 13.580972283801 120000
557968.133265306 13.580972283801 120000
619536.837244898 8.44723361543367 120000
685466.566836735 8.44723361543367 120000
756062.812040816 5.92394726147959 120000
831656.000816326 5.92394726147959 120000
912601.499081633 4.47194108227041 120000
999279.610714286 4.47194108227041 120000
1092092.46030612 3.65272262882653 120000
1191473.34489796 3.65272262882653 120000
1297892.96846939 3.16883530102041 120000
1411846.97295918 3.16883530102041 120000
1533865.29 2.87552853316327 120000
1664524.60989796 2.87552853316327 120000
1804432.79540816 2.70799610267857 120000
1954247.58520408 2.70799610267857 120000
2114664.12489796 2.61908968048469 120000
2286443.0222449 2.61908968048469 120000
2470379.17469388 2.57801348469388 120000
2667336.05908163 2.57801348469388 120000
2878239.49714286 2.57771474872449 120000
3104074.53826531 2.57771474872449 120000
3345894.81122449 2.62596710204082 120000
3604834.99316327 2.62596710204082 120000
3882107.69234694 2.7298427940051 120000
4179009.68265306 2.7298427940051 120000
4496931.25530612 2.87969135395408 120000
4837362.45336735 2.87969135395408 120000
5201889.9544898 3.04608728890306 120000
5592228.24336735 3.04608728890306 120000
6010197.79102041 3.19781918431122 120000
6457756.2272449 3.19781918431122 120000
6937001.45785714 3.32128156505102 120000
7450174.78193878 3.32128156505102 120000
7999679.59530612 3.43507399234694 120000
8588084.5077551 3.43507399234694 120000
9218145.16377551 3.58542910459184 120000
9892813.59428571 3.58542910459184 120000
10615244.4511224 3.84916101147959 120000
11388816.8277551 3.84916101147959 120000
12217156.08 4.50220433482143 120000
13104140.0605102 4.50220433482143 120000
14053914.705 4.50220433482143 120000
15070928.3219388 4.50220433482143 120000
0 6930576.49503845 130000
22358.587755102 6930576.49503845 130000
46297.4779591837 6930576.49503845 130000
71927.5134693877 6930576.49503845 130000
99365.8710204082 519514.345863016 130000
128739.228163265 519514.345863016 130000
160190.097142857 8652.6285803733 130000
193857.823265306 8652.6285803733 130000
229907.087346939 650.576526435374 130000
268496.236326531 650.576526435374 130000
309815.286530612 97.3759580297619 130000
354047.920408163 97.3759580297619 130000
401406.322857143 31.6993417176871 130000
452105.845714286 31.6993417176871 130000
506384.009387755 14.916618119898 130000
564497.335918367 14.916618119898 130000
626711.848163265 8.18776392346939 130000
693322.071428571 8.18776392346939 130000
764632.031836735 5.47541281802721 130000
840977.424897959 5.47541281802721 130000
922712.947755102 4.32212587840136 130000
1010218.63306122 4.32212587840136 130000
1103906.18285714 3.66205006632653 130000
1204203.13387755 3.66205006632653 130000
1311584.52693878 3.2368093622449 130000
1426547.57142857 3.2368093622449 130000
1549627.48 2.99759332227891 130000
1681397.46857143 2.99759332227891 130000
1822468.75632653 2.87449177295918 130000
1973500.06653061 2.87449177295918 130000
2135197.62653061 2.79444739540816 130000
2308308.83387755 2.79444739540816 130000
2493644.42489796 2.71851344047619 130000
2692065.80693878 2.71851344047619 130000
2904494.55918367 2.64679547278912 130000
3131921.93346939 2.64679547278912 130000
3375405.68734694 2.59855243877551 130000
3636082.75183673 2.59855243877551 130000
3915162.89755102 2.59780029081633 130000
4213947.73632653 2.59780029081633 130000
4533827.55428571 2.67579275595238 130000
4876290.81265306 2.67579275595238 130000
5242933.64857143 2.85810286479592 130000
5635466.20897959 2.85810286479592 130000
6055709.48367347 3.12421809098639 130000
6505623.8077551 3.12421809098639 130000
6987305.69469388 3.39127020323129 130000
7502994.17020408 3.39127020323129 130000
8055092.94081633 3.58442047959184 130000
8646170.39387755 3.58442047959184 130000
9278981.76612245 3.69870738265306 130000
9956472.31061225 3.69870738265306 130000
10681793.1314286 3.75206370323129 130000
11458326.5191837 3.75206370323129 130000
12289685.9510204 3.6861583877551 130000
13179744.5930612 3.6861583877551 130000
14132641.6342857 3.6861583877551 130000
15152817.1228571 3.6861583877551 130000
0 7084396.13040425 140000
22556.562755102 7084396.13040425 140000
46705.3534693877 7084396.13040425 140000
72558.2757142857 7084396.13040425 140000
100233.62755102 2415081.3241651 140000
129862.496020408 2415081.3241651 140000
161579.165408163 39075.1302189445 140000
195537.103469388 39075.1302189445 140000
231889.777959184 2163.12493081505 140000
270806.642857143 2163.12493081505 140000
312466.743877551 218.343710758291 140000
357068.310204082 218.343710758291 140000
404819.162755102 43.1885106392432 140000
455936.714183673 43.1885106392432 140000
510657.560612245 16.2397926539116 140000
569243.876122449 16.2397926539116 140000
631961.032040816 8.78094669238945 140000
699103.174897959 8.78094669238945 140000
770983.634693878 5.72418740306122 140000
847931.727653061 5.72418740306122 140000
930311.939693877 4.31666028507653 140000
1018504.74295918 4.31666028507653 140000
1112916.18755102 3.61283344727891 140000
1213990.6905102 3.61283344727891 140000
1322195.04959184 3.23161528061224 140000
1438034.4294898 3.23161528061224 140000
1562045.96734694 2.99234146556122 140000
1694808.3644898 2.99234146556122 140000
1836935.49193878 2.81405509693878 140000
1989089.17938775 2.81405509693878 140000
2151979.21520408 2.67805229209184 140000
2326360.14918367 2.67805229209184 140000
2513044.08153061 2.59419788371599 140000
2712897.46561224 2.59419788371599 140000
2926853.89693878 2.57508768452381 140000
3155901.32418367 2.57508768452381 140000
3401110.82438775 2.62406547980442 140000
3663620.61673469 2.62406547980442 140000
3944648.85153061 2.72772282376701 140000
4245503.20193877 2.72772282376701 140000
4567584.06122449 2.86084144727891 140000
4912387.74 2.86084144727891 140000
5281519.25520408 3.00860744897959 140000
5676692.33010204 3.00860744897959 140000
6099745.3805102 3.17451781547619 140000
6552644.71204081 3.17451781547619 140000
7037497.30908163 3.36403450680272 140000
7556557.22928571 3.36403450680272 140000
8112235.19530612 3.58192008567177 140000
8707120.9755102 3.58192008567177 140000
9343973.7922449 3.84767108503401 140000
10025754.2942857 3.84767108503401 140000
10755640.5430612 4.20636865795068 140000
11537015.2236735 4.20636865795068 140000
12373519.9980612 4.98910749638605 140000
13269042.7160204 4.98910749638605 140000
14227742.9931633 4.98910749638605 140000
15254080.9861224 4.98910749638605 140000
0 8361627.79179614 150000
23129.0140816327 8361627.79179614 150000
47866.7434693878 8361627.79179614 150000
74332.5979591837 8361627.79179614 150000
102642.670408163 20737843.5058977 150000
132929.638367347 20737843.5058977 150000
165326.179387755 222428.851800998 150000
199981.555714286 222428.851800998 150000
237051.663469388 2727.13484707993 150000
276708.983469388 2727.13484707993 150000
319129.313469388 235.687689872874 150000
364511.669795918 235.687689872874 150000
413055.06877551 50.892448110119 150000
464981.745306122 50.892448110119 150000
520530.518979592 16.3592249642857 150000
579953.477142857 16.3592249642857 150000
643519.291836735 8.08609553954082 150000
711516.536734694 8.08609553954082 150000
784257.004081633 5.45987471258503 150000
862069.070816327 5.45987471258503 150000
945304.33244898 4.33218463180272 150000
1034344.23693878 4.33218463180272 150000
1129593.45081633 3.70768107355442 150000
1231483.17612245 3.70768107355442 150000
1340477.78428571 3.31398808205782 150000
1457071.49918367 3.31398808205782 150000
1581795.03102041 3.04339498086735 150000
1715215.57632653 3.04339498086735 150000
1857940.13489796 2.84810330017007 150000
2010612.19285714 2.84810330017007 150000
2173934.94122449 2.71356688137755 150000
2348641.42346939 2.71356688137755 150000
2535531.02183673 2.62999384481293 150000
2735452.87265306 2.62999384481293 150000
2949312.50020408 2.59689355994898 150000
3178085.0844898 2.59689355994898 150000
3422808.82734694 2.61725127168367 150000
3684594.90326531 2.61725127168367 150000
3964637.41020408 2.6832929047619 150000
4264203.41877551 2.6832929047619 150000
4584656.19081633 2.78313276190476 150000
4927455.17938776 2.78313276190476 150000
5294156.02877551 2.90508554421769 150000
5686427.15918367 2.90508554421769 150000
6106046.44979592 3.02909068239796 150000
6554927.77428572 3.02909068239796 150000
7035104.41612245 3.12277347193878 150000
7548762.23795918 3.12277347193878 150000
8098236.36469388 3.1516239289966 150000
8686024.45122449 3.1516239289966 150000
9314796.63326531 3.10162107695578 150000
9987408.79510204 3.10162107695578 150000
10706922.4712245 2.99733790391157 150000
11476601.5293878 2.99733790391157 150000
12299948.6569388 2.83305960076531 150000
13180705.3608163 2.83305960076531 150000
14122875.1861225 2.83305960076531 150000
15130736.9838776 2.83305960076531 150000
0 10203462.5222195 160000
23302.6236734694 10203462.5222195 160000
48231.6318367347 10203462.5222195 160000
74903.6709183673 10203462.5222195 160000
103442.052857143 7184847.99692974 160000
133976.755102041 7184847.99692974 160000
166644.420612245 88920.7777908827 160000
201595.023367347 88920.7777908827 160000
238991.868367347 2674.4739523699 160000
279001.593367347 2674.4739523699 160000
321807.499897959 269.479363524872 160000
367606.220510204 269.479363524872 160000
416611.051530612 52.7291987334184 160000
469038.622040816 52.7291987334184 160000
525132.223163265 17.3931211913265 160000
585148.477040816 17.3931211913265 160000
649360.669591837 8.58896815178571 160000
718062.083265306 8.58896815178571 160000
791565.997040816 5.6207470255102 160000
870209.019183673 5.6207470255102 160000
954351.087244898 4.39524437181122 160000
1044375.46806122 4.39524437181122 160000
1140692.0905102 3.77242187563776 160000
1243744.21102041 3.77242187563776 160000
1354001.74806122 3.37426178954082 160000
1471967.94765306 3.37426178954082 160000
1598182.71612245 3.07074500510204 160000
1733219.28734694 3.07074500510204 160000
1877700.88653061 2.83286960969388 160000
2032280.73367347 2.83286960969388 160000
2197668.70561224 2.67396662372449 160000
2374618.005 2.67396662372449 160000
2563941.82408163 2.59130041071429 160000
2766500.01367347 2.59130041071429 160000
2983222.41244898 2.56685326339286 160000
3215095.51591837 2.56685326339286 160000
3463179.14020408 2.59793814795918 160000
3728609.75479592 2.59793814795918 160000
4012597.14979592 2.69462970535714 160000
4316437.76693877 2.69462970535714 160000
4641524.69785714 2.8568237869898 160000
4989337.68581633 2.8568237869898 160000
5361466.455 3.06481547831633 160000
5759617.37602041 3.06481547831633 160000
6185600.13489796 3.28883911033163 160000
6641367.72612245 3.28883911033163 160000
7128999.78887755 3.50240622321429 160000
7650725.93632653 3.50240622321429 160000
8208929.08836734 3.67087699362245 160000
8806158.80265306 3.67087699362245 160000
9445141.27285714 3.74543350255102 160000
10128799.3252041 3.74543350255102 160000
10860255.7512245 3.69583099744898 160000
11642853.3042857 3.69583099744898 160000
12480164.6978571 3.47350845918367 160000
13376019.267551 3.47350845918367 160000
14334502.9711225 3.47350845918367 160000
15360001.7142857 3.47350845918367 160000
0 7144236.22621205 170000
23627.2252040816 7144236.22621205 170000
48897.7291836735 7144236.22621205 170000
75926.948877551 7144236.22621205 170000
104837.111632653 6647054.1784227 170000
135760.630408163 6647054.1784227 170000
168833.313367347 318112.303802191 170000
204207.944693877 318112.303802191 170000
242047.494183673 4267.92946418877 170000
282518.326836735 4267.92946418877 170000
325803.783673469 254.382794039541 170000
372100.786530612 254.382794039541 170000
421623.233265306 50.0935625012755 170000
474588.416938775 50.0935625012755 170000
531240.792244898 19.2064289961735 170000
591838.394693877 19.2064289961735 170000
656649.445408163 9.89829309948979 170000
725969.327142857 9.89829309948979 170000
800117.189081633 6.05258787627551 170000
879422.366020408 6.05258787627551 170000
964248.144795918 4.33192674107143 170000
1054974.78826531 4.33192674107143 170000
1152013.11612245 3.54779728507653 170000
1255807.90010204 3.54779728507653 170000
1366824.28316327 3.1805564502551 170000
1485568.15071429 3.1805564502551 170000
1612572.54979592 2.98442682780612 170000
1748414.66510204 2.98442682780612 170000
1893712.42377551 2.85634982716837 170000
2049117.705 2.85634982716837 170000
2215340.10642857 2.76694985969388 170000
2393129.96816326 2.76694985969388 170000
2583288.55836735 2.70315538966837 170000
2786681.65408163 2.70315538966837 170000
3004229.35561224 2.6555235057398 170000
3236916.27214286 2.6555235057398 170000
3485794.91693878 2.63638304272959 170000
3751992.4977551 2.63638304272959 170000
4036714.31204082 2.67324222704082 170000
4341250.53734694 2.67324222704082 170000
4666979.62653061 2.78408856696428 170000
5015375.09816326 2.78408856696428 170000
5388012.32693877 2.96331997576531 170000
5786582.12448979 2.96331997576531 170000
6212887.34418367 3.17205429336735 170000
6668859.85714285 3.17205429336735 170000
7156563.94744898 3.35163229591837 170000
7678203.10255102 3.35163229591837 170000
8236143.77969388 3.46831414285714 170000
8832912.01071428 3.46831414285714 170000
9471206.98285714 3.50617066836735 170000
10153921.41 3.50617066836735 170000
10884144.9278571 3.4405583494898 170000
11665181.07 3.4405583494898 170000
12500571.0342857 3.19253869132653 170000
13394090.2876531 3.19253869132653 170000
14349792.7037755 3.19253869132653 170000
15372000.377449 3.19253869132653 170000
0 11551740.1053862 180000
23723.6469387755 11551740.1053862 180000
49094.8167346939 11551740.1053862 180000
76232.8951020408 11551740.1053862 180000
105257.267755102 6990569.6865587 180000
136300.964489796 6990569.6865587 180000
169500.426122449 3172958.66658468 180000
205012.559591837 3172958.66658468 180000
242994.271836735 34484.1477325094 180000
283616.113877551 34484.1477325094 180000
327062.280816326 846.680721366497 180000
373534.022857143 846.680721366497 180000
423232.590204081 77.4896571462585 180000
476389.932244898 77.4896571462585 180000
533244.820408163 20.3669257117347 180000
594053.08122449 20.3669257117347 180000
659091.007346939 9.44222324914966 180000
728651.946530612 9.44222324914966 180000
803049.712653061 5.79913975255102 180000
882621.996734694 5.79913975255102 180000
967730.366938775 4.27718508418367 180000
1058753.44653061 4.27718508418367 180000
1156110.79102041 3.60585363010204 180000
1260239.01102041 3.60585363010204 180000
1371605.41632653 3.28050623979592 180000
1490721.66 3.28050623979592 180000
1618119.86122449 3.05176178996599 180000
1754376.48244898 3.05176178996599 180000
1900112.32938775 2.8576747287415 180000
2055982.31795918 2.8576747287415 180000
2222692.52938775 2.72421855527211 180000
2400996.79918367 2.72421855527211 180000
2591703.53918367 2.65876249489796 180000
2795672.32653061 2.65876249489796 180000
3013827.5477551 2.64224747108843 180000
3247151.57673469 2.64224747108843 180000
3496705.24081633 2.66102229591837 180000
3763614.17673469 2.66102229591837 180000
4049085.88571429 2.71447582823129 180000
4354413.1444898 2.71447582823129 180000
4680970.59428571 2.80807280697279 180000
5030242.02897959 2.80807280697279 180000
5403806.75102041 2.95017733843537 180000
5803346.39346939 2.95017733843537 180000
6230675.61918367 3.13937527040816 180000
6687725.06571428 3.13937527040816 180000
7176561.81142857 3.35802167857143 180000
7699392.78653061 3.35802167857143 180000
8258588.65020408 3.57745688520408 180000
8856673.55755102 3.57745688520408 180000
9496352.4477551 3.73366740731292 180000
10180521.2771429 3.73366740731292 180000
10912270.4302041 3.72847270748299 180000
11694912.0077551 3.72847270748299 180000
12531983.2379592 3.46231362755102 180000
13427270.3534694 3.46231362755102 180000
14384822.2355102 3.46231362755102 180000
15408970.88 3.46231362755102 180000
0 9147223.46729873 190000
24307.687755102 9147223.46729873 190000
50296.8624489796 9147223.46729873 190000
78080.0922448979 9147223.46729873 190000
107784.016326531 23619475.0510092 190000
139542.309387755 23619475.0510092 190000
173495.681632653 10860970.9215415 190000
209791.87877551 10860970.9215415 190000
248596.235306122 99081.5494689961 190000
290084.638979592 99081.5494689961 190000
334440.013061224 1703.63852847066 190000
381859.351836735 1703.63852847066 190000
432553.720612245 107.336198773384 190000
486755.29122449 107.336198773384 190000
544699.753265306 21.3409450178571 190000
606647.420612245 21.3409450178571 190000
672876.195918367 9.19278817772109 190000
743681.570612245 9.19278817772109 190000
819383.660408163 5.92842137287415 190000
900313.134285714 5.92842137287415 190000
986835.83877551 4.55162332653061 190000
1079338.72693878 4.55162332653061 190000
1178229.85836735 3.78901799234694 190000
1283959.50571429 3.78901799234694 190000
1396992.01265306 3.31852557610544 190000
1517837.45367347 3.31852557610544 190000
1647030.52755102 3.01701732057823 190000
1785155.18163265 3.01701732057823 190000
1932823.50530612 2.82265402253401 190000
2090693.31877551 2.82265402253401 190000
2259475.20857143 2.70631160119048 190000
2439921.97428571 2.70631160119048 190000
2632835.66408163 2.6617460412415 190000
2839078.12795918 2.6617460412415 190000
3059574.5355102 2.68176060204082 190000
3295309.85816326 2.68176060204082 190000
3547332.38693877 2.75006368027211 190000
3816771.32122449 2.75006368027211 190000
4104829.73326531 2.84341610629252 190000
4412795.12142857 2.84341610629252 190000
4742039.41020408 2.93535410161565 190000
5094036.53897959 2.93535410161565 190000
5470355.42653061 3.0079737585034 190000
5872681.07755102 3.0079737585034 190000
6302807.54714286 3.05994859013605 190000
6762659.04734694 3.05994859013605 190000
7254286.42938775 3.09928148937075 190000
7779884.77244898 3.09928148937075 190000
8341803.93693877 3.13499403231292 190000
8942555.6 3.13499403231292 190000
9584816.7732653 3.19415827593537 190000
10271464.9804082 3.19415827593537 190000
11005557.1506122 3.33138736819728 190000
11790382.384898 3.33138736819728 190000
12629437.3318367 3.66380789668367 190000
13526475.4361224 3.66380789668367 190000
14485499.9030612 3.66380789668367 190000
15510795.3583673 3.66380789668367 190000
0 8985631.56992657 200000
24457.8279591837 8985631.56992657 200000
50604.7226530612 8985631.56992657 200000
78557.537755102 8985631.56992657 200000
108440.208979592 17181506.9027441 200000
140387.295102041 17181506.9027441 200000
174543.977959184 14967113.4279751 200000
211055.439387755 14967113.4279751 200000
250091.648367347 118462.116082554 200000
291822.573877551 118462.116082554 200000
336435.89 1830.74206859226 200000
384129.893877551 1830.74206859226 200000
435120.587755102 120.090815309524 200000
489631.055918367 120.090815309524 200000
547905.62877551 24.9966237227891 200000
610206.341836735 24.9966237227891 200000
676812.935714286 10.1814148312075 200000
748015.774081632 10.1814148312075 200000
824137.089795918 6.03213564243197 200000
905520.361836734 6.03213564243197 200000
992519.692244898 4.45892666921769 200000
1085531.67530612 4.45892666921769 200000
1184963.52836735 3.7315199289966 200000
1291268.50204082 3.7315199289966 200000
1404910.47 3.33654861096939 200000
1526406.42122449 3.33654861096939 200000
1656291.04979592 3.07240324277211 200000
1795148.62408163 3.07240324277211 200000
1943595.28163265 2.86352730144558 200000
2102296.73428571 2.86352730144558 200000
2271957.64510204 2.70103872746599 200000
2453335.79244898 2.70103872746599 200000
2647245.61102041 2.60134424872449 200000
2854547.56877551 2.60134424872449 200000
3076165.87204082 2.5863834375 200000
3313092.00653061 2.5863834375 200000
3566381.19632653 2.66627771045918 200000
3837166.56795918 2.66627771045918 200000
4126655.60938775 2.82430312329932 200000
4436137.25204082 2.82430312329932 200000
4766996.03489796 3.01616003528912 200000
5120708.56346939 3.01616003528912 200000
5498850.59183673 3.18188716751701 200000
5903107.64571428 3.18188716751701 200000
6335289.18653061 3.27142334396258 200000
6797321.52938775 3.27142334396258 200000
7291265.54816326 3.27634388690476 200000
7819327.29857143 3.27634388690476 200000
8383861.55918367 3.23796807823129 200000
8987385.9955102 3.23796807823129 200000
9632595.32408163 3.21611703146258 200000
10322368.3944898 3.21611703146258 200000
11059785.8944898 3.2793685085034 200000
11848137.4320408 3.2793685085034 200000
12690935.6993878 3.73657326020408 200000
13591948.3422449 3.73657326020408 200000
14555194.4187755 3.73657326020408 200000
15584969.1867347 3.73657326020408 200000
0 3446896.64155686 20000
19154.1035714286 3446896.64155686 20000
39703.2428571428 3446896.64155686 20000
61747.4392857143 3446896.64155686 20000
85394.6107142857 889.334774330357 20000
110765.835714286 889.334774330357 20000
137979.560714286 162.017616324405 20000
167175.289285714 162.017616324405 20000
198495.157142857 59.1342807589286 20000
232097.092857143 59.1342807589286 20000
268141.657142857 24.0990281026786 20000
306807.835714286 24.0990281026786 20000
348290.407142857 12.6530506994048 20000
392792.046428571 12.6530506994048 20000
440531.221428571 8.16742961309524 20000
491744.825 8.16742961309524 20000
546682.910714286 6.07121297619047 20000
605621.853571428 6.07121297619047 20000
668848.557142857 4.83485160714286 20000
736678.878571428 4.83485160714286 20000
809441.835714285 4.00362089285714 20000
887500.664285714 4.00362089285714 20000
971242.289285714 3.47154418154762 20000
1061077.325 3.47154418154762 20000
1157447.97142857 3.12909691220238 20000
1260833.27857143 3.12909691220238 20000
1371741.25 2.88377023065476 20000
1490722.00357143 2.88377023065476 20000
1618359.875 2.70170271577381 20000
1755283.94642857 2.70170271577381 20000
1902175.94285714 2.57514599702381 20000
2059757.07142857 2.57514599702381 20000
2228803.81428571 2.49527691220238 20000
2410153.19285714 2.49527691220238 20000
2604702.76785714 2.45814176339286 20000
2813405.375 2.45814176339286 20000
3037298.07857143 2.46100970238095 20000
3277486.37857143 2.46100970238095 20000
3535149.475 2.49972413690476 20000
3811566.58928571 2.49972413690476 20000
4108095.90714286 2.58065704613095 20000
4426208.79642857 2.58065704613095 20000
4767468.75 2.71175969494048 20000
5133562.97142857 2.71175969494048 20000
5526297.11071428 2.87606024553571 20000
5947613.68928571 2.87606024553571 20000
6399589.46785714 3.04632698660714 20000
6884459.13571429 3.04632698660714 20000
7404610.04642857 3.20643255952381 20000
7962616.43571428 3.20643255952381 20000
8561228.89285714 3.31104927083333 20000
9203403.31428571 3.31104927083333 20000
9892311.43214286 3.30606465029762 20000
10631353.975 3.30606465029762 20000
11424176.4607143 3.18485447172619 20000
12274695.5178571 3.18485447172619 20000
13187106.7821429 3.18485447172619 20000
14165919.1142857 3.18485447172619 20000
0 7731552.15222234 210000
24963.913877551 7731552.15222234 210000
51648.1032653061 7731552.15222234 210000
80172.0820408163 7731552.15222234 210000
110662.607346939 10502349.0836117 210000
143257.30122449 10502349.0836117 210000
178093.785714286 8643216.2479876 210000
215335.034285714 8643216.2479876 210000
255140.39877551 70503.5898476012 210000
297690.960816327 70503.5898476012 210000
343175.045306122 1798.50021018708 210000
391795.463673469 1798.50021018708 210000
443765.892244898 132.109440579082 210000
499318.115510204 132.109440579082 210000
558702.026122449 26.4587050297619 210000
622178.381632653 26.4587050297619 210000
690029.669387755 10.6469133988095 210000
762556.484897959 10.6469133988095 210000
840084.775102041 6.33671029251701 210000
922954.973469388 6.33671029251701 210000
1011536.48653061 4.65456001105442 210000
1106227.69387755 4.65456001105442 210000
1207445.08326531 3.81676320238095 210000
1315637.73714286 3.81676320238095 210000
1431287.33265306 3.32691475085034 210000
1554911.76326531 3.32691475085034 210000
1687057.8955102 3.01433012755102 210000
1828308.8122449 3.01433012755102 210000
1979301.92081633 2.81830926020408 210000
2140696.35836735 2.81830926020408 210000
2313220.07306123 2.71909161564626 210000
2497637.22938776 2.71909161564626 210000
2694762.69469388 2.69887083333333 210000
2905476.52571429 2.69887083333333 210000
3130716.72530612 2.73289154506803 210000
3371482.86408163 2.73289154506803 210000
3628843.32367347 2.79674545578231 210000
3903946.16163265 2.79674545578231 210000
4198008.24653061 2.87750786394558 210000
4512344.23102041 2.87750786394558 210000
4848344.82204082 2.97617471853742 210000
5207505.75387755 2.97617471853742 210000
5591427.78816327 3.0981181079932 210000
6001809.47061224 3.0981181079932 210000
6440479.72571428 3.24197992006803 210000
6909386.99183673 3.24197992006803 210000
7410617.32938776 3.39019523639456 210000
7946398.04244898 3.39019523639456 210000
8519108.54367347 3.504835 210000
9131298.46244898 3.504835 210000
9785687.64489796 3.52461816836735 210000
10485180.6404082 3.52461816836735 210000
11232892.0530612 3.39030841241497 210000
12032142.92 3.39030841241497 210000
12886486.0628571 3.04821502806122 210000
13799720.5742857 3.04821502806122 210000
14775902.6828571 3.04821502806122 210000
15819374.7261224 3.04821502806122 210000
0 8940653.45801179 220000
25416.8228571429 8940653.45801179 220000
52574.88 8940653.45801179 220000
81592.9763265306 8940653.45801179 220000
112597.342040816 10700752.7059027 220000
145721.632653061 10700752.7059027 220000
181118.066938776 6013375.55833329 220000
218935.151020408 6013375.55833329 220000
259343.666938775 36881.7300725306 220000
302514.396734694 36881.7300725306 220000
348644.111020408 1043.64205153061 220000
397929.580408163 1043.64205153061 220000
450593.564081633 113.215003755102 220000
506858.82122449 113.215003755102 220000
566977.812244898 28.0309482857143 220000
631210.422857143 28.0309482857143 220000
699842.527346939 11.442450877551 220000
773174.850612245 11.442450877551 220000
851526.680816326 6.59188512244898 220000
935243.294693877 6.59188512244898 220000
1024688.5322449 4.66162265306122 220000
1120259.64734694 4.66162265306122 220000
1222372.45714286 3.73386159183673 220000
1331476.19265306 3.73386159183673 220000
1448053.49877551 3.27219318367347 220000
1572609.29632653 3.27219318367347 220000
1705689.34530612 3.04163742857143 220000
1847883.95755102 3.04163742857143 220000
1999813.14612245 2.90845373469388 220000
2162141.47591837 2.90845373469388 220000
2335585.48897959 2.81181646938775 220000
2520906.27918367 2.81181646938775 220000
2718909.4922449 2.73385848979592 220000
2930471.31428571 2.73385848979592 220000
3156516.19591837 2.67990126530612 220000
3398039.12816327 2.67990126530612 220000
3656094.5044898 2.67033344897959 220000
3931818.39673469 2.67033344897959 220000
4226421.12979592 2.73020771428571 220000
4541190.99428571 2.73020771428571 220000
4877509.09714286 2.8699272244898 220000
5236853.07428571 2.8699272244898 220000
5620800.80326531 3.07039502040816 220000
6031034.11591837 3.07039502040816 220000
6469349.93632653 3.28315324489796 220000
6937678.84408163 3.28315324489796 220000
7438066.51102041 3.45449991836735 220000
7972714.54040816 3.45449991836735 220000
8543965.61632653 3.57137114285714 220000
9154325.77959184 3.57137114285714 220000
9806471.85306122 3.67209232653061 220000
10503270.004898 3.67209232653061 220000
11247768.3232653 3.80041089795918 220000
12043237.6555102 3.80041089795918 220000
12893167.8955102 3.94618667346939 220000
13801282.8342857 3.94618667346939 220000
14771573.5738775 3.94618667346939 220000
15808294.8146939 3.94618667346939 220000
0 7578821.95246283 230000
25820.6892857143 7578821.95246283 230000
53407.6392857143 7578821.95246283 230000
82878.0964285714 7578821.95246283 230000
114356.871428571 34094455.1277266 230000
147987.685714286 34094455.1277266 230000
183914.260714286 4594679.36007087 230000
222291.664285714 4594679.36007087 230000
263290.092857143 31762.5158247991 230000
307091.089285714 31762.5158247991 230000
353879.978571429 1103.29779665179 230000
403860.996428571 1103.29779665179 230000
457257.289285714 114.477498147321 230000
514299.567857143 114.477498147321 230000
575237.453571429 27.1714185714286 230000
640331.914285714 27.1714185714286 230000
709874.175 11.5234801339286 230000
784163.025 11.5234801339286 230000
863523.728571428 6.80588727678571 230000
948300.460714286 6.80588727678571 230000
1038867.65357143 4.80284078125 230000
1135618.65 4.80284078125 230000
1238977.05 3.83194895089286 230000
1349389.14642857 3.83194895089286 230000
1467339.05357143 3.35170348214286 230000
1593344.925 3.35170348214286 230000
1727951.38928571 3.08549578125 230000
1871748.46071429 3.08549578125 230000
2025363.975 2.9022115625 230000
2189467.37142857 2.9022115625 230000
2364773.475 2.77753479910714 230000
2552050.06071429 2.77753479910714 230000
2752114.07142857 2.71736720982143 230000
2965835.4 2.71736720982143 230000
3194148.23571429 2.71646895089286 230000
3438051.06428571 2.71646895089286 230000
3698602.88571429 2.76469915178571 230000
3976945.90714286 2.76469915178571 230000
4274294.19642857 2.85385529017857 230000
4591941.24642857 2.85385529017857 230000
4931275.10357143 2.97181087053571 230000
5293778.36785714 2.97181087053571 230000
5681031.975 3.10194810267857 230000
6094722.76071429 3.10194810267857 230000
6536658.58928571 3.23726214285714 230000
7008768.35357143 3.23726214285714 230000
7513109.53928571 3.375783125 230000
8051887.13571429 3.375783125 230000
8627449.85357143 3.48257350446429 230000
9242305.25357143 3.48257350446429 230000
9899142.43928571 3.48596167410714 230000
10600824.4928571 3.48596167410714 230000
11350411.1678571 3.35615537946429 230000
12151177.8 3.35615537946429 230000
13006619.0892857 3.11878651785714 230000
13920460.4464286 3.11878651785714 230000
14896695.8142857 3.11878651785714 230000
15939583.8857143 3.11878651785714 230000
0 6840701.09869207 240000
25695.8416326531 6840701.09869207 240000
53146.4110204082 6840701.09869207 240000
82468.4389795918 6840701.09869207 240000
113793.718367347 22753034.7787264 240000
147254.042040816 22753034.7787264 240000
183000.030408163 10981991.9989918 240000
221182.303877551 10981991.9989918 240000
261974.075918367 100636.219871568 240000
305548.56 100636.219871568 240000
352094.031632653 1837.83689564286 240000
401817.593877551 1837.83689564286 240000
454933.880816326 169.969223468112 240000
511676.354081633 169.969223468112 240000
572289.771836735 35.8316066556122 240000
637037.719795918 35.8316066556122 240000
706206.376734694 13.1536645552721 240000
780096.983469388 13.1536645552721 240000
859025.842857143 7.08648623894558 240000
943343.147346939 7.08648623894558 240000
1033414.15142857 4.85749247363946 240000
1129630.46816326 4.85749247363946 240000
1232413.83469388 3.8077623664966 240000
1342212.34673469 3.8077623664966 240000
1459500.45857143 3.23287094090136 240000
1584797.81061224 3.23287094090136 240000
1718639.10530612 2.91586989540816 240000
1861619.29326531 2.91586989540816 240000
2014352.15265306 2.75615734906463 240000
2177511.70979592 2.75615734906463 240000
2351802.11510204 2.68946859438776 240000
2537987.76714286 2.68946859438776 240000
2736878.25061224 2.68035292176871 240000
2949343.39836735 2.68035292176871 240000
3176305.76040816 2.7133874289966 240000
3418755.66591837 2.7133874289966 240000
3677751.22326531 2.78035859693877 240000
3954418.32 2.78035859693877 240000
4249969.45040816 2.8748022997449 240000
4565684.88795918 2.8748022997449 240000
4902950.34040816 2.98941501658163 240000
5263226.82571428 2.98941501658163 240000
5648092.09265306 3.12203157908163 240000
6059218.0277551 3.12203157908163 240000
6498400.77938776 3.27422879464286 240000
6967556.9922449 3.27422879464286 240000
7468723.80734694 3.43478858078231 240000
8004092.75163265 3.43478858078231 240000
8575998.44142857 3.58937061947279 240000
9186926.11346939 3.58937061947279 240000
9839549.28 3.75764185671769 240000
10536703.3702041 3.75764185671769 240000
11281434.6818367 4.01038603954082 240000
12076989.0846939 4.01038603954082 240000
12926827.0826531 4.65213096088435 240000
13834665.2342857 4.65213096088435 240000
14804449.7942857 4.65213096088435 240000
15840416.9616326 4.65213096088435 240000
0 8633470.91217342 250000
26317.8457142857 8633470.91217342 250000
54418.4380612245 8633470.91217342 250000
84426.0643877551 8633470.91217342 250000
116465.012040816 17353938.2079939 250000
150675.104285714 17353938.2079939 250000
187203.932346939 17993232.7488341 250000
226206.855408163 17993232.7488341 250000
267854.768571428 228229.680100481 250000
312322.450918367 228229.680100481 250000
359804.101428571 3186.58041314179 250000
410501.687040816 3186.58041314179 250000
464636.594591837 186.977844276573 250000
522437.978877551 186.977844276573 250000
584158.298571429 33.2897104559949 250000
650061.664285714 33.2897104559949 250000
720427.72255102 12.7452790306122 250000
795563.307755102 12.7452790306122 250000
875790.790204081 7.30283644430272 250000
961451.960102041 7.30283644430272 250000
1052919.6794898 4.9993857059949 250000
1150586.23030612 4.9993857059949 250000
1254867.19836735 3.85125706377551 250000
1366217.00928571 3.85125706377551 250000
1485113.39255102 3.27940580187075 250000
1612065.1494898 3.27940580187075 250000
1747619.92122449 2.98771084289966 250000
1892356.42071429 2.98771084289966 250000
2046903.85265306 2.82881561947279 250000
2211922.49357143 2.82881561947279 250000
2388123.11173469 2.74618395365646 250000
2576266.96714286 2.74618395365646 250000
2777154.15959184 2.72219228805272 250000
2991654.7005102 2.72219228805272 250000
3220692.97704082 2.74326287733843 250000
3465247.75204082 2.74326287733843 250000
3726375.46795918 2.78639123405612 250000
4005198.59489796 2.78639123405612 250000
4302913.39857143 2.83431792389456 250000
4620805.47622449 2.83431792389456 250000
4960234.22071429 2.89685808694728 250000
5322663.89234694 2.89685808694728 250000
5709651.96693877 3.00587653911565 250000
6122864.67173469 3.00587653911565 250000
6564073.10142857 3.18571288584184 250000
7035180.40602041 3.18571288584184 250000
7538214.02285714 3.41551501169218 250000
8075329.56061224 3.41551501169218 250000
8648841.87112245 3.6232027287415 250000
9261217.28142857 3.6232027287415 250000
9915085.24571428 3.76156950170068 250000
10613261.6491837 3.76156950170068 250000
11358748.8080612 3.86502900807823 250000
12154751.0055102 3.86502900807823 250000
13004690.027551 3.92550580697279 250000
13912220.6989796 3.92550580697279 250000
14881250.3032653 3.92550580697279 250000
15915938.582551 3.92550580697279 250000
0 7316959.70871223 260000
26732.8560204082 7316959.70871223 260000
55272.6807142857 7316959.70871223 260000
85742.0474489796 7316959.70871223 260000
118271.43755102 25854660.4844177 260000
153003.194285714 25854660.4844177 260000
190079.660918367 13970471.9288872 260000
229662.950612245 13970471.9288872 260000
271923.084489796 250774.96978416 260000
317041.945612245 250774.96978416 260000
365209.325 3065.05767132674 260000
416634.783571429 3065.05767132674 260000
471535.790204082 185.840945371173 260000
530149.583673469 185.840945371173 260000
592725.264693878 33.4591436906888 260000
659531.703877551 33.4591436906888 260000
730857.541734694 12.2081508760629 260000
807003.280714286 12.2081508760629 260000
888297.101122449 6.90709162457483 260000
975086.953163265 6.90709162457483 260000
1067748.46489796 4.96034977253401 260000
1166669.12632653 4.96034977253401 260000
1272279.92122449 3.96812330633503 260000
1385031.60326531 3.96812330633503 260000
1505406.55795918 3.39054573745748 260000
1633922.75663265 3.39054573745748 260000
1771121.8944898 3.06758797937925 260000
1917601.02244898 3.06758797937925 260000
2073984.86928571 2.8985718267432 260000
2240937.70357143 2.8985718267432 260000
2419183.10357143 2.80422822619048 260000
2609476.27938775 2.80422822619048 260000
2812635.70479592 2.74346873979592 260000
3029531.25530612 2.74346873979592 260000
3261088.16214286 2.71795733397109 260000
3508306.78214286 2.71795733397109 260000
3772234.91989796 2.7466731107568 260000
4054007.36755102 2.7466731107568 260000
4354834.04285714 2.83782881526361 260000
4675996.03520408 2.83782881526361 260000
5018873.28346939 2.97622633843537 260000
5384932.71408163 2.97622633843537 260000
5775740.10295918 3.12974783354592 260000
6192971.93744898 3.12974783354592 260000
6638411.46234694 3.27103670429422 260000
7113964.49581633 3.27103670429422 260000
7621675.24530612 3.39187196811225 260000
8163710.49163265 3.39187196811225 260000
8742391.22081633 3.48638855527211 260000
9360196.57806122 3.48638855527211 260000
10019771.7757143 3.52557414051871 260000
10723943.9091837 3.52557414051871 260000
11475721.9569388 3.46428745684524 260000
12278328.4123469 3.46428745684524 260000
13135199.2836735 3.20571366645408 260000
14050003.8639796 3.20571366645408 260000
15026656.5930612 3.20571366645408 260000
16069340.7813265 3.20571366645408 260000
0 11158603.7928793 270000
27041.4642857143 11158603.7928793 270000
55916.5867346939 11158603.7928793 270000
86745.2142857143 11158603.7928793 270000
119663.173469388 29806472.7491031 270000
154806.290816327 29806472.7491031 270000
192330.367346939 18996453.4411607 270000
232391.204081633 18996453.4411607 270000
275168.571428571 856688.405290083 270000
320838.244897959 856688.405290083 270000
369599.969387755 9722.40555133929 270000
421665.474489796 9722.40555133929 270000
477250.484693878 358.199937149235 270000
536602.683673469 358.199937149235 270000
599969.755102041 43.2826969706633 270000
667631.341836735 43.2826969706633 270000
739867.086734694 13.4394442920918 270000
816996.581632653 13.4394442920918 270000
899347.408163265 7.15197426658163 270000
987271.117346939 7.15197426658163 270000
1081147.2244898 4.93944996811224 270000
1181379.21428571 4.93944996811224 270000
1288398.53571429 3.91435082908163 270000
1402656.6122449 3.91435082908163 270000
1524652.80612245 3.38965427295918 270000
1654910.44897959 3.38965427295918 270000
1793980.83673469 3.10591664540816 270000
1942467.19897959 3.10591664540816 270000
2101004.7244898 2.9439068877551 270000
2270276.54081633 2.9439068877551 270000
2451005.7244898 2.85045956632653 270000
2643971.28061224 2.85045956632653 270000
2849996.15816326 2.80282040816327 270000
3069971.21938775 2.80282040816327 270000
3304835.26530612 2.7947390625 270000
3555599.00510204 2.7947390625 270000
3823341.06122449 2.82902028061224 270000
4109203.9744898 2.82902028061224 270000
4414418.17346939 2.89993804209184 270000
4740297.97959184 2.89993804209184 270000
5088233.61734694 2.99050570790816 270000
5459723.17346939 2.99050570790816 270000
5856364.60714286 3.10153058035714 270000
6279851.75510204 3.10153058035714 270000
6732010.28571428 3.26448912627551 270000
7214773.72959184 3.26448912627551 270000
7730223.42857143 3.49062531887755 270000
8280560.57142857 3.49062531887755 270000
8868158.12755102 3.70867184311224 270000
9495528.8877551 3.70867184311224 270000
10165373.4030612 3.81628440688775 270000
10880560.0102041 3.81628440688775 270000
11644160.7857143 3.85128137755102 270000
12459455.5408163 3.85128137755102 270000
13329939.8112245 4.26932248086735 270000
14259352.8214286 4.26932248086735 270000
15251681.4795918 4.26932248086735 270000
16311184.3469388 4.26932248086735 270000
0 9223930.81745879 280000
27131.9989795918 9223930.81745879 280000
56093.9801020408 9223930.81745879 280000
87006.6015306122 9223930.81745879 280000
120006.609183673 11784379.5238858 280000
155234.770918367 11784379.5238858 280000
192835.876530612 8354574.77517152 280000
232974.825510204 8354574.77517152 280000
275820.539285714 197082.139368658 280000
321558.027040816 197082.139368658 280000
370380.341836735 4069.79700644451 280000
422496.624489796 4069.79700644451 280000
478128.081632653 235.232867624362 280000
537512.007653061 235.232867624362 280000
600901.784693878 39.0582624096514 280000
668566.882653061 39.0582624096514 280000
740800.903061224 13.7439786596514 280000
817901.469387755 13.7439786596514 280000
900206.424489796 7.39125095238095 280000
988061.655102041 7.39125095238095 280000
1081845.22346939 5.0863029772534 280000
1181955.30153061 5.0863029772534 280000
1288818.21479592 4.00643755314626 280000
1402888.44234694 4.00643755314626 280000
1524656.66071429 3.4028115752551 280000
1654637.67806122 3.4028115752551 280000
1793382.5 3.05210689306973 280000
1941490.39540816 3.05210689306973 280000
2099588.78673469 2.86153402742347 280000
2268353.35969388 2.86153402742347 280000
2448500.01938776 2.7721715752551 280000
2640800.97806122 2.7721715752551 280000
2846072.68928571 2.73980334715136 280000
3065191.93571429 2.73980334715136 280000
3299095.82908163 2.74942248405612 280000
3548773.76632653 2.74942248405612 280000
3815295.58316326 2.80577990114796 280000
4099795.46632653 2.80577990114796 280000
4403488.04132653 2.90883370323129 280000
4727664.3505102 2.90883370323129 280000
5073711.9627551 3.04666889668367 280000
5443102.90765306 3.04666889668367 280000
5837409.76326531 3.20449647746599 280000
6258317.72193877 3.20449647746599 280000
6707616.54642857 3.37120583971088 280000
7187224.70153061 3.37120583971088 280000
7699189.35408163 3.52490255420918 280000
8245686.37295918 3.52490255420918 280000
8829048.48265306 3.62113581845238 280000
9451761.24132653 3.62113581845238 280000
10116483.1505102 3.62815745323129 280000
10826045.655102 3.62815745323129 280000
11583473.2530612 3.57273848852041 280000
12391991.5392857 3.57273848852041 280000
13255055.3591837 3.5176798224915 280000
14176336.7428571 3.5176798224915 280000
15159765.1244898 3.5176798224915 280000
16209531.3642857 3.5176798224915 280000
0 10193904.4144823 290000
27304.2397959184 10193904.4144823 290000
56453.0867346939 10193904.4144823 290000
87560.0551020408 10193904.4144823 290000
120762.983673469 16575322.3451596 290000
156203.765306122 16575322.3451596 290000
194032.401020408 14092974.1258238 290000
234407 14092974.1258238 290000
277501.887755102 692289.301327776 290000
323499.497959184 692289.301327776 290000
372594.426530612 6343.06436602041 290000
424993.431632653 6343.06436602041 290000
480927.595918367 278.728281232993 290000
540623.947959184 278.728281232993 290000
604346.003061224 43.3698980718537 290000
672357.276530612 43.3698980718537 290000
744949.662244898 14.6237819132653 290000
822431.270408163 14.6237819132653 290000
905130.481632653 7.64088812712585 290000
993404.055102041 7.64088812712585 290000
1087620.9122449 5.09018665391156 290000
1188182.40714286 5.09018665391156 290000
1295518.27244898 3.94117545918367 290000
1410082.56530612 3.94117545918367 290000
1532365.82959184 3.37493005314626 290000
1662882.93367347 3.37493005314626 290000
1802193.34081633 3.06219988520408 290000
1950884.89285714 3.06219988520408 290000
2109594.08061225 2.87340637117347 290000
2278989.82755102 2.87340637117347 290000
2459797.81428571 2.77030600765306 290000
2652784.2622449 2.77030600765306 290000
2858768.09591837 2.73658956207483 290000
3078624.99693878 2.73658956207483 290000
3313291.45816327 2.75652213010204 290000
3563760.72959184 2.75652213010204 290000
3831103.08877551 2.81469820153061 290000
4116453.67857143 2.81469820153061 290000
4421020.61530612 2.89952985969388 290000
4746105.25918367 2.89952985969388 290000
5093081.94387755 3.00658295280612 290000
5463434.4632653 3.00658295280612 290000
5858727.69285714 3.14340820790816 290000
6280648.13061224 3.14340820790816 290000
6730983.62653061 3.33324058035714 290000
7211651.76122449 3.33324058035714 290000
7724699.84591837 3.59544675595238 290000
8272300.86836735 3.59544675595238 290000
8856785.9255102 3.90442689838435 290000
9480636.11530612 3.90442689838435 290000
10146506.8612245 4.17833078869048 290000
10857231.9663265 4.17833078869048 290000
11615823.6132653 4.33218318664966 290000
12425508.8510204 4.33218318664966 290000
13289729.594898 4.3038975212585 290000
14212162.8969388 4.3038975212585 290000
15196725 4.3038975212585 290000
16247603.7704082 4.3038975212585 290000
0 3678162.24685159 300000
28123.4991836735 3678162.24685159 300000
58127.2263265306 3678162.24685159 300000
90137.3712244898 3678162.24685159 300000
124284.33 20465722.8198791 300000
160715.324081633 20465722.8198791 300000
199585.98755102 18474421.3502799 300000
241051.954489796 18474421.3502799 300000
285289.890612245 409869.846638935 300000
332489.080612245 409869.846638935 300000
382843.015510204 6302.87068543707 300000
436562.011632653 6302.87068543707 300000
493873.210612245 357.44078174915 300000
555012.166734694 357.44078174915 300000
620243.878571429 55.1963894477041 300000
689837.551020408 55.1963894477041 300000
764079.214285714 16.6301413346088 300000
843288.549183673 16.6301413346088 300000
927793.649183673 7.82249668579932 300000
1017947.84571429 7.82249668579932 300000
1114129.70816327 5.03473625127551 300000
1216738.83755102 5.03473625127551 300000
1326212.69183673 3.91069188095238 300000
1443005.55428571 3.91069188095238 300000
1567605.35877551 3.36154718920068 300000
1700537.89612245 3.36154718920068 300000
1842354.19510204 3.07977589073129 300000
1993655.76040816 3.07977589073129 300000
2155073.54102041 2.93837321386054 300000
2327280.54918367 2.93837321386054 300000
2511000.27306122 2.8546235 300000
2707006.67673469 2.8546235 300000
2916115.78755102 2.79921391113946 300000
3139206.7277551 2.79921391113946 300000
3377213.30183673 2.77979470365646 300000
3631132.40918367 2.77979470365646 300000
3902028.25040816 2.8062069289966 300000
4191036.53367347 2.8062069289966 300000
4499364.47469388 2.88334920493197 300000
4828311.82836735 2.88334920493197 300000
5179245.65081633 3.01258858758503 300000
5553646.56897959 3.01258858758503 300000
5953079.33632653 3.18645008418367 300000
6379218.07081633 3.18645008418367 300000
6833846.25489796 3.37991481505102 300000
7318873.56081633 3.37991481505102 300000
7836323.23163265 3.55936722066327 300000
8388374.1444898 3.55936722066327 300000
8977331.36632653 3.69986728996599 300000
9605668.21714286 3.69986728996599 300000
10276013.6510204 3.78063752253401 300000
10991177.4940816 3.78063752253401 300000
11754154.6508163 3.77990141539116 300000
12568146.1357143 3.77990141539116 300000
13436559.0732653 3.69070976658163 300000
14363031.9359184 3.69070976658163 300000
15351447.1630612 3.69070976658163 300000
16405947.9863265 3.69070976658163 300000
0 1185.815429875 30000
19397.55 1185.815429875 30000
40204.86 1185.815429875 30000
62526.06 1185.815429875 30000
86465.28 668.5851158125 30000
112145.34 668.5851158125 30000
139691.73 111.9599919375 30000
169240.62 111.9599919375 30000
200933.52 51.3607374375 30000
234930.63 51.3607374375 30000
271397.49 27.2623075625 30000
310512.99 27.2623075625 30000
352469.37 13.8890896875 30000
397474.89 13.8890896875 30000
445751.16 8.744161 30000
497535.81 8.744161 30000
553079.82 6.34994975 30000
612660.87 6.34994975 30000
676572.66 4.895723125 30000
745124.91 4.895723125 30000
818656.71 4.0522145 30000
897533.85 4.0522145 30000
982140.81 3.5278431875 30000
1072894.11 3.5278431875 30000
1170239.64 3.1650680625 30000
1274658 3.1650680625 30000
1386664.5 2.915907 30000
1506806.49 2.915907 30000
1635679.38 2.7391085 30000
1773913.29 2.7391085 30000
1922191.74 2.60803375 30000
2081240.97 2.60803375 30000
2251848.63 2.517198125 30000
2434847.76 2.517198125 30000
2631146.16 2.463965 30000
2841702.36 2.463965 30000
3067557.66 2.44774475 30000
3309822.78 2.44774475 30000
3569688.54 2.4796234375 30000
3848433.87 2.4796234375 30000
4147431.15 2.572723 30000
4468148.88 2.572723 30000
4812170.37 2.7361214375 30000
5181185.73 2.7361214375 30000
5577010.56 2.9670986875 30000
6001593.96 2.9670986875 30000
6457021.2 3.2338650625 30000
6945540.42 3.2338650625 30000
7469549.28 3.4671285 30000
8031629.67 3.4671285 30000
8634547.71 3.5604394375 30000
9281267.1 3.5604394375 30000
9974973.15 3.446703 30000
10719080.79 3.446703 30000
11517245.25 3.1266756875 30000
12373402.11 3.1266756875 30000
13291759.29 3.1266756875 30000
14276839.77 3.1266756875 30000
0 1392163.70550209 40000
19924.2032653061 1392163.70550209 40000
41290.0720408163 1392163.70550209 40000
64199.5979591837 1392163.70550209 40000
88763.042244898 132.519485594388 40000
115104.44877551 132.519485594388 40000
143350.617959184 91.372689974915 40000
173636.619795918 91.372689974915 40000
206111.306938776 49.6974559515306 40000
240934.558163265 49.6974559515306 40000
278274.521836735 31.8318125191326 40000
318313.128979592 31.8318125191326 40000
361246.093265306 17.6741621819728 40000
407282.911020408 17.6741621819728 40000
456646.86122449 9.92005305527211 40000
509577.762040816 9.92005305527211 40000
566337.483877551 6.57869575977891 40000
627198.923265306 6.57869575977891 40000
692457.028979592 4.95636263903061 40000
762434.315102041 4.95636263903061 40000
837469.834897959 4.02224332780612 40000
917927.450408163 4.02224332780612 40000
1004201.3455102 3.48043575042517 40000
1096713.26938776 3.48043575042517 40000
1195909.78 3.16545618579932 40000
1302278.78326531 3.16545618579932 40000
1416332.99387755 2.95726346853741 40000
1538634.74408163 2.95726346853741 40000
1669773.93142857 2.78793783290816 40000
1810392.82755102 2.78793783290816 40000
1961177.80857143 2.6425652997449 40000
2122859.35510204 2.6425652997449 40000
2296228.59142857 2.53511229081633 40000
2482129.01591837 2.53511229081633 40000
2681467.52714286 2.48154371258503 40000
2895214.42387755 2.48154371258503 40000
3124411.67469388 2.48362833886054 40000
3370175.6744898 2.48362833886054 40000
3633702.75755102 2.52865741496599 40000
3916277.46714286 2.52865741496599 40000
4219278.06857143 2.60387050127551 40000
4544182.0622449 2.60387050127551 40000
4892568.94020408 2.71073200467687 40000
5266139.48183673 2.71073200467687 40000
5666710.24081633 2.86995036139456 40000
6096235.59734694 2.86995036139456 40000
6556807.75816326 3.11000972108844 40000
7050673.29571429 3.11000972108844 40000
7580233.14816326 3.43951275637755 40000
8148072.94122449 3.43951275637755 40000
8756957.47510204 3.80011864540816 40000
9409850.02020408 3.80011864540816 40000
10109939.882449 4.05946223384354 40000
10860628.6206122 4.05946223384354 40000
11665582.4204082 4.14226152210884 40000
12528718.3118367 4.14226152210884 40000
13454245.5171429 4.14226152210884 40000
14446668.2073469 4.14226152210884 40000
0 5606261.41745816 50000
20207.1428571429 5606261.41745816 50000
41867.5102040816 5606261.41745816 50000
65079.6734693878 5606261.41745816 50000
89956.2857142857 256704.450930357 50000
116621.265306122 256704.450930357 50000
145198.530612245 910.479760204082 50000
175823.265306122 910.479760204082 50000
208650.367346939 107.036543367347 50000
243829.102040816 107.036543367347 50000
281534.081632653 37.802037244898 50000
321942.734693878 37.802037244898 50000
365252.204081633 17.2309076530612 50000
411668.081632653 17.2309076530612 50000
461415.673469388 9.4605512755102 50000
514734.367346939 9.4605512755102 50000
571877.632653061 6.36204642857143 50000
633118.653061224 6.36204642857143 50000
698758.775510204 4.97995178571428 50000
769104.979591837 4.97995178571428 50000
844500.857142857 4.15144132653061 50000
925306.897959184 4.15144132653061 50000
1011908.93877551 3.55144642857143 50000
1104726.6122449 3.55144642857143 50000
1204204.89795918 3.15465535714286 50000
1310819.75510204 3.15465535714286 50000
1425083.75510204 2.91767908163265 50000
1547548.89795918 2.91767908163265 50000
1678800.97959184 2.76295714285714 50000
1819470.85714286 2.76295714285714 50000
1970237.26530612 2.64524642857143 50000
2131818.36734694 2.64524642857143 50000
2304994.28571429 2.55445510204082 50000
2490595.83673469 2.55445510204082 50000
2689515.79591837 2.49939591836735 50000
2902708.89795918 2.49939591836735 50000
3131200.28571429 2.48262704081633 50000
3376085.51020408 2.48262704081633 50000
3638544.6122449 2.5022181122449 50000
3919836.48979592 2.5022181122449 50000
4221310.16326531 2.56691147959184 50000
4544416.04081633 2.56691147959184 50000
4890708.73469388 2.6822693877551 50000
5261847.06122449 2.6822693877551 50000
5659616.57142857 2.83115331632653 50000
6085926.73469388 2.83115331632653 50000
6542830.65306122 2.98904362244898 50000
7032516.6122449 2.98904362244898 50000
7557339.06122449 3.15414489795918 50000
8119821.42857143 3.15414489795918 50000
8722664.57142857 3.35751301020408 50000
9368763.67346939 3.35751301020408 50000
10061222.3265306 3.66701556122449 50000
10803369.4285714 3.66701556122449 50000
11598767.6326531 4.45218392857143 50000
12451241.5102041 4.45218392857143 50000
13364883.1836735 4.45218392857143 50000
14344083.3061224 4.45218392857143 50000
0 7805181.82593591 60000
20174.28 7805181.82593591 60000
41802.1836734694 7805181.82593591 60000
64990.1420408163 7805181.82593591 60000
89844.586122449 1927294.82922911 60000
116491.552653061 1927294.82922911 60000
145057.078367347 3584.79728245578 60000
175681.204081633 3584.79728245578 60000
208512.373061224 189.518537947279 60000
243707.431020408 189.518537947279 60000
281437.227755102 41.3487781904762 60000
321883.816326531 41.3487781904762 60000
365243.253877551 16.5889200102041 60000
411728.40244898 16.5889200102041 60000
461560.526530612 9.28220872789116 60000
514983.297142857 9.28220872789116 60000
572254.389387755 6.19747715136054 60000
633651.084081633 6.19747715136054 60000
699467.466938775 4.74269814115646 60000
770028.432653061 4.74269814115646 60000
845670.079183673 4.03980994387755 60000
926759.313469388 4.03980994387755 60000
1013691.05061224 3.62035268877551 60000
1106885.41306122 3.62035268877551 60000
1206793.3322449 3.27410760544218 60000
1313893.7477551 3.27410760544218 60000
1428713.21306122 2.97153191666667 60000
1551800.68816327 2.97153191666667 60000
1683755.5477551 2.74117644387755 60000
1825216.37795918 2.74117644387755 60000
1976866.57795918 2.58780840986394 60000
2139439.96163265 2.58780840986394 60000
2313723.55836735 2.50247687244898 60000
2500560.41387755 2.50247687244898 60000
2700857.99265306 2.47551318027211 60000
2915579.7755102 2.47551318027211 60000
3145770.46693878 2.49428448469388 60000
3392544.79183673 2.49428448469388 60000
3657093.09714286 2.54665391496599 60000
3940695.35591837 2.54665391496599 60000
4244729.56979592 2.62903876020408 60000
4570660.56571428 2.62903876020408 60000
4920070.80489796 2.74687143707483 60000
5294649.17959184 2.74687143707483 60000
5696210.61877551 2.91007733843537 60000
6126698.88897959 2.91007733843537 60000
6588192.19591837 3.1313009829932 60000
7082931.19265306 3.1313009829932 60000
7613307.77632653 3.41509369727891 60000
8181887.49469388 3.41509369727891 60000
8791420.74938775 3.75103994557823 60000
9444862.40163265 3.75103994557823 60000
10145374.5730612 4.09456006802721 60000
10896343.4506122 4.09456006802721 60000
11701407.2946939 4.30154622959184 60000
12564462.0408163 4.30154622959184 60000
13489686.5069388 4.30154622959184 60000
14481553.5967347 4.30154622959184 60000
0 7855501.04581969 70000
20645.0651020408 7855501.04581969 70000
42769.506122449 7855501.04581969 70000
66479.8151020408 7855501.04581969 70000
91893.9967346939 257487.553116138 70000
119130.055714286 257487.553116138 70000
148317.509387755 2827.28140418112 70000
179600.265918367 2827.28140418112 70000
213127.989795918 177.588873512755 70000
249058.98 177.588873512755 70000
287565.926326531 52.2774764961735 70000
328835.909387755 52.2774764961735 70000
373067.52244898 23.2574779591837 70000
420470.871428571 23.2574779591837 70000
471273.33122449 11.4509284515306 70000
525719.545714286 11.4509284515306 70000
584074.305918367 6.92354165816326 70000
646611.037346939 6.92354165816326 70000
713634.825306122 5.0058994247449 70000
785465.145918367 5.0058994247449 70000
862450.256938775 4.0759828622449 70000
944952.806938775 4.0759828622449 70000
1033375.73877551 3.56097152295918 70000
1128142.14244898 3.56097152295918 70000
1229703.88959184 3.1997740255102 70000
1338550.26795918 3.1997740255102 70000
1455205.10326531 2.91807979209184 70000
1580226.75918367 2.91807979209184 70000
1714216.77183673 2.72430145408163 70000
1857816.97163265 2.72430145408163 70000
2011715.23959184 2.61558483290816 70000
2176654.14183673 2.61558483290816 70000
2353422.29510204 2.55793762117347 70000
2542871.63571429 2.55793762117347 70000
2745905.90693878 2.53015135331633 70000
2963506.56244898 2.53015135331633 70000
3196712.61918367 2.53962530739796 70000
3446646.56081633 2.53962530739796 70000
3714508.58142857 2.59329705612245 70000
4001585.22 2.59329705612245 70000
4309249.36040816 2.68174661096939 70000
4638983.25673469 2.68174661096939 70000
4992367.02061224 2.79699906122449 70000
5371098.76836735 2.79699906122449 70000
5776994.62102041 2.94688540943878 70000
6212003.09510204 2.94688540943878 70000
6678216.61530612 3.13881092984694 70000
7177868.63632653 3.13881092984694 70000
7713359.54632653 3.36790672959184 70000
8287256.66693877 3.36790672959184 70000
8902320.15673469 3.6404148252551 70000
9561500.13306122 3.6404148252551 70000
10267962.5755102 4.01129014668367 70000
11025095.0822449 4.01129014668367 70000
11836535.6516327 4.89142647704082 70000
12706178.4385714 4.89142647704082 70000
13638196.7797959 4.89142647704082 70000
14637066.2191837 4.89142647704082 70000
0 7528264.98855805 80000
21028.2442857143 7528264.98855805 80000
43558.5060204082 7528264.98855805 80000
67691.1164285714 7528264.98855805 80000
93544.112244898 2715237.45280768 80000
121238.481122449 2715237.45280768 80000
150909.965306122 19439.2845928342 80000
182694.307040816 19439.2845928342 80000
216742.003163265 600.549075474277 80000
253218.305102041 600.549075474277 80000
292291.415204082 76.5926231611395 80000
334150.192244898 76.5926231611395 80000
378992.347755102 23.2787929173044 80000
427030.347857143 23.2787929173044 80000
478491.413265306 11.0166573930697 80000
533620.470204082 11.0166573930697 80000
592677.199489796 6.86695302997449 80000
655944.889285714 6.86695302997449 80000
723718.631428571 5.10128946811225 80000
796323.026938776 5.10128946811225 80000
874100.382346939 4.18268087585034 80000
957422.513367347 4.18268087585034 80000
1046681.89214286 3.63218090667517 80000
1142300.5 3.63218090667517 80000
1244735.72928571 3.25534863116497 80000
1354468.57969388 3.25534863116497 80000
1472021.36377551 2.95319303358844 80000
1597954.75602041 2.95319303358844 80000
1732858.94010204 2.71989834566326 80000
1877380.16714286 2.71989834566326 80000
2032197.14836735 2.57454717283163 80000
2198047.61336735 2.57454717283163 80000
2375719.45734694 2.50973148044218 80000
2566050.74112245 2.50973148044218 80000
2769947.39663265 2.49972909672619 80000
2988374.37418367 2.49972909672619 80000
3222367.44612245 2.52527913159014 80000
3473033.20683673 2.52527913159014 80000
3741566.77826531 2.58686725701531 80000
4029234.10438775 2.58686725701531 80000
4337401.46040816 2.69100393664966 80000
4667529.55091837 2.69100393664966 80000
5021185.31357143 2.83218078954082 80000
5400044.87 2.83218078954082 80000
5805902.37857143 3.00719483971088 80000
6240681.83806122 3.00719483971088 80000
6706445.94040816 3.21721415901361 80000
7205401.97255102 3.21721415901361 80000
7739916.57102041 3.42875811947279 80000
8312521.62377551 3.42875811947279 80000
8925931.97571428 3.57903363732993 80000
9583057.23234694 3.57903363732993 80000
10287013.5634694 3.62110881505102 80000
11041135.5068367 3.62110881505102 80000
11848996.6245918 3.51944967729592 80000
12714430.1596939 3.51944967729592 80000
13641540.8395918 3.51944967729592 80000
14634716.679898 3.51944967729592 80000
0 6387855.11108565 90000
21112.4196938775 6387855.11108565 90000
43738.1370408163 6387855.11108565 90000
67983.3483673469 6387855.11108565 90000
93963.0996938775 1538.8569640355 90000
121801.286734694 1538.8569640355 90000
151633.604795918 353.789872259566 90000
183601.648979592 353.789872259566 90000
217855.864081633 202.691397390306 90000
254561.444387755 202.691397390306 90000
293895.38377551 59.588479590136 90000
336046.475714286 59.588479590136 90000
381212.363367347 21.7024976156463 90000
429611.339183673 21.7024976156463 90000
481473.495204082 11.4292014198554 90000
537049.572755102 11.4292014198554 90000
596602.112755102 7.28367294409014 90000
660417.255306122 7.28367294409014 90000
728801.789795918 5.33179921194728 90000
802077.255102041 5.33179921194728 90000
880600.588877551 4.26490715880102 90000
964743.478265306 4.26490715880102 90000
1054910.05928571 3.6031528622449 90000
1151528.06714286 3.6031528622449 90000
1255060.63581633 3.18462994366497 90000
1366006.29806122 3.18462994366497 90000
1484890.13571429 2.94307017453231 90000
1612284.42897959 2.94307017453231 90000
1748799.80673469 2.79490540391156 90000
1895082.29663265 2.79490540391156 90000
2051836.92428571 2.67648543771258 90000
2219810.01387755 2.67648543771258 90000
2399803.93765306 2.58250660522959 90000
2592683.01571429 2.58250660522959 90000
2799367.61622449 2.53087109970238 90000
3020845.955 2.53087109970238 90000
3258177.04540816 2.53779106866497 90000
3512493.64826531 2.53779106866497 90000
3785014.07142857 2.60799864009354 90000
4077039.21989796 2.60799864009354 90000
4389964.39540816 2.72888300021259 90000
4725288.14612245 2.72888300021259 90000
5084615.21653061 2.88787020897109 90000
5469656.54744898 2.88787020897109 90000
5882261.72489796 3.08468985905612 90000
6324395.38091837 3.08468985905612 90000
6798175.5422449 3.30369520004252 90000
7305867.7305102 3.30369520004252 90000
7849896.76183674 3.51214851020408 90000
8432864.44622449 3.51214851020408 90000
9057558.4372449 3.71819888265306 90000
9726964.03163265 3.71819888265306 90000
10444284.8185714 3.93770816454082 90000
11212945.6295918 3.93770816454082 90000
12036622.037551 4.04320389030612 90000
12919252.1562245 4.04320389030612 90000
13865060.2394898 4.04320389030612 90000
14878559.6312245 4.04320389030612 90000
0 96162.7447481633 hpsmc
8124.10775510204 96162.7447481633 hpsmc
16856.3853061225 96162.7447481633 hpsmc
26243.4481632653 96162.7447481633 hpsmc
36334.08 341.099370176871 hpsmc
47181.4008163265 341.099370176871 hpsmc
58840.6987755102 46.9360754013605 hpsmc
71373.7665306122 46.9360754013605 hpsmc
84846.7330612245 17.693619292517 hpsmc
99328.9795918367 17.693619292517 hpsmc
114896.391836735 7.64200084353741 hpsmc
131630.275918367 7.64200084353741 hpsmc
149618.44244898 4.43509540136054 hpsmc
168955.206530612 4.43509540136054 hpsmc
189740.303673469 3.2813231292517 hpsmc
212083.226122449 3.2813231292517 hpsmc
236099.970612245 2.68994304761905 hpsmc
261917.374693878 2.68994304761905 hpsmc
289668.780408163 2.26003466666667 hpsmc
319499.454693877 2.26003466666667 hpsmc
351566.589387755 1.89984854421769 hpsmc
386036.048979592 1.89984854421769 hpsmc
423088.875102041 1.60397556462585 hpsmc
462919.118367347 1.60397556462585 hpsmc
505732.754285714 1.37674979591837 hpsmc
551755.271836735 1.37674979591837 hpsmc
601227.337142857 1.21471346938776 hpsmc
654405.87755102 1.21471346938776 hpsmc
711570.586122449 1.10902680272109 hpsmc
773018.50122449 1.10902680272109 hpsmc
839071.595102041 1.05101036734694 hpsmc
910073.521632653 1.05101036734694 hpsmc
986397.204897959 1.03460234013605 hpsmc
1068440.50285714 1.03460234013605 hpsmc
1156631.6277551 1.0564262585034 hpsmc
1251431.31428571 1.0564262585034 hpsmc
1353336.07183673 1.11603493877551 hpsmc
1462876.01632653 1.11603493877551 hpsmc
1580625.71102041 1.21746206802721 hpsmc
1707199.83020408 1.21746206802721 hpsmc
1843258.57959184 1.37156427210884 hpsmc
1989513.11673469 1.37156427210884 hpsmc
2146727.71918367 1.59826832653061 hpsmc
2315724.12081633 1.59826832653061 hpsmc
2497384.76408163 1.92806628571429 hpsmc
2692659.3044898 1.92806628571429 hpsmc
2902566.77877551 2.40171961904762 hpsmc
3128204.27755102 2.40171961904762 hpsmc
3370751.28163265 3.06539213605442 hpsmc
3631473.99836735 3.06539213605442 hpsmc
3911735.11836735 3.95621589115646 hpsmc
4212998.15183673 3.95621589115646 hpsmc
4536837.18530612 5.06791902040816 hpsmc
4884945.55428571 5.06791902040816 hpsmc
5259139.0955102 6.54987216326531 hpsmc
5661374.57632653 6.54987216326531 hpsmc
6093752.94693878 6.54987216326531 hpsmc
6558533.43346939 6.54987216326531 hpsmc
