0 9209754.59773112 100000
21988.7193877551 9209754.59773112 100000
45540.1045918367 9209754.59773112 100000
70762.4591836735 9209754.59773112 100000
97779.5586734694 2640765.07716337 100000
126715.178571429 2640765.07716337 100000
157708.566326531 14058.7132569622 100000
190905.158163265 14058.7132569622 100000
226459.673469388 437.929481542304 100000
264539.209183673 437.929481542304 100000
305323.239795918 74.1665629198554 100000
349009.806122449 74.1665629198554 100000
395796.948979592 25.8204804049745 100000
445910.558673469 25.8204804049745 100000
499585.808673469 11.8781555165816 100000
557073.344387755 11.8781555165816 100000
618645.471938775 7.35624933035714 100000
684596.158163265 7.35624933035714 100000
755228.653061224 5.54342160395408 100000
830883.339285714 5.54342160395408 100000
911912.977040816 4.54233559204932 100000
998701.270408163 4.54233559204932 100000
1091656.67857143 3.83958079294218 100000
1191215.51020408 3.83958079294218 100000
1297851.20663265 3.30794563669218 100000
1412065.05867347 3.30794563669218 100000
1534392.39540816 2.94641800063775 100000
1665411.86734694 2.94641800063775 100000
1805742.35204082 2.74363245642007 100000
1956046.04846939 2.74363245642007 100000
2117028.47704082 2.65140680803571 100000
2289447.7627551 2.65140680803571 100000
2474123.91836735 2.62203591092687 100000
2671920.27806122 2.62203591092687 100000
2883771.34693878 2.63073242984694 100000
3110676.6122449 2.63073242984694 100000
3353706.73214286 2.66394552508503 100000
3614003.53571429 2.66394552508503 100000
3892798.58928571 2.71494490327381 100000
4191407.00765306 2.71494490327381 100000
4511230.54846939 2.79355524553571 100000
4853782.36734694 2.79355524553571 100000
5220674.64030612 2.92486043261054 100000
5613637.13010204 2.92486043261054 100000
6034523.375 3.11922666347789 100000
6485319.97193877 3.11922666347789 100000
6968146.57653061 3.33163059630102 100000
7485283.75255102 3.33163059630102 100000
8039166.78316327 3.48544745429422 100000
8632407.33163265 3.48544745429422 100000
9267805.81887755 3.55367225765306 100000
9948351.42346939 3.55367225765306 100000
10677259.2142857 3.52684133715986 100000
11457960.8673469 3.52684133715986 100000
12294138.7040816 3.32305011692177 100000
13189731.880102 3.32305011692177 100000
14148967.3290816 3.32305011692177 100000
15176365.9515306 3.32305011692177 100000
0 118164.660229337 10000
19529.4563265306 118164.660229337 10000
40485.612244898 118164.660229337 10000
62970.1836734694 118164.660229337 10000
87095.5934693877 290.66057544898 10000
112979.617959184 290.66057544898 10000
140753.417142857 61.3182480102041 10000
170553.504489796 61.3182480102041 10000
202529.777142857 32.5370764540816 10000
236837.485714286 32.5370764540816 10000
273647.94122449 19.5816470765306 10000
313145.838367347 19.5816470765306 10000
355523.902040816 12.9025471377551 10000
400993.594285714 12.9025471377551 10000
449782.43755102 8.9096787244898 10000
502131.337959184 8.9096787244898 10000
558299.93877551 6.32622265816326 10000
618563.943673469 6.32622265816326 10000
683228.500408163 4.87470750510204 10000
752609.463673469 4.87470750510204 10000
827052.132244898 4.08837207653061 10000
906928.572244898 4.08837207653061 10000
992629.586938776 3.5938732244898 10000
1084586.13061224 3.5938732244898 10000
1183253.24816327 3.23864264795918 10000
1289118.10530612 3.23864264795918 10000
1402708.01877551 2.97870940306122 10000
1524585.10285714 2.97870940306122 10000
1655354.29959184 2.79274883673469 10000
1795666.0555102 2.79274883673469 10000
1946213.64489796 2.66537530102041 10000
2107746.55346939 2.66537530102041 10000
2281065.12489796 2.58491711734694 10000
2467031.2677551 2.58491711734694 10000
2666565.77877551 2.54080676020408 10000
2880659.04979592 2.54080676020408 10000
3110371.0677551 2.53374687244898 10000
3356847.47510204 2.53374687244898 10000
3621303.50938775 2.57756167346939 10000
3905058.80081633 2.57756167346939 10000
4209515.95836735 2.67203925510204 10000
4536187.33714286 2.67203925510204 10000
4886695.03836735 2.79850939285714 10000
5262776.26285714 2.79850939285714 10000
5666299.37142857 2.93992463265306 10000
6099263.88489796 2.93992463265306 10000
6563819.22122449 3.08479174489796 10000
7062270.04897959 3.08479174489796 10000
7597086.99428571 3.22192978571429 10000
8170930.73142857 3.22192978571429 10000
8786641.27591837 3.34170808673469 10000
9447275.45877551 3.34170808673469 10000
10156114.9567347 3.40728251020408 10000
10916671.6457143 3.40728251020408 10000
11732722.3983673 3.23014401530612 10000
12608314.437551 3.23014401530612 10000
13547794.7804082 3.23014401530612 10000
14555820.9453061 3.23014401530612 10000
0 7223358.48830513 110000
22327.4075510204 7223358.48830513 110000
46233.4252040816 7223358.48830513 110000
71837.7878571429 7223358.48830513 110000
99253.9285714286 376040.125587983 110000
128611.035 376040.125587983 110000
160050.898469388 1112.66084074362 110000
193718.46122449 1112.66084074362 110000
229771.269183673 187.901780580995 110000
268376.321020408 187.901780580995 110000
309719.520918367 81.0626330950255 110000
353993.074897959 81.0626330950255 110000
401401.792653061 30.7124214489796 110000
452169.389387755 30.7124214489796 110000
506535.334897959 13.1250716862245 110000
564751.702653061 13.1250716862245 110000
627095.773469388 7.68823425191327 110000
693854.280918367 7.68823425191327 110000
765345.467755102 5.57069894961735 110000
841900.180408163 5.57069894961735 110000
923880.774489796 4.40093363456633 110000
1011671.66204082 4.40093363456633 110000
1105679.31153061 3.68526817155612 110000
1206351.15336735 3.68526817155612 110000
1314153.52346939 3.27269479783163 110000
1429596.87061225 3.27269479783163 110000
1553220.00183673 3.03097340816327 110000
1685602.68612245 3.03097340816327 110000
1827362.50346939 2.87403798022959 110000
1979170.5994898 2.87403798022959 110000
2141732.77989796 2.76462233992347 110000
2315814.71785714 2.76462233992347 110000
2502232.50122449 2.69535465114796 110000
2701855.78346939 2.69535465114796 110000
2915626.68918367 2.66726552678571 110000
3144544.0594898 2.66726552678571 110000
3389682.35755102 2.67466362053571 110000
3652188.51765306 2.67466362053571 110000
3933294.54887755 2.71097795471939 110000
4234320.68602041 2.71097795471939 110000
4556675.38959184 2.77901153380102 110000
4901871.10040816 2.77901153380102 110000
5271527.39051021 2.88872913711735 110000
5667374.11408163 2.88872913711735 110000
6091270.31295918 3.05027934757653 110000
6545201.06571429 3.05027934757653 110000
7031296.39316327 3.24894475063776 110000
7551837.56020408 3.24894475063776 110000
8109257.07581633 3.41749919005102 110000
8706176.50408163 3.41749919005102 110000
9345390.70959184 3.46536689158163 110000
10029899.3666327 3.46536689158163 110000
10762906.9591837 3.38664644770408 110000
11547854.290102 3.38664644770408 110000
12388421.6320408 3.28756319387755 110000
13288544.4820408 3.28756319387755 110000
14252451.372551 3.28756319387755 110000
15284654.4186735 3.28756319387755 110000
0 7361301.53440006 120000
22505.8529591837 7361301.53440006 120000
46599.4933673469 7361301.53440006 120000
72401.8348979592 7361301.53440006 120000
100024.245408163 5898598.61790625 120000
129603.548265306 5898598.61790625 120000
161276.566836735 38931.8407515219 120000
195186.488367347 38931.8407515219 120000
231495.591734694 1021.66424038712 120000
270372.519693878 1021.66424038712 120000
311998.642755102 103.27037316943 120000
356568.059183673 103.27037316943 120000
404290.776938776 26.5514693539541 120000
455389.531734694 26.5514693539541 120000
510102.968979592 12.1331501804847 120000
568682.461836735 12.1331501804847 120000
631408.020918367 7.53807262053571 120000
698569.202653061 7.53807262053571 120000
770481.018979592 5.58779605463435 120000
847477.573469388 5.58779605463435 120000
929921.607142857 4.52974175042517 120000
1018194.95265306 4.52974175042517 120000
1112711.26204082 3.85062320918367 120000
1213912.82479592 3.85062320918367 120000
1322270.56785714 3.38659047108844 120000
1438293.60142857 3.38659047108844 120000
1562522.85510204 3.07171774213435 120000
1695537.44173469 3.07171774213435 120000
1837957.83938776 2.86655561054422 120000
1990455.43714286 2.86655561054422 120000
2153733.44346939 2.73735563818027 120000
2328561.88755102 2.73735563818027 120000
2515755.34571429 2.65928544451531 120000
2716188.85112245 2.65928544451531 120000
2930794.71183673 2.62467523129252 120000
3160581.60244898 2.62467523129252 120000
3406621.83632653 2.63804600318878 120000
3670060.91142857 2.63804600318878 120000
3952130.23806123 2.69782004889456 120000
4254153.5027551 2.69782004889456 120000
4577533.9405102 2.79183308163265 120000
4923786.15418367 2.79183308163265 120000
5294526.56867347 2.90878921875 120000
5691489.34061225 2.90878921875 120000
6116526.35836735 3.0505512202381 120000
6571626.33367347 3.0505512202381 120000
7058911.61969388 3.23330057057823 120000
7580660.48459184 3.23330057057823 120000
8139310.29346939 3.4751676917517 120000
8737473.41806123 3.4751676917517 120000
9377940.41867347 3.76929152827381 120000
10063702.3177551 3.76929152827381 120000
10797966.5095918 4.09762120663265 120000
11584163.1241837 4.09762120663265 120000
12425960.9369388 4.54459742708333 120000
13327299.1880612 4.54459742708333 120000
14292384.4006122 4.54459742708333 120000
15325722.199898 4.54459742708333 120000
0 7035647.54305728 130000
23060.4428571429 7035647.54305728 130000
47740.1975510204 7035647.54305728 130000
74157.2706122449 7035647.54305728 130000
102436.224489796 5754937.38141599 130000
132701.621632653 5754937.38141599 130000
165094.414285714 64037.4046303724 130000
199768.666530612 64037.4046303724 130000
236881.720408163 2042.16934994388 130000
276604.029795918 2042.16934994388 130000
319119.160408163 188.461708267857 130000
364630.345714286 188.461708267857 130000
413337.54122449 40.5862496760204 130000
465476.76 40.5862496760204 130000
521280.737142857 15.1382711020408 130000
581008.431428571 15.1382711020408 130000
644941.747346939 8.09839620663265 130000
713369.145306122 8.09839620663265 130000
786611.865306122 5.61078029846939 130000
865007.537142857 5.61078029846939 130000
948916.736326531 4.46223120408163 130000
1038729.54 4.46223120408163 130000
1134858.97102041 3.7678775 130000
1237750.83183673 3.7678775 130000
1347883.7044898 3.31465183928571 130000
1465762.39469388 3.31465183928571 130000
1591934.32163265 3.04206904591837 130000
1726979.68408163 3.04206904591837 130000
1871527.85020408 2.87832815561224 130000
2026240.9677551 2.87832815561224 130000
2191840.1877551 2.76936332908163 130000
2369089.27469388 2.76936332908163 130000
2558804.44040816 2.69561607653061 130000
2761867.45591837 2.69561607653061 130000
2979215.81755102 2.66212626020408 130000
3211852.58081633 2.66212626020408 130000
3460856.19428571 2.67805850765306 130000
3727373.94367347 2.67805850765306 130000
4012641.61959184 2.74578933928571 130000
4317976.96163265 2.74578933928571 130000
4644792.77020408 2.86017645663265 130000
4994596.90653061 2.86017645663265 130000
5369011.96040816 2.99990629591837 130000
5769762.13836735 2.99990629591837 130000
6198706.04326531 3.13157098979592 130000
6657823.56244898 3.13157098979592 130000
7149238.81346939 3.23351552040816 130000
7675223.42204082 3.23351552040816 130000
8238209.63387755 3.31053390306122 130000
8840800.14857143 3.31053390306122 130000
9485781.23142857 3.40262406887755 130000
10176132.5473469 3.40262406887755 130000
10915050.1065306 3.61082910969388 130000
11705946.2644898 3.61082910969388 130000
12552482.5016327 4.45547724234694 130000
13458566.1453061 4.45547724234694 130000
14428392.9832653 4.45547724234694 130000
15466440.7077551 4.45547724234694 130000
0 8775831.12816996 140000
23262.7040816326 8775831.12816996 140000
48162.4132653061 8775831.12816996 140000
74808.4821428571 8775831.12816996 140000
103323.520408163 10923636.3439757 140000
133840.079081633 10923636.3439757 140000
166500.650510204 2921918.95490533 140000
201454.354591837 2921918.95490533 140000
238863.566326531 10010.4878077009 140000
278893.974489796 10010.4878077009 140000
321737.778061224 297.010792522321 140000
367590.489795918 297.010792522321 140000
416660.87755102 44.0711362723214 140000
469177.591836735 44.0711362723214 140000
525379.224489796 15.3202883609694 140000
585527.56377551 15.3202883609694 140000
649900.966836735 8.05869472257653 140000
718791.045918367 8.05869472257653 140000
792515.923469388 5.5265352997449 140000
871420.232142857 5.5265352997449 140000
955861.859693878 4.40518128188776 140000
1046231.83163265 4.40518128188776 140000
1142944.36989796 3.75552249681122 140000
1246450.14795918 3.75552249681122 140000
1357219.72193878 3.33826293048469 140000
1475766.72704082 3.33826293048469 140000
1602634.62244898 3.07217366071429 140000
1738413.26020408 3.07217366071429 140000
1883722.31632653 2.89410655293367 140000
2039231.17346939 2.89410655293367 140000
2205658.92091837 2.76890797193878 140000
2383771.04081633 2.76890797193878 140000
2574386.03571429 2.69833836096939 140000
2778382.05612245 2.69833836096939 140000
2996703.52806122 2.68934284119898 140000
3230347.89795918 2.68934284119898 140000
3480398.77040816 2.73133113839286 140000
3748002.71173469 2.73133113839286 140000
4034392.44642857 2.80257731186224 140000
4340890.17091837 2.80257731186224 140000
4668904.23979592 2.8808721619898 140000
5019949.04846939 2.8808721619898 140000
5395635.09183673 2.95226331313775 140000
5797695.4744898 2.95226331313775 140000
6227985.91071429 3.02582912946428 140000
6688481.41071429 3.02582912946428 140000
7181309.41836734 3.13544606186224 140000
7708733.24234694 3.13544606186224 140000
8273185.19387755 3.30332330994898 140000
8877266.58673469 3.30332330994898 140000
9523754.36479592 3.48859787946428 140000
10215627.6122449 3.48859787946428 140000
10956077.494898 3.59200148278061 140000
11748507.2602041 3.59200148278061 140000
12596568.6887755 3.4944453125 140000
13504168.7219388 3.4944453125 140000
14475489.3443878 3.4944453125 140000
15514997.5255102 3.4944453125 140000
0 8270207.55605983 150000
23596.5633673469 8270207.55605983 150000
48852.9163265306 8270207.55605983 150000
75879.9355102041 8270207.55605983 150000
104808.656938776 8343555.30994693 150000
135766.756734694 8343555.30994693 150000
168902.070408163 48901.145148811 150000
204362.433469388 48901.145148811 150000
242312.480918367 1111.37508430208 150000
282926.92744898 1111.37508430208 150000
326397.287244898 112.613867892857 150000
372918.434387755 112.613867892857 150000
422705.402346939 32.1174185871599 150000
475993.383979592 32.1174185871599 150000
533020.932040816 15.3273995036139 150000
594053.478469388 15.3273995036139 150000
659373.254693877 9.03382064094388 150000
729282.651530612 9.03382064094388 150000
804100.859285714 6.01255139753401 150000
884173.947448979 6.01255139753401 150000
969868.144897959 4.51227296130952 150000
1061583.2794898 4.51227296130952 150000
1159739.33846939 3.7848760525085 150000
1264789.90806122 3.7848760525085 150000
1377218.81357143 3.39139700255102 150000
1497543.47928571 3.39139700255102 150000
1626318.28836735 3.12344514030612 150000
1764137.9427551 3.12344514030612 150000
1911637.46316327 2.92383920238095 150000
2069495.54897959 2.92383920238095 150000
2238441.29806122 2.78182751530612 150000
2419254.20673469 2.78182751530612 150000
2612764.16979592 2.69953801445578 150000
2819864.92010204 2.69953801445578 150000
3041510.66867347 2.68175155463435 150000
3278722.8244898 2.68175155463435 150000
3532596.71428571 2.7220423309949 150000
3804301.58255102 2.7220423309949 150000
4095087.31132653 2.80774772810374 150000
4406297.85979592 2.80774772810374 150000
4739364.5444898 2.92543515391156 150000
5095822.83877551 2.92543515391156 150000
5477319.09265306 3.05909609460034 150000
5885607.17285714 3.05909609460034 150000
6322571.98214286 3.19928783694728 150000
6790226.09938775 3.19928783694728 150000
7290723.21918367 3.34954527359694 150000
7826374.95132653 3.34954527359694 150000
8399644.10102041 3.50666250191327 150000
9013178.26785714 3.50666250191327 150000
9669803.12602041 3.63939947066326 150000
10372542.5836735 3.63939947066326 150000
11124638.9423469 3.71399620514456 150000
11929559.6167347 3.71399620514456 150000
12791010.5742857 3.68070521619898 150000
13712966.5742857 3.68070521619898 150000
14699671.1678571 3.68070521619898 150000
15755677.0167347 3.68070521619898 150000
0 9038644.29200512 160000
23864.3185714286 9038644.29200512 160000
49392.2390816327 9038644.29200512 160000
76706.7382653061 9038644.29200512 160000
105927.376836735 14773879.6441047 160000
137187.379591837 14773879.6441047 160000
170633.635408163 600397.632222875 160000
206416.449183673 600397.632222875 160000
244699.789897959 5864.83557306633 160000
285654.458571429 5864.83557306633 160000
329471.752346939 299.047557268495 160000
376349.800408163 299.047557268495 160000
426500.396020408 50.2284239438775 160000
480155.828571428 50.2284239438775 160000
537562.051530612 16.6686637327806 160000
598975.266428571 16.6686637327806 160000
664679.002959184 8.74321883418367 160000
734973.870918367 8.74321883418367 160000
810177.560204081 5.95761075892857 160000
890635.088877551 5.95761075892857 160000
976711.971122449 4.60058953507653 160000
1068804.46530612 4.60058953507653 160000
1167329.32591837 3.81713237117347 160000
1272734.05163265 3.81713237117347 160000
1385503.71734694 3.35727909056122 160000
1506150.72612245 3.35727909056122 160000
1635225.0572449 3.08955560778061 160000
1773317.6822449 3.08955560778061 160000
1921057.14887755 2.91813543367347 160000
2079112.99714286 2.91813543367347 160000
2248212.83938775 2.79187077933673 160000
2429125.28020408 2.79187077933673 160000
2622673.5805102 2.70528177869898 160000
2829745.90561224 2.70528177869898 160000
3051278.24510204 2.66725008482143 160000
3288288.57306122 2.66725008482143 160000
3541856.35193877 2.68030924617347 160000
3813132.78061224 2.68030924617347 160000
4103364.70653061 2.74675795982143 160000
4413867.29755102 2.74675795982143 160000
4746061.61816326 2.87097300191327 160000
5101460.96540816 2.87097300191327 160000
5481684.53295918 3.05284050510204 160000
5888471.07520408 3.05284050510204 160000
6323672.07520408 3.28150037117347 160000
6789275.65683673 3.28150037117347 160000
7287403.16877551 3.5270268380102 160000
7820329.68061224 3.5270268380102 160000
8390480.56683673 3.72906309502551 160000
9000462.25102041 3.72906309502551 160000
9653051.9577551 3.77461003380102 160000
10351228.4568367 3.77461003380102 160000
11098178.8953061 3.56655304081633 160000
11897302.2134694 3.56655304081633 160000
12752253.5531633 3.08754869579082 160000
13666923.7616327 3.08754869579082 160000
14645490.6318367 3.08754869579082 160000
15692415.4864286 3.08754869579082 160000
0 11098751.0755167 170000
24501.7685714286 11098751.0755167 170000
50698.806122449 11098751.0755167 170000
78711.4448979592 11098751.0755167 170000
108663.556326531 10671296.1613217 170000
140686.090204082 10671296.1613217 170000
174927.692244898 84451.9293838027 170000
211540.547346939 84451.9293838027 170000
250687.457959184 2291.78276373384 170000
292545.383265306 2291.78276373384 170000
337298.360816327 296.248173077381 170000
385151.663265306 296.248173077381 170000
436317.641632653 63.919382494898 170000
491026.342857143 63.919382494898 170000
549521.970612245 20.1349173027211 170000
612066.424489796 20.1349173027211 170000
678942.839183673 9.52031560204082 170000
750448.506122449 9.52031560204082 170000
826901.951836735 6.15669755867347 170000
908650.016326531 6.15669755867347 170000
996060.774693878 4.76794400510204 170000
1089519.99795918 4.76794400510204 170000
1189448.84897959 3.99070240391156 170000
1296296.80408163 3.99070240391156 170000
1410538.11387755 3.45563681887755 170000
1532693.03836735 3.45563681887755 170000
1663303.07265306 3.0797386462585 170000
1802955.72122449 3.0797386462585 170000
1952277.41959184 2.83793129506803 170000
2111933.53428571 2.83793129506803 170000
2282646.05877551 2.70895017006803 170000
2465175.91755102 2.70895017006803 170000
2660340.66204082 2.66412051020408 170000
2869018.00979592 2.66412051020408 170000
3092142.30530612 2.67034357482993 170000
3330715.13755102 2.67034357482993 170000
3585801.80081633 2.70572066496599 170000
3858548.99061224 2.70572066496599 170000
4150181.2644898 2.77115869642857 170000
4461997.50285714 2.77115869642857 170000
4795406.30081633 2.88722917431973 170000
5151894.1155102 2.88722917431973 170000
5533060.65795918 3.07231373384354 170000
5940618.89306122 3.07231373384354 170000
6376387.96122449 3.31531555952381 170000
6842328.57020408 3.31531555952381 170000
7340525.29918367 3.55078187329932 170000
7873211.37306122 3.55078187329932 170000
8442779.28 3.68527822619048 170000
9051773.69306123 3.68527822619048 170000
9702930.40122449 3.68939252721088 170000
10399169.2310204 3.68939252721088 170000
11143604.6640816 3.60787332993197 170000
11939581.2289796 3.60787332993197 170000
12790659.3444898 3.50681488945578 170000
13700661.3289796 3.50681488945578 170000
14673660.7828571 3.50681488945578 170000
15714021.5195918 3.50681488945578 170000
0 8572214.16321351 180000
24373.2095918367 8572214.16321351 180000
50433.0368367347 8572214.16321351 180000
78299.1998979592 8572214.16321351 180000
108091.416938775 7694708.61873401 180000
139947.011734694 7694708.61873401 180000
174006.829183673 7914.76985655527 180000
210425.798673469 7914.76985655527 180000
249365.891836735 1159.41128571003 180000
290999.643673469 1159.41128571003 180000
335517.194795918 359.906616222364 180000
383112.206938775 359.906616222364 180000
434006.510816326 72.2077901033163 180000
488421.937142857 72.2077901033163 180000
546604.964489796 20.5906511366922 180000
608812.634795918 20.5906511366922 180000
675330.158979592 9.68553684906462 180000
746449.790204082 9.68553684906462 180000
822491.950612245 6.2297312215136 180000
903798.189081633 6.2297312215136 180000
990734.702346939 4.67104034842687 180000
1083685.2927551 4.67104034842687 180000
1183072.495 3.81919279995748 180000
1289336.44938776 3.81919279995748 180000
1402959.54969388 3.32379287840136 180000
1524445.31642857 3.32379287840136 180000
1654343.04469388 3.02407200127551 180000
1793230.19857143 3.02407200127551 180000
1941733.53785714 2.85059069961735 180000
2100511.51244898 2.85059069961735 180000
2270285.95244898 2.76664127189626 180000
2451806.85693878 2.76664127189626 180000
2645894.64744898 2.73139336904762 180000
2853419.04122449 2.73139336904762 180000
3075309.61459184 2.7144259602466 180000
3312555.80295918 2.7144259602466 180000
3566224.50642857 2.71325958843537 180000
3837453.04755102 2.71325958843537 180000
4127456.21357143 2.74919704443027 180000
4437536.81979592 2.74919704443027 180000
4769075.14622449 2.84726030463435 180000
5123567.66989796 2.84726030463435 180000
5502595.37479592 3.01818879251701 180000
5907862.48418367 3.01818879251701 180000
6341178.855 3.24559461734694 180000
6804491.66795918 3.24559461734694 180000
7299874.86418367 3.47005150212585 180000
7829550.27193877 3.47005150212585 180000
8395887.60663265 3.60918718856292 180000
9001429.11867347 3.60918718856292 180000
9648882.55122449 3.62662408035714 180000
10341156.3514286 3.62662408035714 180000
11081349.1070408 3.54399507355442 180000
11872777.7154082 3.54399507355442 180000
12718991.4679592 3.33365935693027 180000
13623775.5713265 3.33365935693027 180000
14591193.4008163 3.33365935693027 180000
15625575.9370408 3.33365935693027 180000
0 8014661.72074844 190000
24839.6565306122 8014661.72074844 190000
51396.9679591837 8014661.72074844 190000
79793.8555102041 8014661.72074844 190000
110159.412244898 6088737.76116386 190000
142629.903061224 6088737.76116386 190000
177345.17877551 11530.5772648329 190000
214470.191632653 11530.5772648329 190000
254162.722040816 839.6159585625 190000
296605.651836735 839.6159585625 190000
341989.034693878 241.873159730867 190000
390513.682040816 241.873159730867 190000
442401.920816327 64.9939635765306 190000
497883.249795918 64.9939635765306 190000
557208.683265306 21.1291499119898 190000
620643.579183673 21.1291499119898 190000
688471.225102041 9.93848481505102 190000
760996.424081633 9.93848481505102 190000
838545.494693877 6.16692046556122 190000
921466.271020408 6.16692046556122 190000
1010131.68857143 4.59302354081633 190000
1104936.19836735 4.59302354081633 190000
1206310.11061224 3.81558896811224 190000
1314705.25102041 3.81558896811224 190000
1430609.3044898 3.38218590943878 190000
1554538.64326531 3.38218590943878 190000
1687052.67061224 3.11404886352041 190000
1828746.64897959 3.11404886352041 190000
1980255.28591837 2.9422385497449 190000
2142259.90591837 2.9422385497449 190000
2315481.27857143 2.84511245663265 190000
2500704.72 2.84511245663265 190000
2698758.57734694 2.79772603954082 190000
2910528.57244898 2.79772603954082 190000
3136964.97367347 2.77637488392857 190000
3379089.7677551 2.77637488392857 190000
3637985.90204082 2.77721159821429 190000
3914811.62816326 2.77721159821429 190000
4210814.84571429 2.81616363647959 190000
4527318.75857143 2.81616363647959 190000
4865746.97632653 2.91027158163265 190000
5227612.75653061 2.91027158163265 190000
5614547.69204082 3.05445538265306 190000
6028283.78142857 3.05445538265306 190000
6470678.53040816 3.21576194387755 190000
6943714.95183673 3.21576194387755 190000
7449515.90938775 3.34498947704082 190000
7990351.28938775 3.34498947704082 190000
8568652.34448979 3.38926809821429 190000
9187004.52183674 3.38926809821429 190000
9848190.49408163 3.31457640688775 190000
10555175.8157143 3.31457640688775 190000
11311126.8526531 3.13017055484694 190000
12119443.0555102 3.13017055484694 190000
12983746.2018367 2.82932694515306 190000
13907919.8412245 2.82932694515306 190000
14896102.1234694 2.82932694515306 190000
15952736.0014286 2.82932694515306 190000
0 8122372.37158199 200000
24898.9610204082 8122372.37158199 200000
51526.5691836735 8122372.37158199 200000
80008.0887755102 8122372.37158199 200000
110472.363061224 12618401.8563773 200000
143055.393265306 12618401.8563773 200000
177907.496530612 51548.5714155429 200000
215178.99 51548.5714155429 200000
255045.243673469 1495.89915827083 200000
297685.206530612 1495.89915827083 200000
343292.143469388 237.370348572279 200000
392073.635306122 237.370348572279 200000
444244.420816327 64.3261782848639 200000
500047.870612245 64.3261782848639 200000
559730.934285714 22.3274865522959 200000
623569.193265306 22.3274865522959 200000
691845.386938775 10.4539831577381 200000
764870.886530612 10.4539831577381 200000
842978.537142857 6.46498671641156 200000
926519.07877551 6.46498671641156 200000
1015871.88326531 4.80374368920068 200000
1111441.37530612 4.80374368920068 200000
1213657.03244898 3.93848809183673 200000
1322984.12204082 3.93848809183673 200000
1439916.54326531 3.41477153443878 200000
1564983.98510204 3.41477153443878 200000
1698751.92632653 3.09276775807823 200000
1841828.79346939 3.09276775807823 200000
1994855.22387755 2.90768231972789 200000
2158525.53959184 2.90768231972789 200000
2333584.16836735 2.80778405187075 200000
2520822.06469388 2.80778405187075 200000
2721083.8677551 2.76382225255102 200000
2935278.63836735 2.76382225255102 200000
3164372.70102041 2.76837053911565 200000
3409403.95979592 2.76837053911565 200000
3671481.89836735 2.81784247576531 200000
3951791.15897959 2.81784247576531 200000
4251598.70040816 2.90288797831633 200000
4572264.53489796 2.90288797831633 200000
4915238.14918367 3.01894384778912 200000
5282072.82040816 3.01894384778912 200000
5674425.61612245 3.17272812712585 200000
6094071.71020408 3.17272812712585 200000
6542911.54081633 3.37338958290816 200000
7022977.96836735 3.37338958290816 200000
7536436.2755102 3.60962460459184 200000
8085619.95693878 3.60962460459184 200000
8673002.08755102 3.82423662457483 200000
9301249.00714286 3.82423662457483 200000
9973202.4255102 3.94306620323129 200000
10691900.8963265 3.94306620323129 200000
11460594.1330612 3.97549324957483 200000
12282764.4828571 3.97549324957483 200000
13162130.5055102 3.98811660884354 200000
14102668.4473469 3.98811660884354 200000
15108637.2940816 3.98811660884354 200000
16184589.5077551 3.98811660884354 200000
0 3788283.72580847 20000
19833.7902040816 3788283.72580847 20000
41111.1273469388 3788283.72580847 20000
63938.2346938775 3788283.72580847 20000
88426.7828571429 20520.3795262849 20000
114699.337142857 20520.3795262849 20000
142883.910204082 301.674737364796 20000
173122.133061224 301.674737364796 20000
205561.084081633 47.6760542534014 20000
240361.46 47.6760542534014 20000
277697.575918367 25.1285206394558 20000
317751.917959184 25.1285206394558 20000
360723.314285714 13.6724209166667 20000
406824.211428571 13.6724209166667 20000
456280.674285714 8.30394702210884 20000
509337.833469388 8.30394702210884 20000
566259.885306122 6.24398170833333 20000
627327.368163265 6.24398170833333 20000
692839.886122449 5.20323770408163 20000
763124.28 5.20323770408163 20000
838526.456326531 4.35826907908163 20000
919419.558367347 4.35826907908163 20000
1006203.96612245 3.68855749319728 20000
1099304.57265306 3.68855749319728 20000
1199187.12612245 3.22474994727891 20000
1306341.8877551 3.22474994727891 20000
1421299.97387755 2.9190913664966 20000
1544627.90857143 2.9190913664966 20000
1676938.51836735 2.72009297363946 20000
1818882.76122449 2.72009297363946 20000
1971160.62122449 2.5960409957483 20000
2134529.27959184 2.5960409957483 20000
2309794.94367347 2.52957768877551 20000
2497821.01795918 2.52957768877551 20000
2699538.99877551 2.50685771258503 20000
2915945.75061224 2.50685771258503 20000
3148111.67714286 2.52622416581633 20000
3397183.44489796 2.52622416581633 20000
3664392.15428571 2.59705669897959 20000
3951056.06326531 2.59705669897959 20000
4258596.92938776 2.72436006207483 20000
4588529.11510204 2.72436006207483 20000
4942489.54816326 2.89186598044218 20000
5322221.37959184 2.89186598044218 20000
5729606.6677551 3.06950623384354 20000
6166655.48367347 3.06950623384354 20000
6635530.42408163 3.25414859778912 20000
7138546.61142857 3.25414859778912 20000
7678193.48326531 3.46179465391156 20000
8257132.06857143 3.46179465391156 20000
8878230.3955102 3.66650708673469 20000
9544555.32040816 3.66650708673469 20000
10259399.7644898 3.80940348044218 20000
11026299.0559184 3.80940348044218 20000
11849039.1008163 3.85831044217687 20000
12731691.7910204 3.85831044217687 20000
13678615.0040816 3.85831044217687 20000
14694493.4583673 3.85831044217687 20000
0 9917910.8904341 210000
25339.9408163265 9917910.8904341 210000
52434.0440816327 9917910.8904341 210000
81392.4036734694 9917910.8904341 210000
112354.471836735 8265704.4424108 210000
145456.031020408 8265704.4424108 210000
180840.203265306 875009.141037712 210000
218668.459591837 875009.141037712 210000
259109.610612245 11931.4057070663 210000
302343.476326531 11931.4057070663 210000
348564.555918367 684.939188961735 210000
397974.688163265 684.939188961735 210000
450797.730612245 98.5870260229592 210000
507268.550204082 98.5870260229592 210000
567636.693061225 25.5998846938775 210000
632177.393877551 25.5998846938775 210000
701173.226938776 10.7958209234694 210000
774932.455102041 10.7958209234694 210000
853785.36 6.47190681887755 210000
938080.572244898 6.47190681887755 210000
1028199.75061224 4.75110893112245 210000
1124542.90285714 4.75110893112245 210000
1227539.39510204 3.91661263010204 210000
1337644.28204082 3.91661263010204 210000
1455356.65591837 3.42604501530612 210000
1581193.95795918 3.42604501530612 210000
1715721.33673469 3.08434878826531 210000
1859540.63877551 3.08434878826531 210000
2013290.40857143 2.85408438520408 210000
2177653.22816327 2.85408438520408 210000
2353370.39632653 2.73308815561224 210000
2541219.90979592 2.73308815561224 210000
2742042.15183673 2.69853091071429 210000
2956728.88285714 2.69853091071429 210000
3186245.25918367 2.71881417857143 210000
3431607.81428571 2.71881417857143 210000
3693910.14734694 2.77767617602041 210000
3974330.26285714 2.77767617602041 210000
4274112.22163265 2.88254823979592 210000
4594595.49918367 2.88254823979592 210000
4937211.31591837 3.04363698979592 210000
5303482.63714286 3.04363698979592 210000
5695049.86163265 3.24010104336735 210000
6113652.47265306 3.24010104336735 210000
6561162.06612245 3.42275748979592 210000
7039575.01102041 3.42275748979592 210000
7551023.45877551 3.56625415561225 210000
8097790.02244898 3.56625415561225 210000
8682311.44653061 3.70718196428571 210000
9307196.95591837 3.70718196428571 210000
9975231.92571429 3.87336255612245 210000
10689396.2302041 3.87336255612245 210000
11452878.9220408 3.96198048214286 210000
12269081.9020408 3.96198048214286 210000
13141645.6077551 3.71477385459184 210000
14074463.6926531 3.71477385459184 210000
15071694.0355102 3.71477385459184 210000
16137788.0987755 3.71477385459184 210000
0 7442630.09942409 220000
25385.3393877551 7442630.09942409 220000
52527.4751020408 7442630.09942409 220000
81544.0169387755 7442630.09942409 220000
112559.925306122 11637865.887176 220000
145722.21244898 11637865.887176 220000
181174.215306122 3895978.2298265 220000
219077.647346939 3895978.2298265 220000
259597.897346939 59989.3794371135 220000
302915.055306122 59989.3794371135 220000
349223.91244898 1728.02129824745 220000
398733.96122449 1728.02129824745 220000
451662.044693877 135.84512586352 220000
508247.057755102 135.84512586352 220000
568742.596530612 27.5763807895408 220000
633413.283061224 27.5763807895408 220000
702553.141836735 10.7761200612245 220000
776467.223265306 10.7761200612245 220000
855489.980204082 6.27856373341837 220000
939966.891428571 6.27856373341837 220000
1030280.18877551 4.63244771938775 220000
1126834.15591837 4.63244771938775 220000
1230055.12836735 3.90473710714286 220000
1340406.19469388 3.90473710714286 220000
1458383.52122449 3.46135736479592 220000
1584505.32612245 3.46135736479592 220000
1719341.28183673 3.12458447066327 220000
1863486.78795918 3.12458447066327 220000
2017592.37367347 2.8898472627551 220000
2182345.32122449 2.8898472627551 220000
2358473.34122449 2.75232955867347 220000
2546770.29979592 2.75232955867347 220000
2748070.49142857 2.69829490178571 220000
2963278.04142857 2.69829490178571 220000
3193352.20469388 2.71437436607143 220000
3439314.71632653 2.71437436607143 220000
3702268.16816327 2.78218376403061 220000
3983388.65816327 2.78218376403061 220000
4283922.11510204 2.8842194502551 220000
4605217.37632653 2.8842194502551 220000
4948704.13591837 3.01806950510204 220000
5315918.67183673 3.01806950510204 220000
5708496.49530612 3.20292974617347 220000
6128190.72734694 3.20292974617347 220000
6576879.44938775 3.44314162882653 220000
7056554.67734694 3.44314162882653 220000
7569366.46530612 3.6691117002551 220000
8117600.85367347 3.6691117002551 220000
8703701.92102041 3.78243363903061 220000
9330290.16061224 3.78243363903061 220000
10000155.1297959 3.79930941964286 220000
10716292.2030612 3.79930941964286 220000
11481898.8967347 3.87434691964286 220000
12300385.894898 3.87434691964286 220000
13175410.1271429 4.56364292602041 220000
14110874.7685714 4.56364292602041 220000
15110954.9669388 4.56364292602041 220000
16180116.2191837 4.56364292602041 220000
0 8477053.32766673 230000
25996.763877551 8477053.32766673 230000
53781.4444897959 8477053.32766673 230000
83471.4685714286 8477053.32766673 230000
115199.414693878 13140967.7122359 230000
149101.649387755 13140967.7122359 230000
185337.266938775 5930334.31433084 230000
224053.997755102 5930334.31433084 230000
265429.875918367 32194.4500970957 230000
309646.723469388 32194.4500970957 230000
356897.726326531 915.832276991071 230000
407391.222244898 915.832276991071 230000
461350.700816327 98.6134171543367 230000
519014.803469388 98.6134171543367 230000
580633.535510204 25.8099622487245 230000
646487.205918367 25.8099622487245 230000
716856.123673469 11.5902317869898 230000
792054.689387755 11.5902317869898 230000
872416.243469388 6.94915317091837 230000
958293.066122449 6.94915317091837 230000
1050060.16530612 4.88849548341837 230000
1148130.42857143 4.88849548341837 230000
1252931.89530612 3.88021966454082 230000
1364922.90857143 3.88021966454082 230000
1484603.47897959 3.38296321428571 230000
1612496.34489796 3.38296321428571 230000
1749165.9122449 3.13136380867347 230000
1895218.2544898 3.13136380867347 230000
2051293.53673469 2.98435942602041 230000
2218081.16755102 2.98435942602041 230000
2396316.01102041 2.87293818494898 230000
2586785.96265306 2.87293818494898 230000
2790328.16142857 2.7868568125 230000
3007836.56571429 2.7868568125 230000
3240277.10510204 2.74071473469388 230000
3488672.52857143 2.74071473469388 230000
3754113.76836735 2.74716215688775 230000
4037771.30387755 2.74716215688775 230000
4340902.73755102 2.81893609183673 230000
4664837.64306122 2.81893609183673 230000
5011004.08102041 2.96704529591837 230000
5380928.59897959 2.96704529591837 230000
5776243.80734694 3.18572891454082 230000
6198692.16734694 3.18572891454082 230000
6650133.56693877 3.44334959693878 230000
7132560.47265306 3.44334959693878 230000
7648101.71755102 3.68685223979592 230000
8199022.50122449 3.68685223979592 230000
8787754.69346939 3.8602539630102 230000
9416896.83428571 3.8602539630102 230000
10089221.7097959 3.91498208163265 230000
10807687.7161224 3.91498208163265 230000
11575465.375102 3.82128533290816 230000
12395941.1222449 3.82128533290816 230000
13272728.6706122 3.50430417346939 230000
14209691.7385714 3.50430417346939 230000
15210966.777551 3.50430417346939 230000
16280959.1840816 3.50430417346939 230000
0 8475772.51171457 240000
26310.2271428571 8475772.51171457 240000
54423.5757142857 8475772.51171457 240000
84462.8114285714 8475772.51171457 240000
116566.045714286 15073056.0288747 240000
150867.553571429 15073056.0288747 240000
187524.628571429 10294160.5290317 240000
226690.727857143 10294160.5290317 240000
268546.163571429 50562.313964692 240000
313271.247857143 50562.313964692 240000
361065.475 1328.3265551503 240000
412136.012142857 1328.3265551503 240000
466705.372142857 121.215885061012 240000
525022.922857143 121.215885061012 240000
587334.195714286 28.1578671279762 240000
653923.086428571 28.1578671279762 240000
725073.490714286 11.7066060238095 240000
801107.668571429 11.7066060238095 240000
882355.552857143 6.68277883184524 240000
969173.931428571 6.68277883184524 240000
1061942.61071429 4.744607125 240000
1161079.76142857 4.744607125 240000
1267011.22714286 3.92216475744048 240000
1380208.88857143 3.92216475744048 240000
1501167.645 3.49684869494048 240000
1630424.59642857 3.49684869494048 240000
1768539.86142857 3.21022751785714 240000
1916131.105 3.21022751785714 240000
2073842.84714286 3.00154178869048 240000
2242369.48142857 3.00154178869048 240000
2422455.275 2.86810600744048 240000
2614890.53214286 2.86810600744048 240000
2820519.26714286 2.80864935714286 240000
3040254.55 2.80864935714286 240000
3275055.48785714 2.81187835119048 240000
3525957.91642857 2.81187835119048 240000
3794066.72714286 2.8553898452381 240000
4080559.70357143 2.8553898452381 240000
4386702.86714286 2.9197779047619 240000
4713838.96785714 2.9197779047619 240000
5063410.50285714 3.00563397916667 240000
5436952.04357143 3.00563397916667 240000
5836113.25428571 3.12776828125 240000
6262643.54642857 3.12776828125 240000
6718426.60642857 3.29819362797619 240000
7205468.88642857 3.29819362797619 240000
7725907.27714286 3.5136090922619 240000
8282035.96285714 3.5136090922619 240000
8876302.585 3.74466599553571 240000
9511323.58785714 3.74466599553571 240000
10189891.8914286 3.93852552678571 240000
10914992.2371429 3.93852552678571 240000
11689820.37 4.0579263735119 240000
12517783.0385714 4.0579263735119 240000
13402524.85 4.14841813244048 240000
14347939.7792857 4.14841813244048 240000
15358190.3514286 4.14841813244048 240000
16437719.1507143 4.14841813244048 240000
0 7993477.09005974 250000
26569.85 7993477.09005974 250000
54949.7734693878 7993477.09005974 250000
85264.6030612245 7993477.09005974 250000
117643.07244898 18375890.3151935 250000
152225.618367347 18375890.3151935 250000
189164.380612245 13202443.1033581 250000
228619.301020408 13202443.1033581 250000
270758.123469388 224130.486332645 250000
315771.997959184 224130.486332645 250000
363848.173469388 3106.80795729592 250000
415201.206122449 3106.80795729592 250000
470053.454081633 182.377572230017 250000
528638.978571429 182.377572230017 250000
591215.246938776 33.2342719940476 250000
658055.330612245 33.2342719940476 250000
729447.905102041 12.0558841390306 250000
805701.151020408 12.0558841390306 250000
887150.556122449 6.60334664328231 250000
974143.31122449 6.60334664328231 250000
1067065.61734694 4.76072403486395 250000
1166315.37857143 4.76072403486395 250000
1272325.60816327 3.97027977465986 250000
1385552.7255102 3.97027977465986 250000
1506496.06122449 3.5208415880102 250000
1635678.35204082 3.5208415880102 250000
1773657.44387755 3.2196828125 250000
1921034.09387755 3.2196828125 250000
2078448.06938776 2.99789354804422 250000
2246582.04897959 2.99789354804422 250000
2426173.3255102 2.83434326743197 250000
2617990.4 2.83434326743197 250000
2822875.89285714 2.73876014030612 250000
3041719.23673469 2.73876014030612 250000
3275464.47857143 2.71715823979592 250000
3525129.78469388 2.71715823979592 250000
3791803.53979592 2.76564467261905 250000
4076640.44591837 2.76564467261905 250000
4380873.2255102 2.87301213222789 250000
4705832.12653061 2.87301213222789 250000
5052925.41734694 3.01821948979592 250000
5423654.99081633 3.01821948979592 250000
5819639.77040816 3.17986802295918 250000
6242592.30408163 3.17986802295918 250000
6694357.7744898 3.35283764243197 250000
7176890.59285714 3.35283764243197 250000
7692285.60714286 3.54239472576531 250000
8242789.80510204 3.54239472576531 250000
8830790.61122449 3.73147230867347 250000
9458835.39183673 3.73147230867347 250000
10129662.6632653 3.87920720238095 250000
10846178.6857143 3.87920720238095 250000
11611496.4734694 4.00726632440476 250000
12428943.5969388 4.00726632440476 250000
13302066.0836735 4.52819071003401 250000
14234659.6265306 4.52819071003401 250000
15230773.4846939 4.52819071003401 250000
16294729.9887755 4.52819071003401 250000
0 7886948.36983622 260000
27323.2984693878 7886948.36983622 260000
56493.692244898 7886948.36983622 260000
87644.2689795919 7886948.36983622 260000
120904.083367347 5930474.22878848 260000
156414.288979592 5930474.22878848 260000
194336.204183674 235048.44859024 260000
234823.081428571 235048.44859024 260000
278052.370918367 18783.3297629111 260000
324209.58877551 18783.3297629111 260000
373496.382959184 1659.25612356569 260000
426122.467346939 1659.25612356569 260000
482313.687653061 169.591521002338 260000
542307.988469388 169.591521002338 260000
606371.545102041 31.8566722697704 260000
674770.532857143 31.8566722697704 260000
747807.42367347 12.1876278590561 260000
825788.72244898 12.1876278590561 260000
909057.230714286 7.22870964880953 260000
997963.815918368 7.22870964880953 260000
1092895.64214286 5.17779866794218 260000
1194256.00530612 5.17779866794218 260000
1302484.49795918 4.0993097642432 260000
1418044.91040816 4.0993097642432 260000
1541433.29663265 3.49720576211735 260000
1673182.0072449 3.49720576211735 260000
1813855.65653061 3.15969749043367 260000
1964063.22132653 3.15969749043367 260000
2124441.90918367 2.96651874553572 260000
2295685.38908163 2.96651874553572 260000
2478535.7255102 2.8543436662415 260000
2673767.24663265 2.8543436662415 260000
2882226.87387755 2.79411814243197 260000
3104809.92418367 2.79411814243197 260000
3342472.20887755 2.78279224872449 260000
3596234.06663265 2.78279224872449 260000
3867188.42938776 2.82294539859694 260000
4156500.82234694 2.82294539859694 260000
4465409.36397959 2.90810805335884 260000
4795248.96377551 2.90810805335884 260000
5147431.15744898 3.03296174808674 260000
5523472.33765306 3.03296174808674 260000
5924989.72102041 3.1988928125 260000
6353709.41408163 3.1988928125 260000
6811474.47918367 3.3952643167517 260000
7300248.96744898 3.3952643167517 260000
7822138.08357143 3.58959413541667 260000
8379380.11989796 3.58959413541667 260000
8974374.68714286 3.7510217287415 260000
9609678.68142857 3.7510217287415 260000
10288022.4161225 3.86743141517857 260000
11012321.7207143 3.86743141517857 260000
11785690.0396939 3.91127304230442 260000
12611454.5643878 3.91127304230442 260000
13493156.2329592 3.76536393983844 260000
14434590.06 3.76536393983844 260000
15439805.1365306 3.76536393983844 260000
16513120.7618367 3.76536393983844 260000
0 5394260.66985126 270000
27541.5485714286 5394260.66985126 270000
56941.5785714286 5394260.66985126 270000
88314.71 5394260.66985126 270000
121800.124285714 19476691.7072251 270000
157541.096428571 19476691.7072251 270000
195680.901428571 13883131.004098 270000
236391.469285714 13883131.004098 270000
279840.636428571 204742.148072393 270000
326212.613571429 204742.148072393 270000
375707.985714286 3623.40386425744 270000
428531.431428571 3623.40386425744 270000
484908.097142857 228.393295919643 270000
545075.41 228.393295919643 270000
609295.358571429 40.6823819122024 270000
677834.025 40.6823819122024 270000
750986.146428571 14.3103155282738 270000
829058.740714286 14.3103155282738 270000
912387.480714286 7.51484197619047 270000
1001320.32 7.51484197619047 270000
1096237.96071429 5.0435529047619 270000
1197541.57285714 5.0435529047619 270000
1305660.98142857 3.94041215922619 270000
1421054.66642857 3.94041215922619 270000
1544213.85642857 3.39959167559524 270000
1675658.435 3.39959167559524 270000
1815949.22142857 3.11655532440476 270000
1965679.78357143 3.11655532440476 270000
2125480.53142857 2.9561214375 270000
2296039.185 2.9561214375 270000
2478068.02571429 2.86498830357143 270000
2672348.92571429 2.86498830357143 270000
2879700.59928571 2.81968611309524 270000
3101003.16428571 2.81968611309524 270000
3337198.14214286 2.80991271130952 270000
3589284.36428571 2.80991271130952 270000
3858330.25285714 2.83875533333333 270000
4145482.00785714 2.83875533333333 270000
4451951.32642857 2.91417085863095 270000
4779044.05785714 2.91417085863095 270000
5128143.82928571 3.03541732738095 270000
5500732.51357143 3.03541732738095 270000
5898390.22928571 3.17968160714286 270000
6322803.52785714 3.17968160714286 270000
6775777.67428571 3.30163592261905 270000
7259228.46 3.30163592261905 270000
7775206.76428571 3.36530801488095 270000
8325902.64785714 3.36530801488095 270000
8913649.44642857 3.37863770684524 270000
9540944.23857143 3.37863770684524 270000
10210447.8457143 3.38951978422619 270000
10925001.2064286 3.38951978422619 270000
11687629.47 3.45165678720238 270000
12501570.6514286 3.45165678720238 270000
13370279.725 3.69184709077381 270000
14297436.8114286 3.69184709077381 270000
15286979.9264286 3.69184709077381 270000
16343100.8871429 3.69184709077381 270000
0 7618566.86890573 280000
27524.5457142857 7618566.86890573 280000
56918.1171428571 7618566.86890573 280000
88310.4514285714 7618566.86890573 280000
121831.285714286 29045672.8539104 280000
157626.574285714 29045672.8539104 280000
195854.434285714 13515180.9386141 280000
236672.982857143 13515180.9386141 280000
280268.717142857 139809.33562475 280000
326820.025714286 139809.33562475 280000
376533.677142857 2214.05100321429 280000
429624.548571429 2214.05100321429 280000
486315.625714286 158.436840178571 280000
546858.274285714 158.436840178571 280000
611511.968571429 33.7478911785714 280000
680552.4 33.7478911785714 280000
754283.64 13.4742243035714 280000
833017.868571429 13.4742243035714 280000
917095.645714286 7.61258025 280000
1006885.91142857 7.61258025 280000
1102769.76857143 5.23620291071429 280000
1205164.80857143 5.23620291071429 280000
1314508.89428571 4.07671098214286 280000
1431280.43142857 4.07671098214286 280000
1555978.09714286 3.44890483928571 280000
1689141.11142857 3.44890483928571 280000
1831345.18285714 3.11386035714286 280000
1983202.50857143 3.11386035714286 280000
2145369.88285714 2.95490701785714 280000
2318548.69714286 2.95490701785714 280000
2503484.94 2.89226830357143 280000
2700977.30571429 2.89226830357143 280000
2911873.14 2.88208191071429 280000
3137092.76571429 2.88208191071429 280000
3377601.10285714 2.90458319642857 280000
3634436.04857143 2.90458319642857 280000
3908708.47714286 2.95244910714286 280000
4201602.24 2.95244910714286 280000
4514382.27428572 3.02299367857143 280000
4848398.65714286 3.02299367857143 280000
5205086.60571429 3.11309173214286 280000
5585994.85714286 3.11309173214286 280000
5992765.39714286 3.21571583928571 280000
6427149.67714286 3.21571583928571 280000
6891024.83142857 3.33066328571429 280000
7386393.67714286 3.33066328571429 280000
7915392.82285714 3.48077321428572 280000
8480304.83142857 3.48077321428572 280000
9083574.43714286 3.68885098214286 280000
9727800.43714286 3.68885098214286 280000
10415760.0171429 3.91937091071429 280000
11150429.0228571 3.91937091071429 280000
11934977.9057143 4.04228333928571 280000
12772787.94 4.04228333928571 280000
13667479.6028571 3.81244757142857 280000
14622912.5742857 3.81244757142857 280000
15643214.1171429 3.81244757142857 280000
16732783.1314286 3.81244757142857 280000
0 4962114.45772069 290000
28328.4391836735 4962114.45772069 290000
58555.8734693877 4962114.45772069 290000
90804.9551020408 4962114.45772069 290000
125215.253877551 30363564.5625453 290000
161930.568979592 30363564.5625453 290000
201107.387755102 12986283.9366612 290000
242906.426938775 12986283.9366612 290000
287505.320816326 152925.173958801 290000
335090.16244898 152925.173958801 290000
385863.962448979 2819.92658396429 290000
440038.190204082 2819.92658396429 290000
497841.232653061 207.282188142857 290000
559514.164897959 207.282188142857 290000
625319.208979592 40.3891992091837 290000
695531.275102041 40.3891992091837 290000
770450.649795918 14.2714169489796 290000
850381.848979592 14.2714169489796 290000
935671.68244898 7.50466087755102 290000
1026671.18938776 7.50466087755102 290000
1123765.24408163 5.21686168367347 290000
1227364.09714286 5.21686168367347 290000
1337903.3755102 4.1888385 290000
1455844.08244898 4.1888385 290000
1581689.51510204 3.57362999489796 290000
1715959.88816327 3.57362999489796 290000
1859221.93959184 3.18969851020408 290000
2012084.70122449 3.18969851020408 290000
2175182.58122449 2.97506589285714 290000
2349204.96979592 2.97506589285714 290000
2534887.78040816 2.85868723979592 290000
2733000.76163265 2.85868723979592 290000
2944389.79102041 2.78952793877551 290000
3169934.58122449 2.78952793877551 290000
3410586.7444898 2.75860054081633 290000
3667357.1044898 2.75860054081633 290000
3941328.3844898 2.78226748979592 290000
4233650.97795918 2.78226748979592 290000
4545551.40734694 2.8781336122449 290000
4878345.0122449 2.8781336122449 290000
5233427.49061224 3.04582883673469 290000
5612291.81632653 3.04582883673469 290000
6016536.69795918 3.26217083163265 290000
6447853.89061224 3.26217083163265 290000
6908062.03102041 3.49574758163265 290000
7399098.17877551 3.49574758163265 290000
7923022.04571428 3.71350818367347 290000
8482041.3722449 3.71350818367347 290000
9078499.23918367 3.87752912755102 290000
9714912.1322449 3.87752912755102 290000
10393948.795102 3.94350757653061 290000
11118472.5232653 3.94350757653061 290000
11891520.0171429 3.85971283163265 290000
12716352.1346939 3.85971283163265 290000
13596428.515102 3.56381429081633 290000
14535449.8726531 3.56381429081633 290000
15537370.684898 3.56381429081633 290000
16606403.4220408 3.56381429081633 290000
0 9417933.34891739 300000
28282.4816326531 9417933.34891739 300000
58468.6726530612 9417933.34891739 300000
90688.8489795918 9417933.34891739 300000
125073.286530612 18136218.7196715 300000
161773.273469388 18136218.7196715 300000
200944.300408163 13791745.361359 300000
242750.262857143 13791745.361359 300000
287371.866122449 177317.130135918 300000
334994.017959184 177317.130135918 300000
385822.638367347 3866.62080177551 300000
440072.052244898 3866.62080177551 300000
497973.394285714 281.09289955102 300000
559770.406530612 281.09289955102 300000
625727.843265306 49.6480474285714 300000
696123.066122449 49.6480474285714 300000
771254.448979592 16.4843775306122 300000
851445.580408163 16.4843775306122 300000
937032.656326531 8.13288569387755 300000
1028377.08734694 8.13288569387755 300000
1125873.90367347 5.2574387755102 300000
1229926.54040816 5.2574387755102 300000
1340984.65959184 4.05200130612245 300000
1459518.9355102 4.05200130612245 300000
1586029.45959184 3.45623412244898 300000
1721054.14530612 3.45623412244898 300000
1865164.52571429 3.12262971428571 300000
2018978.36081633 3.12262971428571 300000
2183138.62530612 2.92430914285714 300000
2358351.33061225 2.92430914285714 300000
2545351.90530612 2.82065748979592 300000
2744943.01714286 2.82065748979592 300000
2957965.15591837 2.79697493877551 300000
3185321.84816326 2.79697493877551 300000
3427979.65714286 2.8333523877551 300000
3686968.18285714 2.8333523877551 300000
3963388.46693878 2.9084273877551 300000
4258412.99265306 2.9084273877551 300000
4573294.08979592 3.01175510204082 300000
4909363.93469388 3.01175510204082 300000
5268055.56244898 3.14977053061224 300000
5650881.85469388 3.14977053061224 300000
6059477.56408163 3.32979293877551 300000
6495569.89714286 3.32979293877551 300000
6961012.13387755 3.54397775510204 300000
7457779.42530612 3.54397775510204 300000
7987981.40081633 3.76844106122449 300000
8553866.37061225 3.76844106122449 300000
9157833.93306122 3.95099369387755 300000
9802447.58204081 3.95099369387755 300000
10490447.3142857 4.01631551020408 300000
11224749.6293878 4.01631551020408 300000
12008472.7444898 3.91746165306122 300000
12844940.7967347 3.91746165306122 300000
13737704.8555102 3.60439671428571 300000
14690551.3273469 3.60439671428571 300000
15707527.1706122 3.60439671428571 300000
16792944.0979592 3.60439671428571 300000
0 29741.230925558 30000
19693.3392857143 29741.230925558 30000
40815.225 29741.230925558 30000
63474.0857142857 29741.230925558 30000
87778.35 154.4280375 30000
113847.289285714 154.4280375 30000
141811.017857143 173.206747901786 30000
171807.782142857 173.206747901786 30000
203981.25 51.7798722767857 30000
238491.353571429 51.7798722767857 30000
275511.578571429 24.2449730580357 30000
315218.121428571 24.2449730580357 30000
357811.575 13.7749746651786 30000
403497.953571429 13.7749746651786 30000
452504.957142857 8.56619033482143 30000
505071.128571428 8.56619033482143 30000
561456.696428571 6.11084227678572 30000
621938.153571428 6.11084227678572 30000
686813.678571429 4.85810261160714 30000
756400.425 4.85810261160714 30000
831045.364285714 4.143349375 30000
911111.732142857 4.143349375 30000
996995.292857143 3.68195191964286 30000
1089116.20714286 3.68195191964286 30000
1187929.875 3.33059816964286 30000
1293924.225 3.33059816964286 30000
1407617.00357143 3.03901566964286 30000
1529572.03928571 3.03901566964286 30000
1660385.68928571 2.80016785714286 30000
1800700.39285714 2.80016785714286 30000
1951210.09285714 2.61637013392857 30000
2112654.81428571 2.61637013392857 30000
2285826.08571429 2.49395314732143 30000
2471580.49285714 2.49395314732143 30000
2670828.83571429 2.440185 30000
2884549.68214286 2.440185 30000
3113800.21071429 2.45903011160714 30000
3359702.65714286 2.45903011160714 30000
3623471.42142857 2.54404488839286 30000
3906402.225 2.54404488839286 30000
4209888.375 2.67435118303571 30000
4535418.05357143 2.67435118303571 30000
4884601.425 2.82516290178571 30000
5259148.95 2.82516290178571 30000
5660909.33571429 2.98118145089286 30000
6091853.27142857 2.98118145089286 30000
6554105.95714286 3.14666491071429 30000
7049941.68214286 3.14666491071429 30000
7581797.37857143 3.35988517857143 30000
8152291.59642857 3.35988517857143 30000
8764232.63571429 3.65719970982143 30000
9420626.67857143 3.65719970982143 30000
10124707.6071429 3.97616607142857 30000
10879939.7142857 3.97616607142857 30000
11690036.6785714 4.07496595982143 30000
12558985.9607143 4.07496595982143 30000
13491062.3571429 4.07496595982143 30000
14490852.3964286 4.07496595982143 30000
0 588005.728211867 40000
20117.5567346939 588005.728211867 40000
41689.1602040816 588005.728211867 40000
64820.4581632653 588005.728211867 40000
89628.2191836735 325.938760414541 40000
116229.211836735 325.938760414541 40000
144754.105714286 106.833500558673 40000
175344.69122449 106.833500558673 40000
208148.319183673 57.0378618380102 40000
243326.241428571 57.0378618380102 40000
281048.050408163 29.8347059413265 40000
321500.019795918 29.8347059413265 40000
364876.763877551 14.9758588903061 40000
411395.138571428 14.9758588903061 40000
461277.560204082 8.88132139413265 40000
514771.466938775 8.88132139413265 40000
572132.63755102 6.24856080229592 40000
633647.433061224 6.24856080229592 40000
699610.555102041 4.94743108418367 40000
770347.28755102 4.94743108418367 40000
846202.375714286 4.18988918494898 40000
927548.366938775 4.18988918494898 40000
1014777.27 3.67824475255102 40000
1108317.23632653 3.67824475255102 40000
1208626.99959184 3.30440576913265 40000
1316193.0955102 3.30440576913265 40000
1431543.76285714 3.00892799617347 40000
1555240.60285714 3.00892799617347 40000
1687886.91979592 2.7861873125 40000
1830133.28142857 2.7861873125 40000
1982669.17836735 2.6421843252551 40000
2146242.4855102 2.6421843252551 40000
2321651.12142857 2.56202756632653 40000
2509751.38897959 2.56202756632653 40000
2711460.7555102 2.52651045918367 40000
2927768.97367347 2.52651045918367 40000
3159724.18040816 2.53279487882653 40000
3408463.47918367 2.53279487882653 40000
3675201.81918367 2.58390429719388 40000
3961240.33591837 2.58390429719388 40000
4267974.69183673 2.67396553316327 40000
4596900.63673469 2.67396553316327 40000
4949627.90877551 2.78733414668367 40000
5327877.45428571 2.78733414668367 40000
5733495.32877551 2.91517140561224 40000
6168463.8177551 2.91517140561224 40000
6634901.43673469 3.0672717372449 40000
7135090.7332653 3.0672717372449 40000
7671469.94632653 3.25508610714286 40000
8246660.80836735 3.25508610714286 40000
8863468.54530612 3.48932988520408 40000
9524904.11816326 3.48932988520408 40000
10234200.9042857 3.76093265561224 40000
10994817.477551 3.76093265561224 40000
11810470.9708163 3.94004151147959 40000
12685139.8561224 3.94004151147959 40000
13623097.3071429 3.94004151147959 40000
14628919.5397959 3.94004151147959 40000
0 23786.4658229575 50000
20634.3257142857 23786.4658229575 50000
42754.0240816327 23786.4658229575 50000
66459.652244898 23786.4658229575 50000
91869.0057142857 81.5201972848639 50000
119102.753061224 81.5201972848639 50000
148293.055102041 234.69621147534 50000
179577.81877551 234.69621147534 50000
213112.189387755 89.223119835034 50000
249054.185306122 89.223119835034 50000
287579.063265306 34.2724181420068 50000
328867.826122449 34.2724181420068 50000
373124.46122449 16.4857629736395 50000
420558.702040816 16.4857629736395 50000
471400.393469388 10.0892453044218 50000
525893.745714286 10.0892453044218 50000
584303.080408163 6.98528572619048 50000
646904.211428571 6.98528572619048 50000
714001.683265306 5.33698655952381 50000
785920.151836735 5.33698655952381 50000
863004.384489796 4.34223699489796 50000
945625.006122449 4.34223699489796 50000
1034178.49918367 3.68086428656463 50000
1129092.94979592 3.68086428656463 50000
1230825.17469388 3.25448404421769 50000
1339863.59428571 3.25448404421769 50000
1456733.97877551 2.98455395663265 50000
1581996.57510204 2.98455395663265 50000
1716257.59918367 2.80300641496599 50000
1860163.48979592 2.80300641496599 50000
2014403.78163265 2.66937914030612 50000
2179719.7244898 2.66937914030612 50000
2356912.90244898 2.57601662159864 50000
2546830.86857143 2.57601662159864 50000
2750390.12938775 2.5359673452381 50000
2968570.39877551 2.5359673452381 50000
3202420.34408163 2.55785648044218 50000
3453066.20530612 2.55785648044218 50000
3721717.54122449 2.63297506037415 50000
4009661.48326531 2.63297506037415 50000
4318285.72 2.73618379931973 50000
4649078.49714286 2.73618379931973 50000
5003631.49061225 2.83280245408163 50000
5383648.42571429 2.83280245408163 50000
5790959.44244898 2.90540111989796 50000
6227523.96857143 2.90540111989796 50000
6695445.08489796 2.97268462244898 50000
7196975.27142857 2.97268462244898 50000
7734527.89959184 3.07209852636054 50000
8310688.7244898 3.07209852636054 50000
8928233.12326531 3.22859656547619 50000
9590128.96816326 3.22859656547619 50000
10299568.2302041 3.42217505102041 50000
11059961.2330612 3.42217505102041 50000
11874968.2567347 3.6280957287415 50000
12748511.0297959 3.6280957287415 50000
13684798.5869388 3.6280957287415 50000
14688330.1420408 3.6280957287415 50000
0 4296249.29203197 60000
20827.147755102 4296249.29203197 60000
43152.9012244898 4296249.29203197 60000
67087.1967346939 4296249.29203197 60000
92742.8636734694 7108.40782866667 60000
120247.196734694 7108.40782866667 60000
149730.383673469 455.978953727891 60000
181337.07755102 455.978953727891 60000
215217.71755102 156.73455722449 60000
251537.208163265 156.73455722449 60000
290472.026122449 55.8268901360544 60000
332210.220408163 55.8268901360544 60000
376954.305306122 22.5990272108844 60000
424915.474285714 22.5990272108844 60000
476333.851428571 10.5843428435374 60000
531449.560816326 10.5843428435374 60000
590537.443265306 6.30059311564626 60000
653875.232653061 6.30059311564626 60000
721775.379591837 4.79099376870748 60000
794561.906938775 4.79099376870748 60000
872587.768163265 4.14307462585034 60000
956231.954285714 4.14307462585034 60000
1045899.49387755 3.73523134693878 60000
1142018.56 3.73523134693878 60000
1245057.82857143 3.39976281632653 60000
1355517.79918367 3.39976281632653 60000
1473927.90204082 3.10726829931973 60000
1600860.96326531 3.10726829931973 60000
1736933.20489796 2.86002608163265 60000
1882801.35183673 2.86002608163265 60000
2039168.41795918 2.66805941496599 60000
2206795.27836735 2.66805941496599 60000
2386486.20408163 2.55050469387755 60000
2579114.89959184 2.55050469387755 60000
2785610.03755102 2.52013357823129 60000
3006972.61714286 2.52013357823129 60000
3244270.17795918 2.56442152380952 60000
3498648.3722449 2.56442152380952 60000
3771342.53714286 2.65654141496599 60000
4063666.12244898 2.65654141496599 60000
4377033.83510204 2.77988828571429 60000
4712958.74612245 2.77988828571429 60000
5073069.64897959 2.93096032653061 60000
5459102.38040816 2.93096032653061 60000
5872925.85795918 3.1081663537415 60000
6316542.08 3.1081663537415 60000
6792091.91183673 3.29123082993197 60000
7301878.23020408 3.29123082993197 60000
7848363.03020408 3.42476971428571 60000
8434187.67673469 3.42476971428571 60000
9062184.47673469 3.45870291156463 60000
9735394.03755102 3.45870291156463 60000
10457065.2669388 3.38098202721088 60000
11230690.0897959 3.38098202721088 60000
12060006.3412245 3.10593628571429 60000
12949023.8040816 3.10593628571429 60000
13902044.4604082 3.10593628571429 60000
14923668.277551 3.10593628571429 60000
0 5565413.38391921 70000
21016.3567346939 5565413.38391921 70000
43545.1218367347 5565413.38391921 70000
67699.9444897959 5565413.38391921 70000
93600.3020408163 2129385.87855448 70000
121362.757755102 2129385.87855448 70000
151130.101632653 4675.62211183758 70000
183045.123673469 4675.62211183758 70000
217262.270204082 257.23502543835 70000
253944.729795918 257.23502543835 70000
293273.175510204 51.8832200382653 70000
335437.022653061 51.8832200382653 70000
380643.171020408 19.5722653686224 70000
429110.176734694 19.5722653686224 70000
481071.166326531 10.3298487134354 70000
536776.750816326 10.3298487134354 70000
596503.767959184 6.68356157355442 70000
660534.883673469 6.68356157355442 70000
729184.81877551 5.09317723852041 70000
802788.692653061 5.09317723852041 70000
881696.195102041 4.24740754166667 70000
966294.898979592 4.24740754166667 70000
1056995.68979592 3.69007121641156 70000
1154238.59387755 3.69007121641156 70000
1258492.77836735 3.30831438052721 70000
1370265.29346939 3.30831438052721 70000
1490098.15836735 3.0329336662415 70000
1618571.27530612 3.0329336662415 70000
1756311.17183673 2.8263495625 70000
1903985.17265306 2.8263495625 70000
2062307.2277551 2.69363135714286 70000
2232049.56877551 2.69363135714286 70000
2414031.05265306 2.63119108715986 70000
2609134.64612245 2.63119108715986 70000
2818310.33979592 2.61921906845238 70000
3042572.23408163 2.61921906845238 70000
3283004.36734694 2.64507547193878 70000
3540775.28632653 2.64507547193878 70000
3817138.04612245 2.70209433588435 70000
4113430.21020408 2.70209433588435 70000
4431088.42081633 2.78533386352041 70000
4771654.22714286 2.78533386352041 70000
5136782.82755102 2.89671249192177 70000
5528243.06959184 2.89671249192177 70000
5947932.02040816 3.04534886819728 70000
6397886.62306122 3.04534886819728 70000
6880292.43877551 3.24021593537415 70000
7397486.56102041 3.24021593537415 70000
7951978.01408163 3.47923133928571 70000
8546456.49530612 3.47923133928571 70000
9183806.9455102 3.7232431789966 70000
9867121.20530612 3.7232431789966 70000
10599712.5855102 3.89039004464286 70000
11385136.2657143 3.89039004464286 70000
12227200.9506122 3.9646627002551 70000
13129992.1826531 3.9646627002551 70000
14097889.8265306 3.9646627002551 70000
15135585.5536735 3.9646627002551 70000
0 6674993.76576962 80000
21136.4137755102 6674993.76576962 80000
43794.5318367347 6674993.76576962 80000
68083.0473469388 6674993.76576962 80000
94119.4664285714 5965640.52073201 80000
122030.108163265 5965640.52073201 80000
151947.166938775 10768.2013167054 80000
184017.525408163 10768.2013167054 80000
218396.879183673 249.898887467262 80000
255249.736836735 249.898887467262 80000
294752.35755102 52.5526242293792 80000
337098.626428571 52.5526242293792 80000
382491.241530612 23.4049123101616 80000
431147.589183673 23.4049123101616 80000
483308.556938775 12.1762659332483 80000
539220.907653061 12.1762659332483 80000
599157.843061224 7.21800941496599 80000
663407.253163265 7.21800941496599 80000
732277.591530612 5.21802461033163 80000
806106.688265306 5.21802461033163 80000
885244.124081633 4.27200852295918 80000
970077.669183673 4.27200852295918 80000
1061015.65734694 3.67132579315476 80000
1158495.79887755 3.67132579315476 80000
1262991.05591837 3.23926434906463 80000
1375006.70479592 3.23926434906463 80000
1495077.39836735 2.95311246045918 80000
1623790.6672449 2.95311246045918 80000
1761766.35622449 2.78042130123299 80000
1909668.37489796 2.78042130123299 80000
2068213.51061224 2.67225446747449 80000
2238165.55316327 2.67225446747449 80000
2420344.1077551 2.60937033163265 80000
2615633.40795918 2.60937033163265 80000
2824976.44040816 2.59538587903912 80000
3049377.88244898 2.59538587903912 80000
3289927.60336735 2.63710667261905 80000
3547785.97612245 2.63710667261905 80000
3824198.56561224 2.73355961479592 80000
4120499.06632653 2.73355961479592 80000
4438121.05295918 2.87224743983844 80000
4778595.0427551 2.87224743983844 80000
5143569.05908163 3.03137643409864 80000
5534802.75612245 3.03137643409864 80000
5954187.98244898 3.17414637287415 80000
6403748.78102041 3.17414637287415 80000
6885656.07744898 3.26722713414116 80000
7402236.49295918 3.26722713414116 80000
7955989.97030612 3.31684899043367 80000
8549586.83612245 3.31684899043367 80000
9185894.23979592 3.36415132482993 80000
9867987.90408163 3.36415132482993 80000
10599158.0004082 3.45289292772109 80000
11382938.5254082 3.45289292772109 80000
12223116.1138775 3.58585232929422 80000
13123747.6646939 3.58585232929422 80000
14089180.9043878 3.58585232929422 80000
15124080.8260204 3.58585232929422 80000
0 6534323.0922883 90000
21706.9474489796 6534323.0922883 90000
44963.306122449 6534323.0922883 90000
69881.4842857143 6534323.0922883 90000
96579.9663265306 353.516778992347 90000
125186.350816327 353.516778992347 90000
155834.31244898 197.917409944728 90000
188675.754285714 197.917409944728 90000
223859.541326531 183.078797384779 90000
261558.843061224 183.078797384779 90000
301952.905102041 70.5020589251701 90000
345233.125306122 70.5020589251701 90000
391603.05377551 25.2742452680697 90000
441287.507040816 25.2742452680697 90000
494523.453877551 11.3790203405612 90000
551560.015306122 11.3790203405612 90000
612673.654897959 7.22676282057823 90000
678152.988469388 7.22676282057823 90000
748310.936326531 5.53582224808673 90000
823478.647142857 5.53582224808673 90000
904020.688265306 4.44926598044218 90000
990313.779285714 4.44926598044218 90000
1082774.13459184 3.70614987563776 90000
1181839.235 3.70614987563776 90000
1287983.01806122 3.26132074872449 90000
1401712.84 3.26132074872449 90000
1523563.39959184 2.99988292176871 90000
1654124.08071429 2.99988292176871 90000
1794011.60979592 2.82515009630102 90000
1943891.3222449 2.82515009630102 90000
2104480.2005102 2.70427323533163 90000
2276543.83602041 2.70427323533163 90000
2460899.4672449 2.63894858971088 90000
2658428.13193878 2.63894858971088 90000
2870068.59102041 2.62710015093537 90000
3096829.48081633 2.62710015093537 90000
3339792.35112245 2.65455029995748 90000
3600114.70326531 2.65455029995748 90000
3879036.06622449 2.71228612181122 90000
4177884.0727551 2.71228612181122 90000
4498083.57357143 2.80080130144558 90000
4841159.67540816 2.80080130144558 90000
5208749.89326531 2.92226678677721 90000
5602601.11234694 2.92226678677721 90000
6024590.8544898 3.07266347597789 90000
6476730.31622449 3.07266347597789 90000
6961173.48295918 3.24113030017007 90000
7480229.28122449 3.24113030017007 90000
8036370.69285714 3.41510361033163 90000
8632243.86918367 3.41510361033163 90000
9270692.4355102 3.57526007121599 90000
9954754.45306122 3.57526007121599 90000
10687689.7615306 3.69902941964286 90000
11472992.1313265 3.69902941964286 90000
12314398.3777551 3.8693443977466 90000
13215921.7796939 3.8693443977466 90000
14181855.1176531 3.8693443977466 90000
15216804.092449 3.8693443977466 90000
0 1458.34805802572 hpsmc
8434.03928571429 1458.34805802572 hpsmc
17495.9647959184 1458.34805802572 hpsmc
27234.4235714286 1458.34805802572 hpsmc
37698.0626530612 405.272512794855 hpsmc
48942.3170408163 405.272512794855 hpsmc
61024.8843877551 171.572383261692 hpsmc
74006.8563265306 171.572383261692 hpsmc
87958.3751020408 23.408866477466 hpsmc
102948.451632653 23.408866477466 hpsmc
119057.410102041 7.2537121747449 hpsmc
136365.574693878 7.2537121747449 hpsmc
154965.714183673 4.23799396534864 hpsmc
174951.728673469 4.23799396534864 hpsmc
196427.700204082 3.25980426530612 hpsmc
219504.49877551 3.25980426530612 hpsmc
244300.913673469 2.73140171067177 hpsmc
270947.04744898 2.73140171067177 hpsmc
299578.659285714 2.31294288244048 hpsmc
330346.215612245 2.31294288244048 hpsmc
363405.839489796 1.94861095790816 hpsmc
398930.623877551 1.94861095790816 hpsmc
437102.712346939 1.64627337032313 hpsmc
478121.218367347 1.64627337032313 hpsmc
522197.7 1.41039414562075 hpsmc
569560.685204082 1.41039414562075 hpsmc
620453.409183673 1.2384395837585 hpsmc
675139.471020408 1.2384395837585 hpsmc
733902.833673469 1.12497460352891 hpsmc
797047.823979592 1.12497460352891 hpsmc
864899.132653061 1.06299912202381 hpsmc
937808.602244898 1.06299912202381 hpsmc
1016152.9644898 1.04598915625 hpsmc
1100338.36561224 1.04598915625 hpsmc
1190799.235 1.0699968480017 hpsmc
1288003.94183673 1.0699968480017 hpsmc
1392454.79510204 1.13473229485544 hpsmc
1504691.43755102 1.13473229485544 hpsmc
1625296.50234694 1.24390530505952 hpsmc
1754891.0877551 1.24390530505952 hpsmc
1894147.20173469 1.4067479744898 hpsmc
2043784.36795918 1.4067479744898 hpsmc
2204576.41377551 1.64139452465986 hpsmc
2377354.86418367 1.64139452465986 hpsmc
2563013.46714286 1.97622475297619 hpsmc
2762512.71887755 1.97622475297619 hpsmc
2976884.38918367 2.44642527147109 hpsmc
3207236.04673469 2.44642527147109 hpsmc
3454760.10969388 3.08373921704932 hpsmc
3720737.23969388 3.08373921704932 hpsmc
4006540.86714286 3.89398349362245 hpsmc
4313650.76714286 3.89398349362245 hpsmc
4643655.32214286 4.83655054953231 hpsmc
4998260.57255102 4.83655054953231 hpsmc
5379300.39867347 6.00742165625 hpsmc
5788746.70265306 6.00742165625 hpsmc
6228715.06510204 6.00742165625 hpsmc
6701481.715 6.00742165625 hpsmc
