0 7783560.3858638 100000
21887.9063265306 7783560.3858638 100000
45340.9847959184 7783560.3858638 100000
70469.5019387755 7783560.3858638 100000
97392.9131632653 7113110.99569804 100000
126239.862755102 7113110.99569804 100000
157148.183877551 30942.1223447088 100000
190267.961530612 30942.1223447088 100000
225752.343673469 542.424872208121 100000
263772.856020408 542.424872208121 100000
304510.213163265 81.491081973852 100000
348157.381530612 81.491081973852 100000
394925.705306122 25.9865860146684 100000
445035.71755102 25.9865860146684 100000
498726.329081633 12.2154321885629 100000
556254.828469388 12.2154321885629 100000
617890.756122449 7.5402333892432 100000
683934.282040816 7.5402333892432 100000
754697.828061224 5.49733533120748 100000
830515.256734694 5.49733533120748 100000
911754.123163265 4.35220337223639 100000
998794.234285714 4.35220337223639 100000
1092058.27846939 3.65298722108844 100000
1191984.25887755 3.65298722108844 100000
1299053.06010204 3.24443951530612 100000
1413773.13336735 3.24443951530612 100000
1536689.68540816 3.01584704272959 100000
1668390.80438775 3.01584704272959 100000
1809501.33397959 2.87957726488095 100000
1960698.18816327 2.87957726488095 100000
2122698.09938776 2.78174762478741 100000
2296275.99632653 2.78174762478741 100000
2482258.87795918 2.70646902168367 100000
2681528.87653061 2.70646902168367 100000
2895041.63530612 2.66411084863946 100000
3123810.99377551 2.66411084863946 100000
3368927.36540816 2.67030695982143 100000
3631560.80061224 2.67030695982143 100000
3912960.98673469 2.73073659204932 100000
4214472.56285714 2.73073659204932 100000
4537528.99387755 2.83480063031463 100000
4883670.94826531 2.83480063031463 100000
5254549.36102041 2.96266641390306 100000
5651928.49663265 2.96266641390306 100000
6077707.38979592 3.10725723086735 100000
6533913.7194898 3.10725723086735 100000
7022716.06081633 3.28386873363095 100000
7546451.45163265 3.28386873363095 100000
8107613.14071429 3.51383315667517 100000
8708878.15438775 3.51383315667517 100000
9353107.29653061 3.80645423852041 100000
10043372.7152041 3.80645423852041 100000
10782964.0285714 4.14695320110544 100000
11575409.7656122 4.14695320110544 100000
12424483.4920408 4.52859791539116 100000
13334231.3769388 4.52859791539116 100000
14308990.5705102 4.52859791539116 100000
15353404.5188775 4.52859791539116 100000
0 5557205.02910426 10000
19287.2060204082 5557205.02910426 10000
39987.9823469388 5557205.02910426 10000
62204.9905102041 5557205.02910426 10000
86051.4214285714 431.673825297194 10000
111643.098367347 431.673825297194 10000
139111.638673469 51.2637336881378 10000
168593.924387755 51.2637336881378 10000
200234.734591837 31.7961735140306 10000
234192.010102041 31.7961735140306 10000
270639.485816327 21.0212974706633 10000
309758.793673469 21.0212974706633 10000
351742.095 13.9305774260204 10000
396802.609897959 13.9305774260204 10000
445164.087857143 9.26022909885204 10000
497068.704795918 9.26022909885204 10000
552777.063061224 6.48847745344388 10000
612568.191428571 6.48847745344388 10000
676739.545102041 4.96183139413265 10000
745612.270408163 4.96183139413265 10000
819533.837142857 4.10456374107143 10000
898870.141530612 4.10456374107143 10000
984018.667959184 3.58062250318878 10000
1075405.85663265 3.58062250318878 10000
1173492.36826531 3.2194206307398 10000
1278762.55469388 3.2194206307398 10000
1391745.51765306 2.95604883545918 10000
1513009.84408163 2.95604883545918 10000
1643158.34142857 2.76498432015306 10000
1782841.19938776 2.76498432015306 10000
1932761.25459184 2.6344692684949 10000
2093666.09357143 2.6344692684949 10000
2266358.58214286 2.55929931122449 10000
2451707.39479592 2.55929931122449 10000
2650633.85295918 2.52986089795918 10000
2864138.24846939 2.52986089795918 10000
3093286.68183673 2.53858054719388 10000
3339224.22397959 2.53858054719388 10000
3603180.18091837 2.58703766709184 10000
3886478.62316327 2.58703766709184 10000
4190535.75336735 2.68433579081633 10000
4516870.43571429 2.68433579081633 10000
4867114.72530612 2.8368144872449 10000
5243024.39755102 2.8368144872449 10000
5646476.31581633 3.03971359566327 10000
6079489.49020408 3.03971359566327 10000
6544230.3422449 3.26495474872449 10000
7043023.23428572 3.26495474872449 10000
7578366.26357143 3.43717056313775 10000
8152931.2622449 3.43717056313775 10000
8769595.3855102 3.4828143622449 10000
9431446.37632653 3.4828143622449 10000
10141790.462449 3.4480289942602 10000
10904181.3122449 3.4480289942602 10000
11722435.8287755 3.71404958864796 10000
12600644.6791837 3.71404958864796 10000
13543201.2505102 3.71404958864796 10000
14554820.0761224 3.71404958864796 10000
0 8952954.25371335 110000
22211.5506122449 8952954.25371335 110000
46004.506122449 8952954.25371335 110000
71485.1269387755 8952954.25371335 110000
98778.4253061225 3055595.9953082 110000
128009.413469388 3055595.9953082 110000
159318.730204082 2437.46938714456 110000
192856.390204082 2437.46938714456 110000
228775.533469388 154.927427681973 110000
267244.926530612 154.927427681973 110000
308452.087755102 56.4648210705782 110000
352587.660816327 56.4648210705782 110000
399857.915918367 26.7317199234694 110000
450487.875102041 26.7317199234694 110000
504718.186938775 13.986760622449 110000
562802.00122449 13.986760622449 110000
625014.344897959 8.31078148554422 110000
691645.871428571 8.31078148554422 110000
763015.362040816 5.60665594047619 110000
839457.224489796 5.60665594047619 110000
921330.868979592 4.32355500085034 110000
1009023.83346939 4.32355500085034 110000
1102948.65836735 3.68545864540816 110000
1203552.26244898 3.68545864540816 110000
1311303.44163265 3.29737375765306 110000
1426711.62081633 3.29737375765306 110000
1550323.72857143 3.03669067176871 110000
1682721.07183673 3.03669067176871 110000
1824525.58653061 2.85308544812925 110000
1976412.33877551 2.85308544812925 110000
2139090.77306122 2.71398328146259 110000
2313332.84 2.71398328146259 110000
2499960.49510204 2.61776943027211 110000
2699848.82408163 2.61776943027211 110000
2913944.79469388 2.57764831292517 110000
3143257.88081633 2.57764831292517 110000
3388866.31306122 2.60636206292517 110000
3651932.70530612 2.60636206292517 110000
3933694.67877551 2.70230244982993 110000
4235483.61387755 2.70230244982993 110000
4558721.52489796 2.84372906292517 110000
4904930.43591837 2.84372906292517 110000
5275748.00734694 3.01063343197279 110000
5672918.16 3.01063343197279 110000
6098316.07755102 3.20194774404762 110000
6553948.20653061 3.20194774404762 110000
7041961.6322449 3.42049779676871 110000
7564662.83061224 3.42049779676871 110000
8124511.41755102 3.64227082142857 110000
8724148.27673469 3.64227082142857 110000
9366404.9355102 3.81801720238095 110000
10054306.6902041 3.81801720238095 110000
10791097.6085714 3.94364148639456 110000
11580256.1563265 3.94364148639456 110000
12425501.4477551 4.33869320238095 110000
13330821.3734694 4.33869320238095 110000
14300481.9763265 4.33869320238095 110000
15339058.7044898 4.33869320238095 110000
0 6229204.65477165 120000
22482.4593877551 6229204.65477165 120000
46558.563877551 6229204.65477165 120000
72339.4241836735 6229204.65477165 120000
99945.6747959184 1784925.5273067 120000
129507.473979592 1784925.5273067 120000
161164.50377551 6163.44469396811 120000
195062.795408163 6163.44469396811 120000
231361.078469388 461.202096230017 120000
270227.606326531 461.202096230017 120000
311849.679897959 96.0801727283163 120000
356420.949285714 96.0801727283163 120000
404144.588367347 30.1012747701956 120000
455252.342346939 30.1012747701956 120000
509979.131020408 13.2835835108418 120000
568578.921734694 13.2835835108418 120000
631331.078571429 7.87888720493197 120000
698527.663979592 7.87888720493197 120000
770482.96255102 5.70632221279762 120000
847533.481020408 5.70632221279762 120000
930041.122857143 4.55581044876701 120000
1018393.18826531 4.55581044876701 120000
1113002.37418367 3.82193079464286 120000
1214309.94887755 3.82193079464286 120000
1322795.27571429 3.33964415731292 120000
1438963.11479592 3.33964415731292 120000
1563356.32132653 3.01655007312925 120000
1696562.19479592 3.01655007312925 120000
1839199.78061224 2.8056315142432 120000
1991942.0922449 2.8056315142432 120000
2155500.23826531 2.6871200327381 120000
2330642.46989796 2.6871200327381 120000
2518187.83183673 2.6373384644983 120000
2719018.86061224 2.6373384644983 120000
2934068.88622449 2.63923660586735 120000
3164350.60346939 2.63923660586735 120000
3410943.37357143 2.68861473639456 120000
3674999.57336735 2.68861473639456 120000
3957757.29367347 2.77752314902211 120000
4260540.33928571 2.77752314902211 120000
4584767.7527551 2.88864709077381 120000
4931956.98897959 2.88864709077381 120000
5303736.61357143 3.00849454634354 120000
5701846.30285714 3.00849454634354 120000
6128149.5422449 3.13397690242347 120000
6584646.32459184 3.13397690242347 120000
7073473.15020408 3.27369862563775 120000
7596918.89979592 3.27369862563775 120000
8157440.70744898 3.44237527189626 120000
8757654.43683673 3.44237527189626 120000
9400382.30010204 3.62148838881803 120000
10088627.4611224 3.62148838881803 120000
10825615.3052041 3.72942451126701 120000
11614799.7882653 3.72942451126701 120000
12459876.1352041 3.56037749596088 120000
13364806.2366327 3.56037749596088 120000
14333821.8234694 3.56037749596088 120000
15371468.9112245 3.56037749596088 120000
0 7538955.70089553 130000
23015.4770408163 7538955.70089553 130000
47649.4089795918 7538955.70089553 130000
74013.1874489796 7538955.70089553 130000
102231.308979592 12542142.0226495 130000
132428.270102041 12542142.0226495 130000
164748.224693878 129872.836049742 130000
199341.879081633 129872.836049742 130000
236363.215816326 934.152502929634 130000
275982.598571429 934.152502929634 130000
318390.048367347 91.4185054517432 130000
363772.31 91.4185054517432 130000
412345.614285714 28.524277883716 130000
464332.744489796 28.524277883716 130000
519969.58877551 13.7930484368622 130000
579514.968877551 13.7930484368622 130000
643244.087653061 8.45336220684524 130000
711451.805306122 8.45336220684524 130000
784449.363163265 5.94520759587585 130000
862577.488571428 5.94520759587585 130000
946193.29 4.5694390269983 130000
1035683.36193878 4.5694390269983 130000
1131460.50867347 3.79177936607143 130000
1233967.0205102 3.79177936607143 130000
1343671.39755102 3.31919080888605 130000
1461088.00704082 3.31919080888605 130000
1586750.87357143 3.02114993686224 130000
1721239.88887755 3.02114993686224 130000
1865180.81183673 2.84330555080782 130000
2019232.16357143 2.84330555080782 130000
2184108.16102041 2.7406573422619 130000
2360565.61204082 2.7406573422619 130000
2549420.29653061 2.68936395259354 130000
2751543.69020408 2.68936395259354 130000
2967866.24081633 2.68225864073129 130000
3199383.92061224 2.68225864073129 130000
3447168.055 2.70539015072279 130000
3712362.04632653 2.70539015072279 130000
3996184.65010204 2.74482770301871 130000
4299946.35612245 2.74482770301871 130000
4625049.38846939 2.80726025595238 130000
4972990.98173469 2.80726025595238 130000
5345376.48591837 2.91190832653061 130000
5743925.91887755 2.91190832653061 130000
6170473.96632653 3.0607239985119 130000
6626986.36295918 3.0607239985119 130000
7115572.99734694 3.23632963116497 130000
7638481.35948979 3.23632963116497 130000
8198129.30306122 3.42006439583333 130000
8797091.9405102 3.42006439583333 130000
9438134.40530612 3.58324767729592 130000
10124215.1281633 3.58324767729592 130000
10858492.3894898 3.67827183843537 130000
11644353.8054082 3.67827183843537 130000
12485429.4326531 3.61412609311224 130000
13385588.4923469 3.61412609311224 130000
14348991.7895918 3.61412609311224 130000
15380072.0561224 3.61412609311224 130000
0 7476247.77511993 140000
23281.6742857143 7476247.77511993 140000
48207.46 7476247.77511993 140000
74886.3042857143 7476247.77511993 140000
103450.264285714 8914880.4303408 140000
134028.095714286 8914880.4303408 140000
166761.76 133731.188881932 140000
201803.122857143 133731.188881932 140000
239317.255714286 2551.94944073214 140000
279475.832857143 2551.94944073214 140000
322467.035714286 243.989354892857 140000
368492.251428571 243.989354892857 140000
417759.47 44.1997389315476 140000
470503.092857143 44.1997389315476 140000
526964.124285714 15.0233570535714 140000
587409.98 15.0233570535714 140000
652114.678571429 8.2784353125 140000
721385.252857143 8.2784353125 140000
795538.64 5.8004655625 140000
874924.791428572 5.8004655625 140000
959906.864285714 4.56345466666667 140000
1050881.03 4.56345466666667 140000
1148273.17285714 3.84791129166667 140000
1252532.28714286 3.84791129166667 140000
1364146.98428571 3.39535421428571 140000
1483628.98571429 3.39535421428571 140000
1611536.23285714 3.09352110714286 140000
1748466.28428571 3.09352110714286 140000
1895053.01428571 2.89261542261905 140000
2051976.51714286 2.89261542261905 140000
2219966.40857143 2.76681723809524 140000
2399801.82571429 2.76681723809524 140000
2592321.33142857 2.69349801190476 140000
2798416.31142857 2.69349801190476 140000
3019047.48142857 2.6577944375 140000
3255234.98285714 2.6577944375 140000
3508078.19142857 2.66529830952381 140000
3778755.71714286 2.66529830952381 140000
4068518.80142857 2.73656102083333 140000
4378717.72857143 2.73656102083333 140000
4710791.92142857 2.88844049107143 140000
5066283.14714286 2.88844049107143 140000
5446845.42142857 3.12018702083333 140000
5854245.00857143 3.12018702083333 140000
6290373.62714286 3.40586376190476 140000
6757258.35428572 3.40586376190476 140000
7257071.53 3.69775819345238 140000
7792130.75714286 3.69775819345238 140000
8364922.01142857 3.95344008035714 140000
8978106.24428571 3.95344008035714 140000
9634535.89 4.14990259226191 140000
10337254.8657143 4.14990259226191 140000
11089531.5857143 4.22901307440476 140000
11894858.9614286 4.22901307440476 140000
12756980.8128571 3.95952708928571 140000
13679898.4714286 3.95952708928571 140000
14667900.4928571 3.95952708928571 140000
15725579.1642857 3.95952708928571 140000
0 8733450.56457154 150000
23254.1174489796 8733450.56457154 150000
48142.5935714286 8733450.56457154 150000
74787.5925510204 8733450.56457154 150000
103307.976836735 7490579.46877294 150000
133835.815816327 7490579.46877294 150000
166513.084081633 86149.4929655982 150000
201494.963163265 86149.4929655982 150000
238936.634591837 2187.57750085289 150000
279019.69377551 2187.57750085289 150000
321922.434387755 246.983546723002 150000
367846.262244898 246.983546723002 150000
417005.790102041 55.2749527068452 150000
469628.837653061 55.2749527068452 150000
525953.129795918 18.1153938720238 150000
586249.40877551 18.1153938720238 150000
650788.416836735 8.75798884778911 150000
719873.913571429 8.75798884778911 150000
793826.167244898 5.75703530590986 150000
872985.256530612 5.75703530590986 150000
957720.975714286 4.45462478422619 150000
1048422.9294898 4.45462478422619 150000
1145513.73989796 3.75927257908163 150000
1249439.14112245 3.75927257908163 150000
1360687.78989796 3.33041851403061 150000
1479768.15336735 3.33041851403061 150000
1607234.92295918 3.03172846067177 150000
1743682.41091837 3.03172846067177 150000
1889737.94683673 2.82164871215986 150000
2046078.38632653 2.82164871215986 150000
2213426.80928571 2.69474516347789 150000
2392565.72683673 2.69474516347789 150000
2584317.27091837 2.65049503996599 150000
2789576.21163265 2.65049503996599 150000
3009290.14683673 2.67703961118197 150000
3244476.01081633 2.67703961118197 150000
3496226.6777551 2.75505685055272 150000
3765707.66 2.75505685055272 150000
4054167.01326531 2.86508028061224 150000
4362941.94010204 2.86508028061224 150000
4693462.09163265 2.98769845280612 150000
5047259.4727551 2.98769845280612 150000
5425975.04561224 3.11275853295068 150000
5831358.72959184 3.11275853295068 150000
6265295.81520408 3.24918208333333 150000
6729793.75714286 3.24918208333333 150000
7227001.98469388 3.4128930952381 150000
7759228.41040816 3.4128930952381 150000
8328936.12836735 3.61806151339286 150000
8938769.82806122 3.61806151339286 150000
9591549.19091837 3.85085444515306 150000
10290301.9076531 3.85085444515306 150000
11038266.98 4.01059649681122 150000
11838907.9276531 4.01059649681122 150000
12695935.9004082 3.91434405187075 150000
13613319.5833673 3.91434405187075 150000
14595311.6108163 3.91434405187075 150000
15646465.074898 3.91434405187075 150000
0 5890247.4406782 160000
23672.7617346939 5890247.4406782 160000
49005.8226530612 5890247.4406782 160000
76117.2934693877 5890247.4406782 160000
105132.034081633 8004145.73066542 160000
136181.653571429 8004145.73066542 160000
169407.884795918 58818.787435317 160000
204965.958979592 58818.787435317 160000
243017.856530612 1958.23798100616 160000
283739.05622449 1958.23798100616 160000
327315.160612245 186.713016707483 160000
373952.019795918 186.713016707483 160000
423858.858469388 42.6705748507653 160000
477265.148877551 42.6705748507653 160000
534420.610816326 16.8052986173469 160000
595585.087857143 16.8052986173469 160000
661038.671122449 8.9880425667517 160000
731085.073877551 8.9880425667517 160000
806048.256938775 6.02454631972789 160000
886265.679489796 6.02454631972789 160000
972111.92122449 4.70165710693027 160000
1063981.80938776 4.70165710693027 160000
1162293.79336735 3.93911886862245 160000
1267506.81765306 3.93911886862245 160000
1380096.69969388 3.41646489710884 160000
1500586.50122449 3.41646489710884 160000
1629529.65530612 3.05705680569728 160000
1767516.7155102 3.05705680569728 160000
1915185.47969388 2.82880785034014 160000
2073210.86622449 2.82880785034014 160000
2242325.16153061 2.70479160034014 160000
2423301.14714286 2.70479160034014 160000
2616975.72183673 2.66590645982143 160000
2824233.02867347 2.66590645982143 160000
3046031.45173469 2.69474515922619 160000
3283390.1177551 2.69474515922619 160000
3537399.01989796 2.76415629506803 160000
3809229.14153061 2.76415629506803 160000
4100125.70704082 2.85268308758503 160000
4411431.80397959 2.85268308758503 160000
4744574.88469388 2.95901788244048 160000
5101087.01387755 2.95901788244048 160000
5482611.6177551 3.08529089073129 160000
5890900.10948979 3.08529089073129 160000
6327832.13673469 3.22283362967687 160000
6795415.58163265 3.22283362967687 160000
7295800.05918367 3.3565658920068 160000
7831287.04102041 3.3565658920068 160000
8404339.97918367 3.47898624128401 160000
9017591.05530612 3.47898624128401 160000
9673864.8027551 3.60738946067177 160000
10376178.1066327 3.60738946067177 160000
11127760.4513265 3.76216370918367 160000
11932067.4188775 3.76216370918367 160000
12792797.5619388 3.96250900829082 160000
13713909.2767347 3.96250900829082 160000
14699637.6760204 3.96250900829082 160000
15754518.2112245 3.96250900829082 160000
0 5696925.95532851 170000
24207.5204081633 5696925.95532851 170000
50101.7583673469 5696925.95532851 170000
77800.7146938776 5696925.95532851 170000
107432.802040816 9281952.41336671 170000
139133.374285714 9281952.41336671 170000
173041.255918367 562911.525203509 170000
209316.095102041 562911.525203509 170000
248121.010612245 10246.5733088078 170000
289633.003673469 10246.5733088078 170000
334039.487346939 506.004108733844 170000
381541.757142857 506.004108733844 170000
432358.461632653 62.6635815442177 170000
486722.131836735 62.6635815442177 170000
544872.24 17.2715379889456 170000
607082.964489796 17.2715379889456 170000
673628.483673469 8.44804863945578 170000
744817.682040816 8.44804863945578 170000
820973.326530612 5.76657408418367 170000
902435.537142857 5.76657408418367 170000
989582.610612245 4.6177218962585 170000
1082810.19673469 4.6177218962585 170000
1182534.76897959 3.94208045748299 170000
1289217.91877551 3.94208045748299 170000
1403342.06122449 3.4837282670068 170000
1525424.31755102 3.4837282670068 170000
1656023.45632653 3.15733887670068 170000
1795729.48163265 3.15733887670068 170000
1945177.5155102 2.92602980102041 170000
2105051.26857143 2.92602980102041 170000
2276076.09877551 2.77798649744898 170000
2459029.42326531 2.77798649744898 170000
2654740.71836735 2.70905146173469 170000
2864101.93142857 2.70905146173469 170000
3088067.48081633 2.71239915646259 170000
3327654.25591837 2.71239915646259 170000
3583948.55836735 2.77144294727891 170000
3858116.51387755 2.77144294727891 170000
4151411.01346939 2.86140410884354 170000
4465157.83102041 2.86140410884354 170000
4800790.32938776 2.96353410459184 170000
5159828.63673469 2.96353410459184 170000
5543910.88204082 3.07596748044218 170000
5954779.31265306 3.07596748044218 170000
6394308.05918367 3.20077937329932 170000
6864485.78244898 3.20077937329932 170000
7367460.79142857 3.32321968112245 170000
7905513.27836735 3.32321968112245 170000
8481093.4955102 3.40533581292517 170000
9096818.2844898 3.40533581292517 170000
9755488.42938776 3.40342697619048 170000
10460095.5979592 3.40342697619048 170000
11213846.6359184 3.30084146258503 170000
12020170.5081633 3.30084146258503 170000
12882728.7106122 3.04053831377551 170000
13805449.9763265 3.04053831377551 170000
14792523.3342857 3.04053831377551 170000
15848443.2273469 3.04053831377551 170000
0 9240611.89493749 180000
24552.7306122449 9240611.89493749 180000
50804.8571428571 9240611.89493749 180000
78876.7534693877 9240611.89493749 180000
108899.414693878 19394279.6188097 180000
141000.295510204 19394279.6188097 180000
175331.633469388 1442833.73153252 180000
212038.585306122 1442833.73153252 180000
251294.631020408 7130.38426094728 180000
293273.250612245 7130.38426094728 180000
338158.545306122 367.698685777211 180000
386159.399183673 367.698685777211 180000
437488.236734694 63.4719802482993 180000
492378.724897959 63.4719802482993 180000
551071.611428571 20.3230418588435 180000
613839.507755102 20.3230418588435 180000
680955.025306122 9.62588298979592 180000
752726.179591837 9.62588298979592 180000
829475.147755102 6.06249167687075 180000
911548.889795918 6.06249167687075 180000
999308.527346939 4.63354606292517 180000
1093157.66693878 4.63354606292517 180000
1193514.07673469 3.90923018367347 180000
1300830.92897959 3.90923018367347 180000
1415586.17877551 3.44090794217687 180000
1538300.26612245 3.44090794217687 180000
1669525.49469388 3.10597057823129 180000
1809849.5722449 3.10597057823129 180000
1959906.23183673 2.87871325340136 180000
2120364.61061224 2.87871325340136 180000
2291954.03265306 2.74661177380952 180000
2475439.22612245 2.74661177380952 180000
2671652.18693877 2.69250991156462 180000
2881467.39591837 2.69250991156462 180000
3105833.68244898 2.69928831802721 180000
3345760.06285714 2.69928831802721 180000
3602322.82122449 2.75228380272109 180000
3876676.13061224 2.75228380272109 180000
4170055.59346939 2.83854437244898 180000
4483778.24163265 2.83854437244898 180000
4819256.69795918 2.95098921088435 180000
5177999.17632653 2.95098921088435 180000
5561620.10285714 3.09028952040816 180000
5971840.11591837 3.09028952040816 180000
6410510.84897959 3.25213042857143 180000
6879597.22857143 3.25213042857143 180000
7381216.41877551 3.40601279421769 180000
7917616.57877551 3.40601279421769 180000
8491215.80734694 3.48952217176871 180000
9104587.98122449 3.48952217176871 180000
9760498.15918367 3.45285681972789 180000
10461891.9608163 3.45285681972789 180000
11211923.8897959 3.32498170238095 180000
12013964.4146939 3.32498170238095 180000
12871624.7518367 3.15758677891156 180000
13788756.8653061 3.15758677891156 180000
14769492.4114286 3.15758677891156 180000
15818232.117551 3.15758677891156 180000
0 8139082.50522159 190000
24585.0285714286 8139082.50522159 190000
50882.0081632653 8139082.50522159 190000
79007.4220408163 8139082.50522159 190000
109095.40244898 13545202.7489117 190000
141280.081632653 13545202.7489117 190000
175702.651428571 9573018.58524198 190000
212525.48244898 9573018.58524198 190000
251910.945306122 84994.8719224694 190000
294039.059591837 84994.8719224694 190000
339103.964081633 1464.70649472109 190000
387306.857142857 1464.70649472109 190000
438866.586122449 110.689693605442 190000
494016.11755102 110.689693605442 190000
553006.066938775 24.5579741564626 190000
616108.228571429 24.5579741564626 190000
683601.456326531 10.3545607278912 190000
755799.902040816 10.3545607278912 190000
833021.247346939 6.22606729931973 190000
915625.531428571 6.22606729931973 190000
1003979.85306122 4.59213212244898 190000
1098490.13877551 4.59213212244898 190000
1199583.49387755 3.79734709523809 190000
1307715.26204082 3.79734709523809 190000
1423379.61469388 3.34046648979592 190000
1547098.96163265 3.34046648979592 190000
1679438.07020408 3.05359703401361 190000
1820989.94612245 3.05359703401361 190000
1972404.07183673 2.87874712244898 190000
2134361.69795918 2.87874712244898 190000
2307600.55183673 2.78239840136054 190000
2492904.24816327 2.78239840136054 190000
2691112.87836735 2.74189399319728 190000
2903130.07020408 2.74189399319728 190000
3129908.86857143 2.74794612244898 190000
3372487.03346939 2.74794612244898 190000
3631958.80163265 2.8032536122449 190000
3909499.59510204 2.8032536122449 190000
4206373.08081633 2.91344942857143 190000
4523924.11102041 2.91344942857143 190000
4863589.31265306 3.0706871292517 190000
5226914.73632653 3.0706871292517 190000
5615541.73714286 3.24548556462585 190000
6031238.74285714 3.24548556462585 190000
6475887.13469388 3.40725317006803 190000
6951502.42612245 3.40725317006803 190000
7460244.8522449 3.53770854421769 190000
8004422.89959184 3.53770854421769 190000
8586496.83591837 3.60890011564626 190000
9209114.00816327 3.60890011564626 190000
9875094.72326531 3.59585457823129 190000
10587460.4865306 3.59585457823129 190000
11349441.0612245 3.51543406122449 190000
12164492.117551 3.51543406122449 190000
13036309.3518367 3.37335242176871 190000
13968846.1355102 3.37335242176871 190000
14966331.1640816 3.37335242176871 190000
16033289.6359184 3.37335242176871 190000
0 8791309.15834413 200000
25235.7280612245 8791309.15834413 200000
52220.5392857143 8791309.15834413 200000
81063.9795918367 8791309.15834413 200000
111904.807142857 16862432.8940711 200000
144878.128571429 16862432.8940711 200000
180126.353571429 7134172.66981712 200000
217813.801020408 7134172.66981712 200000
258104.789795918 47405.2827937128 200000
301181.896428571 47405.2827937128 200000
347235.000510204 1057.56733419111 200000
396472.239285714 1057.56733419111 200000
449109.053061224 90.5588264221939 200000
505386.442857143 90.5588264221939 200000
565556.364285714 22.6105514158163 200000
629881.72755102 22.6105514158163 200000
698651.003571428 10.4130165954507 200000
772174.572448979 10.4130165954507 200000
850781.071938775 6.50590926977041 200000
934821.048979592 6.50590926977041 200000
1024666.95969388 4.7903745440051 200000
1120724.12397959 4.7903745440051 200000
1223419.77091837 3.89952279230442 200000
1333210.34183673 3.89952279230442 200000
1450592.44489796 3.39829696428571 200000
1576088.24897959 3.39829696428571 200000
1710256.43826531 3.10180789328231 200000
1853695.86377551 3.10180789328231 200000
2007049.19489796 2.92018988945578 200000
2171002.91938775 2.92018988945578 200000
2346287.34336735 2.80891710140306 200000
2533687.54591837 2.80891710140306 200000
2734039.72755102 2.75492769982993 200000
2948238.51326531 2.75492769982993 200000
3177240.60408163 2.75693604166667 200000
3422072.08010204 2.75693604166667 200000
3683821.09744898 2.80426900722789 200000
3963663.44897959 2.80426900722789 200000
4262847.95816327 2.87554992772109 200000
4582711.08520408 2.87554992772109 200000
4924676.92704082 2.96629807079082 200000
5290282.77806122 2.96629807079082 200000
5681153.56938775 3.10691242878401 200000
6099042.03571429 3.10691242878401 200000
6545810.45765306 3.32205604804422 200000
7023456.22244898 3.32205604804422 200000
7534115.4755102 3.56223547406463 200000
8080070.42346939 3.56223547406463 200000
8663756.6372449 3.72909520833333 200000
9287781.30969387 3.72909520833333 200000
9954937.86173469 3.80710103103741 200000
10668205.9423469 3.80710103103741 200000
11430769.6862245 3.87574219919218 200000
12246035.9714286 3.87574219919218 200000
13117652.6770408 4.08351429102891 200000
14049508.6831633 4.08351429102891 200000
15045766.7346939 4.08351429102891 200000
16110885.3505102 4.08351429102891 200000
0 4424025.71295891 20000
19779.5875510204 4424025.71295891 20000
40999.0267346939 4424025.71295891 20000
63759.0255102041 4424025.71295891 20000
88173.9010204082 1290.25156403529 20000
114363.414081633 1290.25156403529 20000
142455.491020408 84.9098630671769 20000
172588.945510204 84.9098630671769 20000
204913.478571429 52.5028129889456 20000
239586.956734694 52.5028129889456 20000
276778.133877551 28.9995373061225 20000
316674.816734694 28.9995373061225 20000
359470.255714286 14.542819037415 20000
405376.754081633 14.542819037415 20000
454617.50244898 8.68015849617347 20000
507437.466122449 8.68015849617347 20000
564095.219591837 6.10567519770408 20000
624871.112040816 6.10567519770408 20000
690064.545510204 4.91220649447279 20000
759996.696734694 4.91220649447279 20000
835010.517142857 4.28670006037415 20000
915476.176530612 4.28670006037415 20000
1001788.34122449 3.77573191836735 20000
1094374.33959184 3.77573191836735 20000
1193688.71836735 3.32209813307823 20000
1300221.40816327 3.32209813307823 20000
1414495.00163265 2.97244985204082 20000
1537072.91897959 2.97244985204082 20000
1668562.12979592 2.73140285671769 20000
1809604.98755102 2.73140285671769 20000
1960898.28244898 2.58124252636054 20000
2123187.7977551 2.58124252636054 20000
2297271.03163265 2.50949377593537 20000
2484005.36265306 2.50949377593537 20000
2684310.77163265 2.50253608078231 20000
2899172.56346939 2.50253608078231 20000
3129652.2544898 2.54679428018707 20000
3376879.40693878 2.54679428018707 20000
3642073.40367347 2.62823957397959 20000
3926540.72632653 2.62823957397959 20000
4231683.12081633 2.72535811096939 20000
4559000.31918367 2.72535811096939 20000
4910106.37061225 2.82456905994898 20000
5286729.64142857 2.82456905994898 20000
5690720.98061225 2.93673141539116 20000
6124075.4944898 2.93673141539116 20000
6588921.65938775 3.08537772406463 20000
7087551.26183673 3.08537772406463 20000
7622419.39857143 3.2744433082483 20000
8196158.08571429 3.2744433082483 20000
8811592.58979592 3.49002978911565 20000
9471755.03693878 3.49002978911565 20000
10179892.5783673 3.75953698979592 20000
10939497.3306122 3.75953698979592 20000
11754303.6536735 4.33907273554422 20000
12628326.2567347 4.33907273554422 20000
13565868.3636735 4.33907273554422 20000
14571546.2095918 4.33907273554422 20000
0 7500300.39243357 210000
25061.2512244898 7500300.39243357 210000
51870.9618367347 7500300.39243357 210000
80544.2567346939 7500300.39243357 210000
111217.846734694 14170206.1899184 210000
144028.442653061 14170206.1899184 210000
179119.950612245 10176371.3885189 210000
216661.460306122 10176371.3885189 210000
256814.866122449 114033.976090037 210000
299767.246020408 114033.976090037 210000
345712.873265306 1576.79882599022 210000
394856.814081633 1576.79882599022 210000
447425.720612245 110.674848461097 210000
503657.037959184 110.674848461097 210000
563802.601836735 25.9246130080782 210000
628139.431530612 25.9246130080782 210000
696958.936938775 11.1297294906463 210000
770570.51622449 11.1297294906463 210000
849312.34877551 6.61851989051871 210000
933540.602244898 6.61851989051871 210000
1023633.03020408 4.73981047172619 210000
1120003.3627551 4.73981047172619 210000
1223086.91591837 3.81178087436225 210000
1333351.38459184 3.81178087436225 210000
1451296.84255102 3.31727596598639 210000
1577455.74244898 3.31727596598639 210000
1712407.30642857 3.02718520748299 210000
1856755.94020408 3.02718520748299 210000
2011163.61193878 2.85920478996599 210000
2176324.66867347 2.85920478996599 210000
2352994.61755102 2.78839098554422 210000
2541968.53989796 2.78839098554422 210000
2744109.87244898 2.78570773596939 210000
2960328.82142857 2.78570773596939 210000
3191614.74142857 2.8230858522534 210000
3439007.35418367 2.8230858522534 210000
3703636.3227551 2.89285034119898 210000
3986699.66561224 2.89285034119898 210000
4289481.74489796 2.99279764030612 210000
4613356.86408163 2.99279764030612 210000
4959789.26795918 3.11585986033163 210000
5330358.32622449 3.11585986033163 210000
5726744.14285714 3.26666897959184 210000
6150738.34908163 3.26666897959184 210000
6604269.28693878 3.45415916985544 210000
7089394.81397959 3.45415916985544 210000
7608316.69387755 3.65526048086735 210000
8163387.79173469 3.65526048086735 210000
8757122.86704082 3.81128619706633 210000
9392220.15959183 3.81128619706633 210000
10071557.7918367 3.86627782312925 210000
10798218.952449 3.86627782312925 210000
11575502.6892857 3.7925184402636 210000
12406934.7023469 3.7925184402636 210000
13296281.7343878 3.48623074787415 210000
14247583.9497959 3.48623074787415 210000
15265154.9345918 3.48623074787415 210000
16353610.4776531 3.48623074787415 210000
0 5226420.92396434 220000
25850.6357142857 5226420.92396434 220000
53468.4489795918 5226420.92396434 220000
82978.0484693878 5226420.92396434 220000
114507.818877551 19729655.3148522 220000
148197.472959184 19729655.3148522 220000
184190.499489796 5789402.39890666 220000
222649.267346939 5789402.39890666 220000
263739.921428571 38991.0624800223 220000
307643.710714286 38991.0624800223 220000
354553.212244898 1008.49502298788 220000
404676.107142857 1008.49502298788 220000
458227.628571429 110.116983679847 220000
515445.665816326 110.116983679847 220000
576579.43622449 28.6140611830357 220000
641900.813265306 28.6140611830357 220000
711692.998469388 11.8597327646684 220000
786261.849489796 11.8597327646684 220000
865935.880102041 6.59577151466837 220000
951066.260204082 6.59577151466837 220000
1042023.03979592 4.59788698341837 220000
1139206.47704082 4.59788698341837 220000
1243039.48622449 3.75839111288265 220000
1353986.51785714 3.75839111288265 220000
1472523.3505102 3.36623566007653 220000
1599178.62704082 3.36623566007653 220000
1734499.87040816 3.13865963010204 220000
1879087.46785714 3.13865963010204 220000
2033575.79081633 2.97599181760204 220000
2198636.97091837 2.97599181760204 220000
2374996.00408163 2.85891158482143 220000
2563430.7505102 2.85891158482143 220000
2764764.38265306 2.79068361607143 220000
2979880.48928571 2.79068361607143 220000
3209723.0755102 2.77410845982143 220000
3455300.33877551 2.77410845982143 220000
3717688.44489796 2.81193946428571 220000
3998039.08010204 2.81193946428571 220000
4297579.45102041 2.8967504559949 220000
4617627.38877551 2.8967504559949 220000
4959587.57295918 2.99795566964286 220000
5324951.53163265 2.99795566964286 220000
5715331.6255102 3.08054038265306 220000
6132434.61581633 3.08054038265306 220000
6578088.09642857 3.13854162946429 220000
7054251.82193878 3.13854162946429 220000
7563013.93163265 3.1896595057398 220000
8106602.27755102 3.1896595057398 220000
8687403.30459184 3.24763715242347 220000
9307965.82653061 3.24763715242347 220000
9971008.57806122 3.31131029655612 220000
10679439.094898 3.31131029655612 220000
11436368.8178571 3.35036064094388 220000
12245116.8688775 3.35036064094388 220000
13109225.155102 3.2757134375 220000
14032492.3530612 3.2757134375 220000
15018958.8045918 3.2757134375 220000
16072959.3811224 3.2757134375 220000
0 7671015.42881102 230000
26322.8271428571 7671015.42881102 230000
54434.5842857143 7671015.42881102 230000
84455.3078571429 7671015.42881102 230000
116516.650714286 23187219.0737365 230000
150758.01 23187219.0737365 230000
187330.399285714 8980798.53333162 230000
226384.832142857 8980798.53333162 230000
268095.555 74278.6438454241 230000
312640.686428571 74278.6438454241 230000
360217.705714286 1395.57391489286 230000
411024.092142857 1395.57391489286 230000
465288.302142857 120.307042955357 230000
523238.792142857 120.307042955357 230000
585127.251428571 27.2910080625 230000
651224.73 27.2910080625 230000
721813.894285714 11.1662919642857 230000
797204.515714286 11.1662919642857 230000
877717.982142857 6.57503570982143 230000
963702.786428571 6.57503570982143 230000
1055534.52642857 4.80674100446429 230000
1153608.16071429 4.80674100446429 230000
1258349.625 3.96354962946429 230000
1370208.08785714 3.96354962946429 230000
1489675.31142857 3.49104333035714 230000
1617258.54642857 3.49104333035714 230000
1753519.25357143 3.19238011160714 230000
1899038.25428571 3.19238011160714 230000
2054450.58 2.98408302678571 230000
2220429.98357143 2.98408302678571 230000
2397688.93928571 2.83672379017857 230000
2586998.00357143 2.83672379017857 230000
2789178.07071429 2.74995552232143 230000
3005100.37285714 2.74995552232143 230000
3235698.09642857 2.72765843303571 230000
3481974.12642857 2.72765843303571 230000
3744989.43 2.76208016964286 230000
4025886.28928571 2.76208016964286 230000
4325876.685 2.83959562946429 230000
4646257.785 2.83959562946429 230000
4988419.68857143 2.9486851875 230000
5353841.55428571 2.9486851875 230000
5744099.34428571 3.07661917410714 230000
6160889.05714286 3.07661917410714 230000
6606011.23928571 3.20269775892857 230000
7081390.34571428 3.20269775892857 230000
7589086.35642857 3.30080011160714 230000
8131290.90428571 3.30080011160714 230000
8710354.38 3.36035044196429 230000
9328782.06 3.36035044196429 230000
9989249.595 3.39914447321429 230000
10694610.7542857 3.39914447321429 230000
11447920.6585714 3.43692206696429 230000
12252439.6521429 3.43692206696429 230000
13111648.7914286 3.47108566071429 230000
14029261.4614286 3.47108566071429 230000
15009250.4807143 3.47108566071429 230000
16055859.7178571 3.47108566071429 230000
0 2479753.72881061 240000
26566.2497959184 2479753.72881061 240000
54950.5591836735 2479753.72881061 240000
85265.8269387755 2479753.72881061 240000
117652.203265306 28157.7308643214 240000
152249.838367347 28157.7308643214 240000
189206.668571429 34537.7159829167 240000
228690.095510204 34537.7159829167 240000
270863.627755102 12723.3480642619 240000
315914.132244898 12723.3480642619 240000
364044.048163265 1351.14612115306 240000
415455.814693878 1351.14612115306 240000
470375.229387755 152.838282681973 240000
529043.662040816 152.838282681973 240000
591714.161632653 33.2282751479592 240000
658663.135510204 33.2282751479592 240000
730182.563265306 12.9551831530612 240000
806579.996734694 12.9551831530612 240000
888194.132244898 7.26079438945578 240000
975375.345306122 7.26079438945578 240000
1068505.15591837 5.00606309693878 240000
1167992.3355102 5.00606309693878 240000
1274269.01387755 3.89615945238095 240000
1387798.46530612 3.89615945238095 240000
1509075.10857143 3.32224112244898 240000
1638632.29306122 3.32224112244898 240000
1777026.72653061 3.05471482142857 240000
1924865.72653061 3.05471482142857 240000
2082791.64816326 2.93892869217687 240000
2251501.34938775 2.93892869217687 240000
2431718.93959184 2.87516359353741 240000
2624238.60326531 2.87516359353741 240000
2829893.4555102 2.83135043367347 240000
3049586.68653061 2.83135043367347 240000
3284272.09632653 2.81960636564626 240000
3534969.66693878 2.81960636564626 240000
3802781.13469388 2.85448981632653 240000
4088866.63183673 2.85448981632653 240000
4394475.83102041 2.92940691326531 240000
4720940.15918367 2.92940691326531 240000
5069684.47673469 3.0253789829932 240000
5442227.07755102 3.0253789829932 240000
5840195.26122449 3.13032131462585 240000
6265321.44 3.13032131462585 240000
6719462.60408163 3.24922189285714 240000
7204592.5355102 3.24922189285714 240000
7722832.95265306 3.40087284863946 240000
8276437.93795918 3.40087284863946 240000
8867825.08244898 3.60197379251701 240000
9499571.59265306 3.60197379251701 240000
10174429.8628571 3.86047305782313 240000
10895343.0473469 3.86047305782313 240000
11665452.8465306 4.19550341836735 240000
12488122.8653061 4.19550341836735 240000
13366930.8269388 4.83419255442177 240000
14305711.3967347 4.83419255442177 240000
15308563.9681633 4.83419255442177 240000
16379848.7697959 4.83419255442177 240000
0 9863314.79333018 250000
26683.5979591837 9863314.79333018 250000
55182.6195918367 9863314.79333018 250000
85630.0916326531 9863314.79333018 250000
118151.215714286 26814368.2947542 250000
152890.75622449 26814368.2947542 250000
190001.302653061 11932583.0598991 250000
229639.357040816 11932583.0598991 250000
271984.896734694 133052.708775163 250000
317213.986530612 133052.708775163 250000
365530.079081633 3074.2908034764 250000
417140.539591837 3074.2908034764 250000
472272.296020408 202.217191716199 250000
531160.101428571 202.217191716199 250000
594066.096734694 34.3974775860969 250000
661260.247959184 34.3974775860969 250000
733039.908979592 12.0731054043367 250000
809714.171326531 12.0731054043367 250000
891615.601836735 6.64298995918367 250000
979104.155204082 6.64298995918367 250000
1072559.34887755 4.74319375318878 250000
1172384.17561224 4.74319375318878 250000
1279020.75367347 3.92155803890306 250000
1392926.85153061 3.92155803890306 250000
1514603.27571429 3.51052010076531 250000
1644578.22061224 3.51052010076531 250000
1783415.09357143 3.2635077130102 250000
1931720.34 3.2635077130102 250000
2090139.53081633 3.08125619579082 250000
2259361.275 3.08125619579082 250000
2440125.04469388 2.93188640943878 250000
2633217.26265306 2.93188640943878 250000
2839475.21479592 2.82057433290816 250000
3059802.70040816 2.82057433290816 250000
3295150.46938775 2.76670339604592 250000
3546555.3477551 2.76670339604592 250000
3815101.11214286 2.77855516517857 250000
4101957.61530612 2.77855516517857 250000
4408380.78612245 2.85327673852041 250000
4735700.89193877 2.85327673852041 250000
5085346.01387755 2.98746908737245 250000
5458830.30918367 2.98746908737245 250000
5857789.22418367 3.17448902614796 250000
6283952.10642857 3.17448902614796 250000
6739181.33020408 3.38917396109694 250000
7225452.73377551 3.38917396109694 250000
7744886.91979592 3.59655546747449 250000
8299749.25530612 3.59655546747449 250000
8892445.95918367 3.78864542028061 250000
9525563.22765306 3.78864542028061 250000
10201859.4091837 3.98346600765306 250000
10924276.7421429 3.98346600765306 250000
11695960.917551 4.15979164030612 250000
12520268.9041837 4.15979164030612 250000
13400792.4238775 4.14580427040816 250000
14341369.6891837 4.14580427040816 250000
15346085.4033673 4.14580427040816 250000
16419321.6235714 4.14580427040816 250000
0 7652652.48728567 260000
26992.6024489796 7652652.48728567 260000
55816.221632653 7652652.48728567 260000
86597.9563265306 7652652.48728567 260000
119472.848979592 19042107.6531835 260000
154583.885714286 19042107.6531835 260000
192078.024489796 10593851.0582754 260000
232122.08244898 10593851.0582754 260000
274886.848571429 151131.108769428 260000
320558.999183673 151131.108769428 260000
369333.154285714 2877.83592766156 260000
421423.793061224 2877.83592766156 260000
477049.366530612 213.520704997449 260000
536460.100408163 213.520704997449 260000
599906.220408163 39.4621342295918 260000
667661.783265306 39.4621342295918 260000
740024.676734694 13.7112437891156 260000
817304.704081633 13.7112437891156 260000
899835.499591837 7.28908995153061 260000
987974.528571428 7.28908995153061 260000
1082103.08734694 4.97815949404762 260000
1182626.30326531 4.97815949404762 260000
1289985.05020408 3.9117709787415 260000
1404636.08938775 3.9117709787415 260000
1527075.90040816 3.36394712244898 260000
1657840.68122449 3.36394712244898 260000
1797490.46081633 3.07243913010204 260000
1946628.95836735 3.07243913010204 260000
2105903.58326531 2.91433520408163 260000
2276001.46326531 2.91433520408163 260000
2457661.36 2.83278843112245 260000
2651661.75346939 2.83278843112245 260000
2858844.67306122 2.81202730952381 260000
3080107.75387755 2.81202730952381 260000
3316408.20857143 2.84510939965986 260000
3568766.79918367 2.84510939965986 260000
3838275.78081633 2.91098396683673 260000
4126094.92979592 2.91098396683673 260000
4433475.37469388 2.98562967346939 260000
4761743.70897959 2.98562967346939 260000
5112321.85020408 3.06177309353741 260000
5486719.09632653 3.06177309353741 260000
5886559.92857143 3.14993131972789 260000
6313576.0677551 3.14993131972789 260000
6769606.47428571 3.2667695170068 260000
7256625.15102041 3.2667695170068 260000
7776741.14326531 3.4189322372449 260000
8332202.51061224 3.4189322372449 260000
8925408.24244898 3.59157474064626 260000
9558928.11714286 3.59157474064626 260000
10235498.7302041 3.75648043707483 260000
10958043.3534694 3.75648043707483 260000
11729691.7942857 3.87555279251701 260000
12553772.4518367 3.87555279251701 260000
13433859.9791837 3.82936364115646 260000
14373751.4522449 3.82936364115646 260000
15377510.06 3.82936364115646 260000
16449484.9636735 3.82936364115646 260000
0 9575235.97157934 270000
27170.496122449 9575235.97157934 270000
56183.5339795918 9575235.97157934 270000
87175.0060204082 9575235.97157934 270000
120268.814183673 12696918.4766059 270000
155612.841428571 12696918.4766059 270000
193358.96755102 12882784.9969709 270000
233675.059693878 12882784.9969709 270000
276728.985 242489.927935059 270000
322708.594795918 242489.927935059 270000
371813.730918367 3975.60358117453 270000
424256.225714286 3975.60358117453 270000
480267.895714286 242.047366829932 270000
540080.55744898 242.047366829932 270000
603965.995816326 40.7647620465561 270000
672188.002040816 40.7647620465561 270000
745050.335714286 13.4890491970663 270000
822868.746938776 13.4890491970663 270000
905970.976326531 7.10522662372449 270000
994724.732857143 7.10522662372449 270000
1089513.71285714 4.9454026662415 270000
1190745.59367347 4.9454026662415 270000
1298856.0305102 3.96845086713435 270000
1414316.65010204 3.96845086713435 270000
1537627.05704082 3.44447389795918 270000
1669318.83061225 3.44447389795918 270000
1809963.51846939 3.14621828337585 270000
1960168.63979592 3.14621828337585 270000
2120585.67897959 2.98467946534864 270000
2291902.09193878 2.98467946534864 270000
2474869.28397959 2.90295248086735 270000
2670270.63510204 2.90295248086735 270000
2878957.47153061 2.86353367857143 270000
3101829.08153061 2.86353367857143 270000
3339848.7027551 2.85436593431122 270000
3594051.51591837 2.85436593431122 270000
3865532.65428571 2.88088661139456 270000
4155467.18785714 2.88088661139456 270000
4465110.12336735 2.95341254464286 270000
4795804.39795918 2.95341254464286 270000
5148976.88234694 3.07247664562075 270000
5526158.365 3.07247664562075 270000
5928975.55846939 3.22128387329932 270000
6359179.0772449 3.22128387329932 270000
6818623.45357143 3.36980799170918 270000
7309299.11214286 3.36980799170918 270000
7833332.37010204 3.48625749532313 270000
8392985.43704082 3.48625749532313 270000
8990680.39602041 3.55812561585884 270000
9629007.1972449 3.55812561585884 270000
10310723.6580612 3.57861773086735 270000
11038783.4408163 3.57861773086735 270000
11816332.0560204 3.54206332823129 270000
12646738.8370408 3.54206332823129 270000
13533592.9432653 3.70062117219388 270000
14480731.3379592 3.70062117219388 270000
15492254.7756122 3.70062117219388 270000
16572535.7956122 3.70062117219388 270000
0 11051386.1649583 280000
27718.6735714286 11051386.1649583 280000
57307.5028571429 11051386.1649583 280000
88881.8278571429 11051386.1649583 280000
122581.704285714 10783942.1070209 280000
158551.307142857 10783942.1070209 280000
196943.05 10114219.9378664 280000
237913.465714286 10114219.9378664 280000
281643.802857143 104143.976656969 280000
328319.429285714 104143.976656969 280000
378129.832142857 2862.12915429613 280000
431297.452857143 2862.12915429613 280000
488040.613571429 214.476944116071 280000
548602.352142857 214.476944116071 280000
613242.183571429 39.2015429375 280000
682227.861428571 39.2015429375 280000
755855.974285714 14.2464123333333 280000
834439.587857143 14.2464123333333 280000
918312.364285714 7.80909298363095 280000
1007828.56214286 7.80909298363095 280000
1103371.275 5.31245398511905 280000
1205340.07357143 5.31245398511905 280000
1314171.60214286 4.05716173660714 280000
1430327.22071429 4.05716173660714 280000
1554297.12428571 3.38074069494048 280000
1686612.70071429 3.38074069494048 280000
1827830.05357143 3.03125362946429 280000
1978550.59857143 3.03125362946429 280000
2139416.94428571 2.86260320684524 280000
2311104.65357143 2.86260320684524 280000
2494346.95928571 2.79615397916667 280000
2689918.28714286 2.79615397916667 280000
2898654.85214286 2.79587936011905 280000
3121434.06214286 2.79587936011905 280000
3359203.35285714 2.84124299404762 280000
3612976.06857143 2.84124299404762 280000
3883827.34285714 2.9173124702381 280000
4172902.33714286 2.9173124702381 280000
4481432.71785714 3.01300004464286 280000
4810724.29857143 3.01300004464286 280000
5162173.51714286 3.11678888095238 280000
5537271.555 3.11678888095238 280000
5937616.695 3.21538570089286 280000
6364897.84428571 3.21538570089286 280000
6820931.60785714 3.30050902380952 280000
7307658.16928571 3.30050902380952 280000
7827133.05214286 3.36773061755952 280000
8381568.31285714 3.36773061755952 280000
8973311.94428571 3.4082283452381 280000
9604876.71071429 3.4082283452381 280000
10278944.2671429 3.42476556101191 280000
10998369.2785714 3.42476556101191 280000
11766204.1357143 3.44282176339286 280000
12585711.3128571 3.44282176339286 280000
13460367.4871429 3.4918498452381 280000
14393884.135 3.4918498452381 280000
15390215.7707143 3.4918498452381 280000
16453597.02 3.4918498452381 280000
0 10608364.0174602 290000
27857.4254081633 10608364.0174602 290000
57598.3903061224 10608364.0174602 290000
89346.5406122449 10608364.0174602 290000
123242.008367347 14470518.8325038 290000
159429.047142857 14470518.8325038 290000
198064.275102041 11958753.69453 290000
239308.431938775 11958753.69453 290000
283338.743469388 349001.127992911 290000
330344.800102041 349001.127992911 290000
380532.678367347 5771.02501925128 290000
434108.454795918 5771.02501925128 290000
491307.056632653 324.304439394133 290000
552371.654183673 324.304439394133 290000
617561.903877551 50.0488796454082 290000
687162.191326531 50.0488796454082 290000
761461.023673469 15.8015533873299 290000
840788.123367347 15.8015533873299 290000
925473.212857143 7.91390548596939 290000
1015878.98683673 7.91390548596939 290000
1112401.1122449 5.21209619876701 290000
1215443.49908163 5.21209619876701 290000
1325451.27265306 3.99998839179422 290000
1442894.28744898 3.99998839179422 290000
1568275.37020408 3.37076805165816 290000
1702134.44142857 3.37076805165816 290000
1845036.15081633 3.04598285289116 290000
1997598.72795918 3.04598285289116 290000
2160469.25316327 2.89969427572279 290000
2334352.50816326 2.89969427572279 290000
2519986.24693878 2.85514739902211 290000
2718165.92489796 2.85514739902211 290000
2929744.69887755 2.86282374978741 290000
3155621.06255102 2.86282374978741 290000
3396763.57561224 2.89354632589286 290000
3654206.7422449 2.89354632589286 290000
3929046.88959184 2.9398019204932 290000
4222466.89693877 2.9398019204932 290000
4535715.58806122 3.00929264392007 290000
4870140.70346939 3.00929264392007 290000
5227164.17122449 3.1104933934949 290000
5608323.3222449 3.1104933934949 290000
6015242.03959184 3.24670139370748 290000
6449667.8522449 3.24670139370748 290000
6913451.32744898 3.41755601062925 290000
7408583.16448979 3.41755601062925 290000
7937181.83010204 3.61824020535714 290000
8501505.92306122 3.61824020535714 290000
9103974.78183673 3.83869057397959 290000
9747164.36306123 3.83869057397959 290000
10433823.7276531 4.08220434098639 290000
11166895.6484694 4.08220434098639 290000
11949516.6103061 4.36221082695578 290000
12785033.2960204 4.36221082695578 290000
13677019.0726531 4.77103231760204 290000
14629298.7206122 4.77103231760204 290000
15645940.1906122 4.77103231760204 290000
16731291.697449 4.77103231760204 290000
0 9202027.68449759 300000
28596.9771428571 9202027.68449759 300000
59105.8371428571 9202027.68449759 300000
91654.8942857143 9202027.68449759 300000
126376.74 16886920.2827979 300000
163425.351428571 16886920.2827979 300000
202946.151428571 11539705.8908029 300000
245110.225714286 11539705.8908029 300000
290097.214285714 618041.725739875 300000
338086.757142857 618041.725739875 300000
389288.434285714 9946.4794255 300000
443911.825714286 9946.4794255 300000
502187.897142857 534.577915857143 300000
564360.445714286 534.577915857143 300000
630690.377142857 68.2494864107143 300000
701455.705714286 68.2494864107143 300000
776951.554285714 17.3638188392857 300000
857494.431428571 17.3638188392857 300000
943422.231428571 7.792820625 300000
1035094.23428571 7.792820625 300000
1132895.38285714 5.05741846428571 300000
1237236.28285714 5.05741846428571 300000
1348553.20285714 3.94654644642857 300000
1467312.35142857 3.94654644642857 300000
1594009.87714286 3.404240375 300000
1729180.42285714 3.404240375 300000
1873388.57142857 3.13419226785714 300000
2027237.4 3.13419226785714 300000
2191377.03428571 2.99485542857143 300000
2366483.26285714 2.99485542857143 300000
2553300.30857143 2.91440058928571 300000
2752610.88857143 2.91440058928571 300000
2965244.76857143 2.87607560714286 300000
3192091.59428571 2.87607560714286 300000
3434109.44571429 2.88264280357143 300000
3692307.72857143 2.88264280357143 300000
3967768.56 2.92853298214286 300000
4261642.49142857 2.92853298214286 300000
4575169.89428571 2.99727914285714 300000
4909659.57428571 2.99727914285714 300000
5266510.15714286 3.075648875 300000
5647218.64285714 3.075648875 300000
6053384.68285714 3.16068382142857 300000
6486702.02571429 3.16068382142857 300000
6948992.73428571 3.25758783928571 300000
7442194.35428571 3.25758783928571 300000
7968368.46857143 3.374425125 300000
8529722.08285714 3.374425125 300000
9128603.34857143 3.52087271428571 300000
9767531.50285714 3.52087271428571 300000
10449175.4828571 3.70530667857143 300000
11176392.42 3.70530667857143 300000
11952231.9171429 3.94002380357143 300000
12779940.3257143 3.94002380357143 300000
13662990.6857143 4.31721433928571 300000
14605082.7257143 4.31721433928571 300000
15610159.9714286 4.31721433928571 300000
16682435.4085714 4.31721433928571 300000
0 2541527.4652085 30000
20032.08 2541527.4652085 30000
41518.68 2541527.4652085 30000
64564.68 2541527.4652085 30000
89283.24 600.412976 30000
115795.8 600.412976 30000
144232.08 113.21658575 30000
174732.84 113.21658575 30000
207447.12 52.8122895 30000
242535 52.8122895 30000
280170.36 26.68867675 30000
320538.12 26.68867675 30000
363834.24 14.230997 30000
410274 14.230997 30000
460083.72 8.8542295 30000
513509.04 8.8542295 30000
570812.16 6.4088465 30000
632274.6 6.4088465 30000
698197.2 5.03701725 30000
768905.64 5.03701725 30000
844744.92 4.1976265 30000
926087.64 4.1976265 30000
1013336.76 3.645638 30000
1106917.32 3.645638 30000
1207290.24 3.2767065 30000
1314949.56 3.2767065 30000
1430419.68 3.02626525 30000
1554271.92 3.02626525 30000
1687113.48 2.8376365 30000
1829598.48 2.8376365 30000
1982422.44 2.69197175 30000
2146341.6 2.69197175 30000
2322156.36 2.59496925 30000
2510730.6 2.59496925 30000
2712994.44 2.55497225 30000
2929935.96 2.55497225 30000
3162623.28 2.57428075 30000
3412201.8 2.57428075 30000
3679891.44 2.64234925 30000
3967011.48 2.64234925 30000
4274972.28 2.7328715 30000
4605283.56 2.7328715 30000
4959570.96 2.82232425 30000
5339570.52 2.82232425 30000
5747150.76 2.9086605 30000
6184312.68 2.9086605 30000
6653206.32 3.00288575 30000
7156130.76 3.00288575 30000
7695558.96 3.10546575 30000
8274137.76 3.10546575 30000
8894709.96 3.21190975 30000
9560325.36 3.21190975 30000
10274251.8 3.355654 30000
11039991.72 3.355654 30000
11861312.52 3.71399975 30000
12742243.8 3.71399975 30000
13687113.24 3.71399975 30000
14700563.16 3.71399975 30000
0 10099650.6501117 40000
20113.3829591837 10099650.6501117 40000
41686.6306122449 10099650.6501117 40000
64819.6576530612 10099650.6501117 40000
89631.806632653 200379.556059555 40000
116242.420102041 200379.556059555 40000
144779.166836735 1023.09319510077 40000
175386.368061224 1023.09319510077 40000
208211.120408163 88.2149896758078 40000
243414.39755102 88.2149896758078 40000
281168.274795918 27.0438199910714 40000
321658.704489796 27.0438199910714 40000
365082.740612245 14.4316425346514 40000
411656.865 14.4316425346514 40000
461603.110306122 9.31701629357993 40000
515171.263265306 9.31701629357993 40000
572619.436836735 6.58421064562075 40000
634230.722653061 6.58421064562075 40000
700310.415612245 4.9721148139881 40000
771174.912244898 4.9721148139881 40000
847179.464795918 4.03639751594388 40000
928690.427142857 4.03639751594388 40000
1016107.45806122 3.54743420068027 40000
1109860.74581633 3.54743420068027 40000
1210408.2327551 3.26212802359694 40000
1318241.16612245 3.26212802359694 40000
1433889.64887755 3.02894748107993 40000
1557919.86428571 3.02894748107993 40000
1690939.62673469 2.82538863860544 40000
1833598.38173469 2.82538863860544 40000
1986598.30755102 2.67596760161565 40000
2150683.21357143 2.67596760161565 40000
2326660.74357143 2.58961193303571 40000
2515391.27408163 2.58961193303571 40000
2717801.79142857 2.55578664604592 40000
2934877.5655102 2.55578664604592 40000
3167687.12846939 2.5676977727466 40000
3417371.17306122 2.5676977727466 40000
3685148.10346939 2.62205529804422 40000
3972330.6877551 2.62205529804422 40000
4280326.05785714 2.71192648363095 40000
4610641.26040816 2.71192648363095 40000
4964897.13377551 2.83354718218537 40000
5344825.53265306 2.83354718218537 40000
5752288.75591837 2.98203730102041 40000
6189282.32204081 2.98203730102041 40000
6657943.29530612 3.12756698448129 40000
7160569.71367347 3.12756698448129 40000
7699623.36418367 3.24281002636054 40000
8277743.66 3.24281002636054 40000
8897758.74204082 3.3682526932398 40000
9562710.45765306 3.3682526932398 40000
10275848.8097959 3.59149958737245 40000
11040673.5881633 3.59149958737245 40000
11860923.267551 4.1223484375 40000
12740619.4143878 4.1223484375 40000
13684069.4621429 4.1223484375 40000
14695891.69 4.1223484375 40000
0 5079823.55725186 50000
20261.3424489796 5079823.55725186 50000
41988.7085714286 5079823.55725186 50000
65288.4130612245 5079823.55725186 50000
90277.9616326531 320245.991649704 50000
117074.86 320245.991649704 50000
145813.400408163 843.815301355867 50000
176633.470612245 843.815301355867 50000
209683.351632653 95.0833041947279 50000
245128.111020408 95.0833041947279 50000
283141.209591837 38.7552613988095 50000
323904.501428571 38.7552613988095 50000
367619.424897959 18.6013935463435 50000
414501.407142857 18.6013935463435 50000
464779.864081633 9.8775210170068 50000
518698.200408163 9.8775210170068 50000
576519.405102041 6.42680484608843 50000
638528.849183673 6.42680484608843 50000
705028.690204081 4.9884556335034 50000
776346.265510204 4.9884556335034 50000
852825.698979592 4.19456930867347 50000
934844.68755102 4.19456930867347 50000
1022803.31020408 3.64952581420068 50000
1117129.62346939 3.64952581420068 50000
1218288.05469388 3.26374452891156 50000
1326773.80653061 3.26374452891156 50000
1443112.85693878 2.98249436862245 50000
1567878.74571429 2.98249436862245 50000
1701678.58571429 2.78592292942177 50000
1845167.05163265 2.78592292942177 50000
1999049.1777551 2.66149859991497 50000
2164071.96469388 2.66149859991497 50000
2341046.76142857 2.58396581164966 50000
2530835.27653061 2.58396581164966 50000
2734369.16244898 2.54407448681973 50000
2952644.42 2.54407448681973 50000
3186724.19612245 2.54733270578231 50000
3437752.77265306 2.54733270578231 50000
3706963.95959184 2.60121863477891 50000
3995667.10632653 2.60121863477891 50000
4305277.87693878 2.71206802338435 50000
4637309.85693877 2.71206802338435 50000
4993388.54204082 2.87752609438775 50000
5375251.33816327 2.87752609438775 50000
5784767.14571428 3.08337675467687 50000
6223936.35959184 3.08337675467687 50000
6694910.45346939 3.31032715136054 50000
7199991.97979592 3.31032715136054 50000
7741648.55857143 3.52039775892857 50000
8322529.66387755 3.52039775892857 50000
8945475.01714286 3.64228079421769 50000
9613534.17142857 3.64228079421769 50000
10329969.3091837 3.62561083673469 50000
11098286.017551 3.62561083673469 50000
11922244.4793878 3.43567240858843 50000
12805867.8665306 3.43567240858843 50000
13753478.7106122 3.43567240858843 50000
14769715.6895918 3.43567240858843 50000
0 6330783.36622115 60000
20902.7026530612 6330783.36622115 60000
43308.8210204082 6330783.36622115 60000
67331.5466326531 6330783.36622115 60000
93081.1686734694 987.684910361607 60000
120685.390408163 987.684910361607 60000
150280.622142857 189.88110238648 60000
182006.176530612 189.88110238648 60000
216015.877959184 122.08417046875 60000
252472.257857143 122.08417046875 60000
291558.164081633 50.0713921792092 60000
333456.444489796 50.0713921792092 60000
378373.165714286 18.7079055720663 60000
426526.00377551 18.7079055720663 60000
478144.244081633 9.61999218558674 60000
533480.390816326 9.61999218558674 60000
592804.362244898 6.7296778934949 60000
656397.686020408 6.7296778934949 60000
724570.913265306 5.34103790752551 60000
797654.911530612 5.34103790752551 60000
876000.864795918 4.45758768558673 60000
959991.882857143 4.45758768558673 60000
1050028.48959184 3.81664669005102 60000
1146551.84173469 3.81664669005102 60000
1250026.31479592 3.33376871811224 60000
1360951.11244898 3.33376871811224 60000
1479866.07122449 2.98473126594388 60000
1607342.95346939 2.98473126594388 60000
1744002.86142857 2.74571694897959 60000
1890504.62785714 2.74571694897959 60000
2047556.42540816 2.60748058290816 60000
2215915.76663265 2.60748058290816 60000
2396404.01571429 2.55373879209184 60000
2589888.97438775 2.55373879209184 60000
2797308.10071429 2.55733044642857 60000
3019665.60673469 2.55733044642857 60000
3258035.36081633 2.5969595752551 60000
3513572.49704082 2.5969595752551 60000
3787513.41520408 2.66402797576531 60000
4081181.5855102 2.66402797576531 60000
4396002.06030612 2.76107520153061 60000
4733492.76704082 2.76107520153061 60000
5095287.72704082 2.8975762059949 60000
5483139.95785714 2.8975762059949 60000
5898924.37561224 3.08955436288265 60000
6344652.30673469 3.08955436288265 60000
6822480.195 3.34562601466837 60000
7334721.21091837 3.34562601466837 60000
7883851.05642857 3.64090958290816 60000
8472528.28132653 3.64090958290816 60000
9103600.08795918 3.9070064247449 60000
9780119.74530612 3.9070064247449 60000
10505361.1007143 4.05327866390306 60000
11282833.0916327 4.05327866390306 60000
12116297.1596939 4.08118352040816 60000
13009784.6647959 4.08118352040816 60000
13967617.2015306 4.08118352040816 60000
14994432.7203061 4.08118352040816 60000
0 8214891.0723676 70000
21320.9254081633 8214891.0723676 70000
44162.4314285714 8214891.0723676 70000
68640.797755102 8214891.0723676 70000
94869.3225510204 3025940.7607529 70000
122973.230102041 3025940.7607529 70000
153086.689285714 3971.25805347683 70000
185352.813571429 3971.25805347683 70000
219923.661020408 161.192048581845 70000
256969.178877551 161.192048581845 70000
296665.27744898 39.264000247449 70000
339196.811632653 39.264000247449 70000
384772.488571429 18.4503450038265 70000
433603.996938776 18.4503450038265 70000
485929.859183674 10.640337372449 70000
541997.542346939 10.640337372449 70000
602072.402653061 7.11555945960884 70000
666443.648571428 7.11555945960884 70000
735418.377755102 5.32971579570578 70000
809324.558571429 5.32971579570578 70000
888514.011632653 4.31755447959184 70000
973368.372857143 4.31755447959184 70000
1064290.14887755 3.6918492230017 70000
1161711.66163265 3.6918492230017 70000
1266101.01142857 3.28200057121599 70000
1377953.13234694 3.28200057121599 70000
1497804.69989796 3.0142653337585 70000
1626225.18642857 3.0142653337585 70000
1763828.7872449 2.84016258056973 70000
1911274.42061224 2.84016258056973 70000
2069259.76469388 2.72414998214286 70000
2238545.10979592 2.72414998214286 70000
2419932.48765306 2.64779174085884 70000
2614289.52367347 2.64779174085884 70000
2822546.45540816 2.60582048596939 70000
3045696.13255102 2.60582048596939 70000
3284799.98 2.60461545068027 70000
3540999.92397959 2.60461545068027 70000
3815521.37357143 2.65151865412415 70000
4109673.22071429 2.65151865412415 70000
4424859.76632653 2.73997072895408 70000
4762580.72030612 2.73997072895408 70000
5124452.0722449 2.86179110055272 70000
5512200.12836735 2.86179110055272 70000
5927673.43765306 3.02784372108844 70000
6372854.71795918 3.02784372108844 70000
6849869.80061224 3.2466135297619 70000
7360993.59346939 3.2466135297619 70000
7908667.97010204 3.46515972363946 70000
8495501.76979592 3.46515972363946 70000
9124300.61285714 3.56351296471088 70000
9798057.95602041 3.56351296471088 70000
10519996.8338776 3.45729593664966 70000
11293554.9512245 3.45729593664966 70000
12122429.4060204 3.14036544409014 70000
13010570.7263265 3.14036544409014 70000
13962221.6302041 3.14036544409014 70000
14981920.0072449 3.14036544409014 70000
0 6553708.08468954 80000
21302.5651020408 6553708.08468954 80000
44130.991122449 6553708.08468954 80000
68595.3304081633 6553708.08468954 80000
94811.5840816327 13835.0596379828 80000
122904.676428571 13835.0596379828 80000
153008.454897959 2517.96945366879 80000
185271.638877551 2517.96945366879 80000
219842.947755102 336.171581279124 80000
256891.921632653 336.171581279124 80000
296594.049387755 50.6433635391156 80000
339139.691836735 50.6433635391156 80000
384731.107346939 18.327632042517 80000
433588.400612245 18.327632042517 80000
485946.548265306 10.7428503173895 80000
542052.424489796 10.7428503173895 80000
602179.672959184 7.26514038435374 80000
666610.860510204 7.26514038435374 80000
735658.297857143 5.33766275935374 80000
809649.167653061 5.33766275935374 80000
888940.396428572 4.29706700659014 80000
973909.731428571 4.29706700659014 80000
1064964.66377551 3.71249446981293 80000
1162542.42846939 3.71249446981293 80000
1267107.03 3.32970315901361 80000
1379161.13989796 3.32970315901361 80000
1499240.14795918 3.03697383078231 80000
1627921.08540816 3.03697383078231 80000
1765816.67612245 2.81956467580782 80000
1913590.20857143 2.81956467580782 80000
2071946.61265306 2.68371571173469 80000
2241644.3572449 2.68371571173469 80000
2423498.42459184 2.61513748405612 80000
2618374.36153061 2.61513748405612 80000
2827209.10020408 2.58662054145408 80000
3050999.0605102 2.58662054145408 80000
3290817.99642857 2.5871162727466 80000
3547814.02163265 2.5871162727466 80000
3823215.55826531 2.62488480059524 80000
4118340.26010204 2.62488480059524 80000
4434603.93571429 2.71394292729592 80000
4773517.57408163 2.71394292729592 80000
5136705.19091837 2.86513477487245 80000
5525903.82867347 2.86513477487245 80000
5942978.42846939 3.07783448256803 80000
6389924.8044898 3.07783448256803 80000
6868881.54153061 3.32244689221939 80000
7382141.89255102 3.32244689221939 80000
7932162.70183673 3.53100104698129 80000
8521576.30255102 3.53100104698129 80000
9153205.38867347 3.65296333822279 80000
9830068.96377551 3.65296333822279 80000
10555415.0592857 3.72359885076531 80000
11332708.8369388 3.72359885076531 80000
12165671.2558163 3.79021274319728 80000
13058293.9442857 3.79021274319728 80000
14014848.1231633 3.79021274319728 80000
15039908.4008163 3.79021274319728 80000
0 6721776.47528577 90000
21738.6352040816 6721776.47528577 90000
45028.9413265306 6721776.47528577 90000
69980.6632653061 6721776.47528577 90000
96709.6428571428 60650.4076803784 90000
125343.915816327 60650.4076803784 90000
156023.711734694 1146.60411314838 90000
188889.260204082 1146.60411314838 90000
224099.081632653 160.453734747024 90000
261817.793367347 160.453734747024 90000
302228.303571429 55.6304826477466 90000
345522.665816326 55.6304826477466 90000
391899.030612245 27.0202671928146 90000
441586.033163265 27.0202671928146 90000
494818.405612245 14.1248923788265 90000
551843.073979592 14.1248923788265 90000
612934.400510204 8.14347789115646 90000
678385.038265306 8.14347789115646 90000
748502.882653061 5.45886237776361 90000
823617.168367347 5.45886237776361 90000
904090.663265306 4.24992198129252 90000
990304.426020408 4.24992198129252 90000
1082663.90306122 3.6290948394983 90000
1181611.12244898 3.6290948394983 90000
1287615.54846939 3.22308317389456 90000
1401177.13010204 3.22308317389456 90000
1522838.49489796 2.93539657738095 90000
1653172.75510204 2.93539657738095 90000
1792804.84693877 2.74867147640306 90000
1942393.23979592 2.74867147640306 90000
2102651.2755102 2.6480275297619 90000
2274334.9744898 2.6480275297619 90000
2458261.32653061 2.61504055059524 90000
2655305.24234694 2.61504055059524 90000
2866402.60204082 2.62694863414116 90000
3092550.25510204 2.62694863414116 90000
3334827.35969388 2.66398753720238 90000
3594380.14030612 2.66398753720238 90000
3872443.22704082 2.72200372023809 90000
4170336.60714286 2.72200372023809 90000
4489471.72193877 2.81392777423469 90000
4831366.70918367 2.81392777423469 90000
5197643.35459184 2.95163602784864 90000
5590039.28571428 2.95163602784864 90000
6010417.11734694 3.12571633184524 90000
6460773.59693877 3.12571633184524 90000
6943245.70153061 3.30962159863946 90000
7460125.88010204 3.30962159863946 90000
8013865.10204081 3.47701432291667 90000
8607091.14795918 3.47701432291667 90000
9242623.85204082 3.6104928252551 90000
9923475.10204081 3.6104928252551 90000
10652882.372449 3.70966334502551 90000
11434305.6760204 3.70966334502551 90000
12271451.9515306 3.7692736235119 90000
13168296.4030612 3.7692736235119 90000
14129100.7908163 3.7692736235119 90000
15158419.5280612 3.7692736235119 90000
0 2821014.18250367 hpsmc
8278.79183673469 2821014.18250367 hpsmc
17175.9673469388 2821014.18250367 hpsmc
26735.9346938775 2821014.18250367 hpsmc
37008.6530612245 3612.60805523809 hpsmc
48047.4122448979 3612.60805523809 hpsmc
59909.9428571428 91.2288023129252 hpsmc
72656.1959183673 91.2288023129252 hpsmc
86353.893877551 21.0972243537415 hpsmc
101072.979591837 21.0972243537415 hpsmc
116888.946938776 7.1237725170068 hpsmc
133885.06122449 7.1237725170068 hpsmc
152149.028571429 4.07203891156463 hpsmc
171774.106122449 4.07203891156463 hpsmc
192863.542857143 3.15623619047619 hpsmc
215525.028571429 3.15623619047619 hpsmc
239876.244897959 2.70964040816327 hpsmc
266043.755102041 2.70964040816327 hpsmc
294163.004081633 2.32234108843537 hpsmc
324378.318367347 2.32234108843537 hpsmc
356847.346938776 1.95295306122449 hpsmc
391738.840816327 1.95295306122449 hpsmc
429230.432653061 1.63821020408163 hpsmc
469518.628571429 1.63821020408163 hpsmc
512812.146938775 1.39657428571429 hpsmc
559333.028571428 1.39657428571429 hpsmc
609323.297959184 1.22616258503401 hpsmc
663041.632653061 1.22616258503401 hpsmc
720765.583673469 1.11667333333333 hpsmc
782794.906122449 1.11667333333333 hpsmc
849449.33877551 1.05706925170068 hpsmc
921075.265306122 1.05706925170068 hpsmc
998042.383673469 1.03951646258503 hpsmc
1080748.14693878 1.03951646258503 hpsmc
1169622.20408163 1.06056639455782 hpsmc
1265124.17959184 1.06056639455782 hpsmc
1367748.11428571 1.12054285714286 hpsmc
1478024.68571429 1.12054285714286 hpsmc
1596524.53877551 1.22351659863946 hpsmc
1723861.61632653 1.22351659863946 hpsmc
1860695.37959184 1.37896367346939 hpsmc
2007733.02857143 1.37896367346939 hpsmc
2165735.05306122 1.60446231292517 hpsmc
2335519.67346939 1.60446231292517 hpsmc
2517966.17142857 1.9283874829932 hpsmc
2714018.22040816 1.9283874829932 hpsmc
2924691.65714286 2.39132176870748 hpsmc
3151074.48163265 2.39132176870748 hpsmc
3394339.06938776 3.04033088435374 hpsmc
3655745.50204082 3.04033088435374 hpsmc
3936646.00816326 3.90125945578231 hpsmc
4238492.73469388 3.90125945578231 hpsmc
4562851.06938775 4.92588068027211 hpsmc
4911396.31020408 4.92588068027211 hpsmc
5285934.75918367 6.12368217687075 hpsmc
5688403.72244898 6.12368217687075 hpsmc
6120884.83265306 6.12368217687075 hpsmc
6585618.48163265 6.12368217687075 hpsmc
