0 4339469.18215394 100000
12264.2644897959 4339469.18215394 100000
25376.052244898 4339469.18215394 100000
39393.8742857143 4339469.18215394 100000
54383.333877551 7763154.37118722 100000
70408.2612244898 7763154.37118722 100000
87541.3518367347 1450900.60879561 100000
105858.847346939 1450900.60879561 100000
125445.854693878 12963.3184566122 100000
146385.707755102 12963.3184566122 100000
168774.151836735 510.843894612245 100000
192710.478367347 510.843894612245 100000
218302.844081633 52.0379802040816 100000
245666.497959184 52.0379802040816 100000
274922.008163265 12.1459237346939 100000
306200.58122449 12.1459237346939 100000
339642.288979592 5.25035934693877 100000
375397.841632653 5.25035934693877 100000
413626.814693877 3.24111159183673 100000
454499.422040816 3.24111159183673 100000
498200.062040816 2.37773420408163 100000
544921.998367347 2.37773420408163 100000
594876.225306122 1.89997916326531 100000
648284.375510204 1.89997916326531 100000
705387.585306122 1.618502 100000
766439.402448979 1.618502 100000
831716.424489796 1.45858665306122 100000
901505.887346938 1.45858665306122 100000
976123.395918367 1.37428497959184 100000
1055902.28571429 1.37428497959184 100000
1141198.94204082 1.33222648979592 100000
1232394.57306122 1.33222648979592 100000
1329898.75591837 1.31328797959184 100000
1434145.89061224 1.31328797959184 100000
1545604.06530612 1.31397873469388 100000
1664771.51020408 1.31397873469388 100000
1792180.14367347 1.33497842857143 100000
1928402.6644898 1.33497842857143 100000
2074047.23265306 1.37646806122449 100000
2229764.56163265 1.37646806122449 100000
2396253.23755102 1.44114416326531 100000
2574256.17306122 1.44114416326531 100000
2764571.24571428 1.53605465306122 100000
2968051.29795918 1.53605465306122 100000
3185604.13714286 1.67385844897959 100000
3418203.17387755 1.67385844897959 100000
3666890.96816326 1.86014808163265 100000
3932781.00244898 1.86014808163265 100000
4217059.45469388 2.05790720408163 100000
4521002.92897959 2.05790720408163 100000
4845966.04408163 2.17751865306122 100000
5193408.02938775 2.17751865306122 100000
5564880.31346939 2.13889546938776 100000
5962046.0277551 2.13889546938776 100000
6386681.77959184 1.88090028571429 100000
6840690.06367347 1.88090028571429 100000
7326097.48897959 1.88090028571429 100000
7845081.37469388 1.88090028571429 100000
0 2957987.0765785 10000
9490.10612244898 2957987.0765785 10000
19676.7575510204 2957987.0765785 10000
30610.4473469388 2957987.0765785 10000
42344.2579591837 4479.23857921428 10000
54939.04 4479.23857921428 10000
68456.9387755102 95.6569223911565 10000
82966.5730612245 95.6569223911565 10000
98539.1510204081 24.7385062210884 10000
115252.354285714 24.7385062210884 10000
133191.632653061 12.330203255102 10000
152446.32 12.330203255102 10000
173112.223673469 6.50881992517007 10000
195292.919183673 6.50881992517007 10000
219099.750204082 3.94778866326531 10000
244650.533877551 3.94778866326531 10000
272076.034285714 2.86025120068027 10000
301510.899591837 2.86025120068027 10000
333102.724897959 2.35257745578231 10000
367012.052244898 2.35257745578231 10000
403405.897142857 2.0359573707483 10000
442468.106122449 2.0359573707483 10000
484394.177959184 1.79291365986395 10000
529392.558367347 1.79291365986395 10000
577691.113469388 1.6050562755102 10000
629528.066938775 1.6050562755102 10000
685166.241632653 1.45444291836735 10000
744882.702040816 1.45444291836735 10000
808976.52244898 1.3362751292517 10000
877768.786938776 1.3362751292517 10000
951603.884081633 1.2585611292517 10000
1030852.09632653 1.2585611292517 10000
1115908.30530612 1.22421128231293 10000
1207199.76 1.22421128231293 10000
1305183.48734694 1.22685461564626 10000
1410350.17632653 1.22685461564626 10000
1523226.76734694 1.25171813265306 10000
1644376.4522449 1.25171813265306 10000
1774406.44244898 1.28347859183673 10000
1913969.26367347 1.28347859183673 10000
2063762.75591837 1.32271860544218 10000
2224536.54693878 1.32271860544218 10000
2397095.93632653 1.38604262244898 10000
2582304.48489796 1.38604262244898 10000
2781089.19346939 1.48422896938776 10000
2994446.97632653 1.48422896938776 10000
3223443.36653061 1.61971868367347 10000
3469226.75755102 1.61971868367347 10000
3733027.10857143 1.79547607482993 10000
4016166.30204082 1.79547607482993 10000
4320059.43836735 1.97987285034014 10000
4646229.07755102 1.97987285034014 10000
4996309.12326531 2.09275397278912 10000
5372052.59102041 2.09275397278912 10000
5775338.08163265 2.13923618027211 10000
6208186.6122449 2.13923618027211 10000
6672765.50040816 2.13923618027211 10000
7171400.01632653 2.13923618027211 10000
0 4717902.18399145 110000
12715.2532653061 4717902.18399145 110000
26303.3944897959 4717902.18399145 110000
40823.7281632653 4717902.18399145 110000
56339.2653061225 8362047.91556965 110000
72920.43 8362047.91556965 110000
90639.4995918367 4764115.74466013 110000
109574.31122449 4764115.74466013 110000
129808.261836735 20775.631876148 110000
151428.454897959 20775.631876148 110000
174534.966734694 552.637745227041 110000
199224.167142857 552.637745227041 110000
225609.105306122 50.7372496875 110000
253804.683673469 50.7372496875 110000
283933.217755102 11.1571976785714 110000
316129.995918367 11.1571976785714 110000
350535.866326531 4.85261690433673 110000
387300.943469388 4.85261690433673 110000
426590.167959184 3.20528798341837 110000
468574.040204082 3.20528798341837 110000
513439.74 2.49246037117347 110000
561381.860204082 2.49246037117347 110000
612615.379591837 2.0182213622449 110000
667362.69 2.0182213622449 110000
725866.569183673 1.70037864030612 110000
788384.621020408 1.70037864030612 110000
855191.12877551 1.51307529336735 110000
926582.614897959 1.51307529336735 110000
1002872.28122449 1.41138122066327 110000
1084395.56877551 1.41138122066327 110000
1171512.01102041 1.35874848596939 110000
1264607.08714286 1.35874848596939 110000
1364088.5155102 1.33705369897959 110000
1470395.52 1.33705369897959 110000
1583996.97673469 1.34280268239796 110000
1705391.41408163 1.34280268239796 110000
1835116.27897959 1.37925409438776 110000
1973740.52387755 1.37925409438776 110000
2121875.72632653 1.44601797704082 110000
2280176.08897959 1.44601797704082 110000
2449336.58632653 1.53159636352041 110000
2630104.08428571 1.53159636352041 110000
2823273.63367347 1.60989296173469 110000
3029697.73653061 1.60989296173469 110000
3250284.49285714 1.65297365816327 110000
3486005.01367347 1.65297365816327 110000
3737898.98081633 1.64844474107143 110000
4007076.50020408 1.64844474107143 110000
4294721.80836735 1.5940629872449 110000
4602102.53877551 1.5940629872449 110000
4930573.42836735 1.50002521683673 110000
5281581.87734694 1.50002521683673 110000
5656671.65571429 1.39028874489796 110000
6057497.72938775 1.39028874489796 110000
6485826.26020408 1.26088449489796 110000
6943540.16571429 1.26088449489796 110000
7432661.35836735 1.26088449489796 110000
7955339.62591837 1.26088449489796 110000
0 4718937.34684419 120000
13040.1816326531 4718937.34684419 120000
26960.2571428571 4718937.34684419 120000
41821.9734693877 4718937.34684419 120000
57689.0071428571 11615475.3174318 120000
74626.9642857143 11615475.3174318 120000
92709.1693877551 4427278.44777278 120000
112014.735714286 4427278.44777278 120000
132624.706122449 35013.2469013138 120000
154625.912244898 35013.2469013138 120000
178114.833673469 662.967109053997 120000
203191.809183673 662.967109053997 120000
229962.966326531 50.0139551126701 120000
258544.080612245 50.0139551126701 120000
289054.786734694 11.9881963031463 120000
321628.226530612 11.9881963031463 120000
356403.330612245 5.46987427933673 120000
393528.67755102 5.46987427933673 120000
433160.564285714 3.44950720663265 120000
475472.654081632 3.44950720663265 120000
520644.398979592 2.55621070578231 120000
568868.758163265 2.55621070578231 120000
620352.197959183 2.03197678358843 120000
675312.762244898 2.03197678358843 120000
733989.720408163 1.70150604166667 120000
796630.060204081 1.70150604166667 120000
863505.854081633 1.50568061011905 120000
934898.822448979 1.50568061011905 120000
1011117.7 1.40289366496599 120000
1092486.65816327 1.40289366496599 120000
1179353.02346939 1.35941754889456 120000
1272091.13673469 1.35941754889456 120000
1371096.56428571 1.35033238732993 120000
1476791.88673469 1.35033238732993 120000
1589630.55816326 1.3647681462585 120000
1710094.97653061 1.3647681462585 120000
1838698.41326531 1.39476927933673 120000
1975994.66122449 1.39476927933673 120000
2122568.38673469 1.42219762329932 120000
2279046.70714286 1.42219762329932 120000
2446099.19081633 1.43774691751701 120000
2624441.71632653 1.43774691751701 120000
2814836.47244898 1.45827295068027 120000
3018095.81734694 1.45827295068027 120000
3235091.92653061 1.50144354804422 120000
3466752.93367347 1.50144354804422 120000
3714068.71938775 1.55679871386054 120000
3978098.62959184 1.55679871386054 120000
4259969.54591837 1.59499257227891 120000
4560889.39285714 1.59499257227891 120000
4882145.20816326 1.60683544217687 120000
5225108.93163265 1.60683544217687 120000
5591250.9122449 1.60608772534014 120000
5982136.04897959 1.60608772534014 120000
6399437.29795918 1.56053729804422 120000
6844937.60204081 1.56053729804422 120000
7320543.39795918 1.56053729804422 120000
7828290.40510204 1.56053729804422 120000
0 5772394.97009246 130000
13180.1302040816 5772394.97009246 130000
27261.7133673469 5772394.97009246 130000
42302.6586734694 5772394.97009246 130000
58372.4571428571 6889143.45460318 130000
75538.6694897959 6889143.45460318 130000
93878.5079591837 7243484.83671924 130000
113469.184795918 7243484.83671924 130000
134397.56377551 250004.24421011 130000
156756.299591837 250004.24421011 130000
180639.977244898 3319.63839640859 130000
206154.763571429 3319.63839640859 130000
233412.616326531 154.447878671769 130000
262531.284183673 154.447878671769 130000
293638.167346939 21.1217353309949 130000
326870.31755102 21.1217353309949 130000
362370.57744898 6.51747352742347 130000
400295.301836735 6.51747352742347 130000
440808.566734694 3.33621241496599 130000
484087.960306122 3.33621241496599 130000
530324.582857143 2.32495720918367 130000
579717.255918367 2.32495720918367 130000
632482.17377551 1.92328865539966 130000
688850.973163265 1.92328865539966 130000
749068.802959184 1.71040404039116 130000
813398.184795918 1.71040404039116 130000
882119.013061224 1.56678122193878 130000
955534.345816327 1.56678122193878 130000
1033960.75326531 1.46308758992347 130000
1117743.76020408 1.46308758992347 130000
1207246.26418367 1.39592097980442 130000
1302862.04765306 1.39592097980442 130000
1405006.12642857 1.36482696534864 130000
1514124.40122449 1.36482696534864 130000
1630693.65765306 1.36506825361395 130000
1755223.49653061 1.36506825361395 130000
1888256.33387755 1.39080164710884 130000
2030371.26153061 1.39080164710884 130000
2182191.76836735 1.44018129060374 130000
2344379.94938776 1.44018129060374 130000
2517640.36632653 1.51560398086735 130000
2702733.55979592 1.51560398086735 130000
2900464.46744898 1.61725470556973 130000
3111697.86642857 1.61725470556973 130000
3337352.58244898 1.73581973767007 130000
3578418.86255102 1.73581973767007 130000
3835942.93265306 1.84356299107143 130000
4111054.02183673 1.84356299107143 130000
4404948.91989796 1.89824695493197 130000
4718911.28040816 1.89824695493197 130000
5054313.55102041 1.87610071364796 130000
5412616.97346939 1.87610071364796 130000
5795387.02602041 1.79620212606293 130000
6204293.42346939 1.79620212606293 130000
6641121.69897959 1.69535569557823 130000
7107777.06469388 1.69535569557823 130000
7606295.99357143 1.69535569557823 130000
8138857.80122449 1.69535569557823 130000
0 3468525.14238244 140000
13745.0457142857 3468525.14238244 140000
28415.6906122449 3468525.14238244 140000
44073.2326530612 3468525.14238244 140000
60783.0563265306 21449706.5852579 140000
78616.6759183674 21449706.5852579 140000
97651.7355102041 10535874.313814 140000
117965.879183673 10535874.313814 140000
139649.010612245 919826.83537031 140000
162788.990204082 919826.83537031 140000
187483.894693878 8350.6547104966 140000
213842.017142857 8350.6547104966 140000
241973.693877551 232.453567431973 140000
271997.434285714 232.453567431973 140000
304039.920816327 22.8710518231293 140000
338240.095510204 22.8710518231293 140000
374738.943673469 6.5914291462585 140000
413693.796734694 6.5914291462585 140000
455270.159183674 3.55376621088435 140000
499641.708571429 3.55376621088435 140000
547000.511836735 2.5246586122449 140000
597542.72244898 2.5246586122449 140000
651486.969795918 2.01391465136054 140000
709060.056326531 2.01391465136054 140000
770505.130612245 1.72548646938776 140000
836083.730612245 1.72548646938776 140000
906075.783673469 1.55744918197279 140000
980773.476734694 1.55744918197279 140000
1060497.60244898 1.45497517006803 140000
1145585.29959184 1.45497517006803 140000
1236398.22612245 1.39659737755102 140000
1333318.47265306 1.39659737755102 140000
1436758.77877551 1.37770994387755 140000
1547158.44653061 1.37770994387755 140000
1664985.38367347 1.39135725340136 140000
1790738.14693878 1.39135725340136 140000
1924950.02857143 1.42642479421769 140000
2068191.09959184 1.42642479421769 140000
2221068.20979592 1.46595346428571 140000
2384231.11755102 1.46595346428571 140000
2558368.40326531 1.49488695238095 140000
2744221.7722449 1.49488695238095 140000
2942575.83836735 1.52299887755102 140000
3154276.51346939 1.52299887755102 140000
3380216.7044898 1.5864167244898 140000
3621356.74612245 1.5864167244898 140000
3878718.27102041 1.71388668197279 140000
4153394.42612245 1.71388668197279 140000
4446547.82938776 1.89440491496599 140000
4759422.82938776 1.89440491496599 140000
5093343.46204082 2.06320417006803 140000
5449729.79673469 2.06320417006803 140000
5830091.80653061 2.11221699659864 140000
6236039.5844898 2.11221699659864 140000
6669297.64653061 1.93373777210884 140000
7131700.84489796 1.93373777210884 140000
7625212.75755102 1.93373777210884 140000
8151923.64489796 1.93373777210884 140000
0 3949000.07613893 150000
13956.643877551 3949000.07613893 150000
28852.6971428571 3949000.07613893 150000
44754.3736734694 3949000.07613893 150000
61727.8873469388 13836257.1756051 150000
79847.7287755102 13836257.1756051 150000
99188.3885714286 1777374.85266127 150000
119834.703265306 1777374.85266127 150000
141871.509387755 19698.140429446 150000
165396.058571429 19698.140429446 150000
190507.671632653 977.874050883929 150000
217311.876938776 977.874050883929 150000
245924.54877551 108.590759183673 150000
276465.699795918 108.590759183673 150000
309067.757755102 21.8248484306973 150000
343869.357959184 21.8248484306973 150000
381017.41244898 7.53825597321429 150000
420669.179183674 7.53825597321429 150000
462998.469591837 3.91453340306122 150000
508181.164285714 3.91453340306122 150000
556409.697346939 2.61062868962585 150000
607893.056326531 2.61062868962585 150000
662848.505510204 2.00829363307823 150000
721509.862653061 2.00829363307823 150000
784129.568163265 1.69721773256803 150000
850970.408367347 1.69721773256803 150000
922319.999795918 1.53323061564626 150000
998482.51244898 1.53323061564626 150000
1079780.73897959 1.44852340901361 150000
1166562.3022449 1.44852340901361 150000
1259197.58612245 1.41620534651361 150000
1358079.7355102 1.41620534651361 150000
1463630.86387755 1.42298623384354 150000
1576302.05326531 1.42298623384354 150000
1696571.28510204 1.45542068792517 150000
1824953.78612245 1.45542068792517 150000
1961993.75163265 1.49843384353742 150000
2108276.76061225 1.49843384353742 150000
2264425.63734694 1.53261848214286 150000
2431106.65897959 1.53261848214286 150000
2609029.5555102 1.54748211819728 150000
2798951.64816327 1.54748211819728 150000
3001681.9877551 1.5566210127551 150000
3218087.5622449 1.5566210127551 150000
3449089.15836735 1.58158916241497 150000
3695669.63836735 1.58158916241497 150000
3958880.14755102 1.63434041369048 150000
4239844.25265306 1.63434041369048 150000
4539757.94183674 1.73066091369048 150000
4859897.90142857 1.73066091369048 150000
5201631.86183674 1.90304977848639 150000
5566412.39 1.90304977848639 150000
5955797.58122449 2.16358586777211 150000
6371442.78244898 2.16358586777211 150000
6815123.35326531 2.47146315518707 150000
7288726.38918367 2.47146315518707 150000
7794273.48265306 2.47146315518707 150000
8333916.58469388 2.47146315518707 150000
0 3666441.16609898 160000
14241.012244898 3666441.16609898 160000
29432.2775510204 3666441.16609898 160000
45639.8448979592 3666441.16609898 160000
62931.893877551 7790278.16114005 160000
81378.7346938775 7790278.16114005 160000
101057.069387755 3760183.21301541 160000
122052.12244898 3760183.21301541 160000
144451.248979592 26864.5407883163 160000
168346.065306122 26864.5407883163 160000
193838.840816327 1008.51601576531 160000
221033.975510204 1008.51601576531 160000
250048.653061224 125.694892346939 160000
281002.187755102 125.694892346939 160000
314024.546938775 28.3500019897959 160000
349252.089795918 28.3500019897959 160000
386836.089795918 9.6052793877551 160000
426932.081632653 9.6052793877551 160000
469708.383673469 4.54245642857143 160000
515341.836734694 4.54245642857143 160000
564026.326530612 2.71450209183673 160000
615966.391836735 2.71450209183673 160000
671375.093877551 1.95321658163265 160000
730488.930612245 1.95321658163265 160000
793552.922448979 1.63251505102041 160000
860833.395918367 1.63251505102041 160000
932609.46122449 1.49813556122449 160000
1009183.66530612 1.49813556122449 160000
1090875.6 1.43507831632653 160000
1178028.29387755 1.43507831632653 160000
1271003.95102041 1.4060087755102 160000
1370196.73469388 1.4060087755102 160000
1476015.72244898 1.40055352040816 160000
1588910.47346939 1.40055352040816 160000
1709349.72244898 1.41258260204082 160000
1837838.4244898 1.41258260204082 160000
1974915.6244898 1.44190071428571 160000
2121154.45714286 1.44190071428571 160000
2277168.53877551 1.49353698979592 160000
2443609.83673469 1.49353698979592 160000
2621175.06122449 1.57308428571429 160000
2810607.79591837 1.57308428571429 160000
3012702.75918367 1.68022744897959 160000
3228305.80408163 1.68022744897959 160000
3458318.17959184 1.79226658163265 160000
3703702.92244898 1.79226658163265 160000
3965489.11836735 1.85464913265306 160000
4244774.03265306 1.85464913265306 160000
4542725.24081633 1.82703551020408 160000
4860589.15102041 1.82703551020408 160000
5199699.52653061 1.74763469387755 160000
5561475.35510204 1.74763469387755 160000
5947431.50204082 1.68222489795918 160000
6359185.10204082 1.68222489795918 160000
6798457.68979592 1.59583301020408 160000
7267090.11428571 1.59583301020408 160000
7767044.66938776 1.59583301020408 160000
8300415.74693877 1.59583301020408 160000
0 6046372.24347876 170000
14617.3114285714 6046372.24347876 170000
30205.0028571429 6046372.24347876 170000
46829.0865306122 6046372.24347876 170000
64557.7751020408 7652231.35130091 170000
83463.6820408163 7652231.35130091 170000
103626.022040816 4885144.58938241 170000
125128.410612245 4885144.58938241 170000
148058.864081633 153346.068522727 170000
172512 153346.068522727 170000
198589.037142857 3782.18433379592 170000
226397.795510204 3782.18433379592 170000
256057.097142857 216.863174808673 170000
287683.563673469 216.863174808673 170000
321411.42 29.0552254132653 170000
357381.492244898 29.0552254132653 170000
395739.007346939 8.66495063265306 170000
436646.795510204 8.66495063265306 170000
480269.887346939 4.31261663265306 170000
526793.117142857 4.31261663265306 170000
576405.72 2.73806414540816 170000
629314.534285714 2.73806414540816 170000
685737.400408163 2.03067417857143 170000
745909.762040816 2.03067417857143 170000
810078.064897959 1.70015911989796 170000
878510.75877551 1.70015911989796 170000
951487.295510204 1.54653395663265 170000
1029313.53183673 1.54653395663265 170000
1112308.52693878 1.47641886734694 170000
1200817.74489796 1.47641886734694 170000
1295206.45346939 1.44904670663265 170000
1395864.12489796 1.44904670663265 170000
1503211.03714286 1.4460669872449 170000
1617687.27183673 1.4460669872449 170000
1739770.31755102 1.45771998214286 170000
1869961.86734694 1.45771998214286 170000
2008801.02122449 1.48411571173469 170000
2156866.48653061 1.48411571173469 170000
2314765.57591837 1.52482784693878 170000
2483154.01102041 1.52482784693878 170000
2662729.32122449 1.5673644872449 170000
2854235.2444898 1.5673644872449 170000
3058461.72734694 1.60046229336735 170000
3276253.72653061 1.60046229336735 170000
3508515.60979592 1.63236821173469 170000
3756206.75510204 1.63236821173469 170000
4020352.55265306 1.67747199489796 170000
4302044.40489796 1.67747199489796 170000
4602450.72857143 1.73772650510204 170000
4922812.55387755 1.73772650510204 170000
5264456.72693878 1.79791683673469 170000
5628795.90979592 1.79791683673469 170000
6017337.38204082 1.80885469897959 170000
6431691.84244898 1.80885469897959 170000
6873571.20857143 1.6766697627551 170000
7344806.22 1.6766697627551 170000
7847344.23795918 1.6766697627551 170000
8383269.04897959 1.6766697627551 170000
0 5865025.11979306 180000
15024.3309183673 5865025.11979306 180000
31039.3521428571 5865025.11979306 180000
48108.832244898 5865025.11979306 180000
66305.6495918367 7184365.95736864 180000
85704.96 7184365.95736864 180000
106381.919285714 10776636.2399269 180000
128423.070510204 10776636.2399269 180000
151917.234183673 2167281.6176722 180000
176962.340612245 2167281.6176722 180000
203660.875 10237.3094235823 180000
232117.6 10237.3094235823 180000
262455.497857143 282.327350460459 180000
294790.718469388 282.327350460459 180000
329262.18622449 34.8468387937925 180000
366004.270612245 34.8468387937925 180000
405171.838163265 10.1657161590136 180000
446924.310306122 10.1657161590136 180000
491430.218265306 4.71163864051871 180000
538871.757959184 4.71163864051871 180000
589442.51255102 2.9148689914966 180000
643349.729897959 2.9148689914966 180000
700814.32255102 2.14606389689626 180000
762068.590306122 2.14606389689626 180000
827363.05255102 1.75169513796769 180000
896964.170816326 1.75169513796769 180000
971158.903673469 1.53608714519558 180000
1050245.59693878 1.53608714519558 180000
1134549.92581633 1.42698310501701 180000
1224415.78510204 1.42698310501701 180000
1320212.12153061 1.38388712776361 180000
1422323.82397959 1.38388712776361 180000
1531174.49795918 1.38247795620748 180000
1647205.96857143 1.38247795620748 180000
1770889.6677551 1.41066138732993 180000
1902733.46663265 1.41066138732993 180000
2043272.56571429 1.45909988031463 180000
2193085.43704082 1.45909988031463 180000
2352780.1594898 1.51905846938775 180000
2523008.08346939 1.51905846938775 180000
2704466.10836735 1.58820751403061 180000
2897894.40510204 1.58820751403061 180000
3104083.24846939 1.6673725894983 180000
3323873.01714286 1.6673725894983 180000
3558163.30346939 1.74767638945578 180000
3807906.08112245 1.74767638945578 180000
4074126.20214286 1.8101876192602 180000
4357905.45479592 1.8101876192602 180000
4660407.6155102 1.84606693005952 180000
4982862.50673469 1.84606693005952 180000
5326588.77142857 1.89365137967687 180000
5692991.59561224 1.89365137967687 180000
6083562.70836735 2.05811166411565 180000
6499898.60142857 2.05811166411565 180000
6943700.52918367 2.58166871641156 180000
7416776.78612245 2.58166871641156 180000
7921060.92642857 2.58166871641156 180000
8458611.76397959 2.58166871641156 180000
0 4944175.41631552 190000
15457.7 4944175.41631552 190000
31927.3142857143 4944175.41631552 190000
49472.6785714286 4944175.41631552 190000
68164.7214285714 18178668.4172772 190000
88081.4642857143 18178668.4172772 190000
109298.564285714 8140907.43403668 190000
131901.135714286 8140907.43403668 190000
155983.75 2936019.18222115 190000
181640.978571429 2936019.18222115 190000
208976.85 19613.6809515476 190000
238097.757142857 19613.6809515476 190000
269121.914285714 481.84881203869 190000
302176.992857143 481.84881203869 190000
337393.028571429 42.9692329315476 190000
374909.514285714 42.9692329315476 190000
414880.128571429 10.5559495684524 190000
457465.642857143 10.5559495684524 190000
502833.921428571 4.71106586309524 190000
551167.014285714 4.71106586309524 190000
602661.157142857 2.89527473214286 190000
657524.407142857 2.89527473214286 190000
715971.914285714 2.13854568452381 190000
778242.471428572 2.13854568452381 190000
844584.328571429 1.75937336309524 190000
915262.285714286 1.75937336309524 190000
990562.421428571 1.55964047619048 190000
1070787.36428571 1.55964047619048 190000
1156256.29285714 1.46517248511905 190000
1247312.02857143 1.46517248511905 190000
1344323.4 1.43183605654762 190000
1447675.78571429 1.43183605654762 190000
1557785.3 1.43160455357143 190000
1675096.42857143 1.43160455357143 190000
1800074.93571429 1.4544740922619 190000
1933226.77857143 1.4544740922619 190000
2075083.92142857 1.49853354166667 190000
2226216.15714286 1.49853354166667 190000
2387228.74285714 1.55475428571429 190000
2558769.49285714 1.55475428571429 190000
2741524.05 1.60639422619048 190000
2936230.07142857 1.60639422619048 190000
3143665.40714286 1.64343470238095 190000
3364664.65 1.64343470238095 190000
3600112.04285714 1.66731891369048 190000
3850953.3 1.66731891369048 190000
4118195.60714286 1.68001709821429 190000
4402909.98571429 1.68001709821429 190000
4706240.75 1.68976485119048 190000
5029403.14285714 1.68976485119048 190000
5373695.15714286 1.7190278125 190000
5740497.53571429 1.7190278125 190000
6131280.86428571 1.76502794642857 190000
6547617.39285714 1.76502794642857 190000
6991171.57857143 1.74448328869048 190000
7463728.45714286 1.74448328869048 190000
7967181.82142857 1.74448328869048 190000
8503553.13571429 1.74448328869048 190000
0 6676530.97344096 200000
15757.9930612245 6676530.97344096 200000
32540.207244898 6676530.97344096 200000
50416.8610204082 6676530.97344096 200000
69455.7515306122 7485502.82058406 200000
89731.9398979592 7485502.82058406 200000
111330.17255102 7059131.63997705 200000
134332.774591837 7059131.63997705 200000
158834.177755102 2455296.14500215 200000
184928.81377551 2455296.14500215 200000
212720.799693878 18686.8375978085 200000
242321.516530612 18686.8375978085 200000
273849.609285714 560.155969996386 200000
307428.565612245 560.155969996386 200000
343193.979795918 51.7301179085884 200000
381286.28877551 51.7301179085884 200000
421858.036122449 11.5418885063776 200000
465069.029387755 11.5418885063776 200000
511093.604081633 4.88006255612245 200000
560113.359693878 4.88006255612245 200000
612322.002346939 2.97452902083333 200000
667927.766122449 2.97452902083333 200000
727153.413061225 2.17336756058673 200000
790233.811836735 2.17336756058673 200000
857420.780408163 1.76498057461735 200000
928978.243367347 1.76498057461735 200000
1005191.9172449 1.54997182312925 200000
1086366.88918367 1.54997182312925 200000
1172822.77428571 1.45111107865646 200000
1264908.24357143 1.45111107865646 200000
1362984.07469388 1.42671621386054 200000
1467442.52255102 1.42671621386054 200000
1578700.05530612 1.44239934757653 200000
1697197.35438776 1.44239934757653 200000
1823406.57846939 1.46753069919218 200000
1957831.36346939 1.46753069919218 200000
2101001.97989796 1.49308578295068 200000
2253489.86081633 1.49308578295068 200000
2415902.75918367 1.53360769132653 200000
2588884.74785714 1.53360769132653 200000
2773123.48357143 1.60069861394558 200000
2969355.04959184 1.60069861394558 200000
3178354.27040816 1.68145489817177 200000
3400956.50367347 1.68145489817177 200000
3638043.1122449 1.74822802168367 200000
3890560.83479592 1.74822802168367 200000
4159512.1005102 1.78950155017007 200000
4445967.13571429 1.78950155017007 200000
4751061.54255102 1.82161439328231 200000
5076013.24826531 1.82161439328231 200000
5422112.81989796 1.86960205846088 200000
5790735.57091837 1.86960205846088 200000
6183348.82520408 1.94711477402211 200000
6601511.91704082 1.94711477402211 200000
7046888.2977551 2.01124461607143 200000
7521250.37836735 2.01124461607143 200000
8026481.95091837 2.01124461607143 200000
8564592.71642857 2.01124461607143 200000
0 3731763.6832349 20000
9852.37928571429 3731763.6832349 20000
20418.5214285714 3731763.6832349 20000
31748.8257142857 3731763.6832349 20000
43897.7778571428 555936.573085946 20000
56926.6742857143 555936.573085946 20000
70896.8114285714 806.802796233631 20000
85879.0207142857 806.802796233631 20000
101942.771428571 58.8751004553571 20000
119169.792142857 58.8751004553571 20000
137643.173571429 16.6072286875 20000
157452.817142857 16.6072286875 20000
178695.435 6.52515238690476 20000
201473.187857143 6.52515238690476 20000
225900.495714286 3.78407258630952 20000
252093.140714286 3.78407258630952 20000
280181.888571429 2.81630981547619 20000
310301.591428571 2.81630981547619 20000
342599.360714286 2.38401675297619 20000
377234.567142857 2.38401675297619 20000
414373.392142857 2.09701325297619 20000
454199.725 2.09701325297619 20000
496906.99 1.85301941369048 20000
542703.595 1.85301941369048 20000
591812.931428571 1.64875757886905 20000
644474.736428571 1.64875757886905 20000
700945.092857143 1.48970469791667 20000
761500.515714286 1.48970469791667 20000
826436.59 1.37581820386905 20000
896069.332857143 1.37581820386905 20000
970737.917857143 1.30027886904762 20000
1050808.76142857 1.30027886904762 20000
1136671.43642857 1.2574735297619 20000
1228745.48285714 1.2574735297619 20000
1327479.04571429 1.24384358779762 20000
1433354.32357143 1.24384358779762 20000
1546887.56857143 1.25492802529762 20000
1668633.17285714 1.25492802529762 20000
1799186.39285714 1.28115778869048 20000
1939181.98714286 1.28115778869048 20000
2089303.75142857 1.31173505803571 20000
2250285.88071429 1.31173505803571 20000
2422911.60714286 1.34673929166667 20000
2608024.09714286 1.34673929166667 20000
2806526.45142857 1.40242255654762 20000
3019388.51571429 1.40242255654762 20000
3247646.88071429 1.49713688988095 20000
3492415.77928571 1.49713688988095 20000
3754889.81071428 1.63418265029762 20000
4036350.75142857 1.63418265029762 20000
4338170.27928571 1.79237567857143 20000
4661822.23285714 1.79237567857143 20000
5008885.33571429 1.89598366964286 20000
5381052.73142857 1.89598366964286 20000
5780140.15642857 1.78326067261905 20000
6208095.475 1.78326067261905 20000
6667006.85214286 1.78326067261905 20000
7159113.65071428 1.78326067261905 20000
0 5389836.29209823 210000
16048.6663265306 5389836.29209823 210000
33138.2336734694 5389836.29209823 210000
51340.4030612245 5389836.29209823 210000
70719.4581632653 9726239.74766657 210000
91359.462244898 9726239.74766657 210000
113339.533673469 8259827.72903439 210000
136743.735714286 8259827.72903439 210000
161668.493877551 3463115.11677826 210000
188212.706122449 3463115.11677826 210000
216477.742857143 43526.08001304 210000
246579.809183673 43526.08001304 210000
278632.637755102 1372.64819789541 210000
312767.268367347 1372.64819789541 210000
349119.685714286 96.9198712266157 210000
387830.819387755 96.9198712266157 210000
429051.48877551 15.7345262308673 210000
472952.292857143 15.7345262308673 210000
519698.885714286 5.27210082695578 210000
569484.118367347 5.27210082695578 210000
622498.369387755 2.89297134353742 210000
678951.796938775 2.89297134353742 210000
739071.866326531 2.09581773596939 210000
803095.932653061 2.09581773596939 210000
871273.713265306 1.74314864370748 210000
943877.17755102 1.74314864370748 210000
1021193.12959184 1.56344281037415 210000
1103528.15306122 1.56344281037415 210000
1191208.61122449 1.4749806462585 210000
1284578.1744898 1.4749806462585 210000
1384010.18265306 1.44052088860544 210000
1489897.75510204 1.44052088860544 210000
1602656.26326531 1.44540912627551 210000
1722733.22040816 1.44540912627551 210000
1850605.80918367 1.4834899914966 210000
1986778.40918367 1.4834899914966 210000
2131790.01428571 1.53855349064626 210000
2286216.70510204 1.53855349064626 210000
2450664.23163265 1.59152571003401 210000
2625787.79285714 1.59152571003401 210000
2812277.20204082 1.63934699404762 210000
3010874.19387755 1.63934699404762 210000
3222360.0622449 1.68888353954082 210000
3447572.96734694 1.68888353954082 210000
3687405.46326531 1.74457545280612 210000
3942806.97040816 1.74457545280612 210000
4214786.24795918 1.80345579506803 210000
4504418.81122449 1.80345579506803 210000
4812851.87653061 1.85477456420068 210000
5141306.83367347 1.85477456420068 210000
5491081.71836735 1.89252576955782 210000
5863558.62959184 1.89252576955782 210000
6260216.09183673 1.89066628188776 210000
6682619.16530612 1.89066628188776 210000
7132439.2255102 1.74066589285714 210000
7611461.38061224 1.74066589285714 210000
8121574.58163265 1.74066589285714 210000
8664798.81938776 1.74066589285714 210000
0 5890505.11857428 220000
16525.9156122449 5890505.11857428 220000
34113.7890816326 5890505.11857428 220000
52833.0462244898 5890505.11857428 220000
72755.6841836735 14729949.2525241 220000
93958.842755102 14729949.2525241 220000
116522.233061224 16534674.1167268 220000
140538.422857143 16534674.1167268 220000
166097.408571429 6645263.52062869 220000
193299.471938776 6645263.52062869 220000
222250.037346939 44973.9237675191 220000
253059.671836735 44973.9237675191 220000
285849.227755102 1068.726927804 220000
320747.271428571 1068.726927804 220000
357890.083163265 79.0463649007228 220000
397419.085918367 79.0463649007228 220000
439485.987959184 14.9072387765731 220000
484260.496836735 14.9072387765731 220000
531909.74877551 5.49352663711735 220000
582624.021938775 5.49352663711735 220000
636596.165816326 3.06225704846939 220000
694037.029183673 3.06225704846939 220000
755170.317448979 2.17431907121599 220000
820230.02132653 2.17431907121599 220000
889475.844795918 1.79144855080782 220000
963170.063163265 1.79144855080782 220000
1041600.665 1.60184000382653 220000
1125071.06683673 1.60184000382653 220000
1213907.82714286 1.48949981909014 220000
1308452.93234694 1.48949981909014 220000
1409076.65346939 1.42437026084184 220000
1516164.6894898 1.42437026084184 220000
1630136.16663265 1.40453354804422 220000
1751435.92438775 1.40453354804422 220000
1880529.37285714 1.42812546896258 220000
2017917.92071429 1.42812546896258 220000
2164138.97520408 1.48475893579932 220000
2319758.22816326 1.48475893579932 220000
2485377.37 1.56084877338435 220000
2661644.375 1.56084877338435 220000
2849238.07336735 1.64809173979592 220000
3048888.72183673 1.64809173979592 220000
3261370.28969388 1.73731141347789 220000
3487510.74408163 1.73731141347789 220000
3728184.33602041 1.81620828252551 220000
3984327.02836735 1.81620828252551 220000
4256931.35316326 1.87878258503401 220000
4547056.69693877 1.87878258503401 220000
4855826.72938775 1.92868239051871 220000
5184444.83132653 1.92868239051871 220000
5534183.80938775 1.96124181271259 220000
5906398.75265306 1.96124181271259 220000
6302537.31795918 1.9421657840136 220000
6724137.15857143 1.9421657840136 220000
7172833.63816326 1.79369310459184 220000
7650367.54479592 1.79369310459184 220000
8158592.80489796 1.79369310459184 220000
8699484.1972449 1.79369310459184 220000
0 4715921.02587225 230000
16828.0983673469 4715921.02587225 230000
34734.0783673469 4715921.02587225 230000
53786.2934693878 4715921.02587225 230000
74058.3551020408 17558116.8151383 230000
95626.5036734694 17558116.8151383 230000
118574.866530612 12747929.7596154 230000
142995.457959184 12747929.7596154 230000
168975.034285714 5316793.04444086 230000
196621.383673469 5316793.04444086 230000
226034.407346939 62939.760837676 230000
257332.409387755 62939.760837676 230000
290633.693877551 1540.12818582908 230000
326064.451836735 1540.12818582908 230000
363766.648163265 104.859441660714 230000
403879.61877551 104.859441660714 230000
446561.10244898 17.9818644005102 230000
491974.095918367 17.9818644005102 230000
540294.740816326 5.93808168112245 230000
591707.065714286 5.93808168112245 230000
646410.873061224 3.04224970663265 230000
704616.48122449 3.04224970663265 230000
766549.98244898 2.10326035204082 230000
832445.355918367 2.10326035204082 230000
902560.241632653 1.74662283928571 230000
977162.795510204 1.74662283928571 230000
1056539.57632653 1.59392294132653 230000
1140998.17469388 1.59392294132653 230000
1230864.58408163 1.51748535969388 230000
1326480.57183673 1.51748535969388 230000
1428219.45306122 1.47269411989796 230000
1536470.31673469 1.47269411989796 230000
1651651.17061224 1.45177730102041 230000
1774203.68326531 1.45177730102041 230000
1904601.07102041 1.46635170663265 230000
2043345.46897959 1.46635170663265 230000
2190970.56 1.52267211734694 230000
2348046.83265306 1.52267211734694 230000
2515176.32326531 1.60794964285714 230000
2693003.13183673 1.60794964285714 230000
2882213.42204082 1.69683106122449 230000
3083538.05020408 1.69683106122449 230000
3297747.30734694 1.7663785255102 230000
3525666.69306122 1.7663785255102 230000
3768179.5444898 1.80429607908163 230000
4026213.89142857 1.80429607908163 230000
4300763.48816326 1.8093513877551 230000
4592890.44244898 1.8093513877551 230000
4903714.69959184 1.78179639540816 230000
5234437.70326531 1.78179639540816 230000
5586326.62163265 1.70596676530612 230000
5960743.26612245 1.70596676530612 230000
6359128.31755102 1.56777554846939 230000
6783011.84204081 1.56777554846939 230000
7234029.06489796 1.36178952040816 230000
7713917.74163265 1.36178952040816 230000
8224523.41591837 1.36178952040816 230000
8767812.56448979 1.36178952040816 230000
0 6500875.23347638 240000
17038.872244898 6500875.23347638 240000
35158.4681632653 6500875.23347638 240000
54428.6853061224 6500875.23347638 240000
74916.7328571428 14578204.7511111 240000
96705.9502040816 14578204.7511111 240000
119874.3 17284685.8294685 240000
144513.186734694 17284685.8294685 240000
170711.326530612 4643283.43120902 240000
198573.565714286 4643283.43120902 240000
228199.373877551 36118.4666796709 240000
259701.66244898 36118.4666796709 240000
293204.096326531 962.842713845663 240000
328827.652040816 962.842713845663 240000
366709.436326531 76.6643956632653 240000
406991.932653061 76.6643956632653 240000
449828.377959184 15.7330930191327 240000
495380.074285714 15.7330930191327 240000
543819.077142857 6.06686099489796 240000
595328.195510204 6.06686099489796 240000
650100.991836735 3.30019494897959 240000
708347.15877551 3.30019494897959 240000
770284.454081632 2.2329131122449 240000
836146.765714286 2.2329131122449 240000
906184.111836734 1.77389679081633 240000
980662.640816326 1.77389679081633 240000
1059859.2544898 1.57822845408163 240000
1144075.05 1.57822845408163 240000
1233632.63142857 1.49835594005102 240000
1328862.66795918 1.49835594005102 240000
1430130.77755102 1.46067959183673 240000
1537816.02 1.46067959183673 240000
1652329.7155102 1.43902143239796 240000
1774099.3144898 1.43902143239796 240000
1903587.21612245 1.43981114030612 240000
2041282.70326531 1.43981114030612 240000
2187704.63081633 1.4805007002551 240000
2343409.49081633 1.4805007002551 240000
2508983.34734694 1.56464099744898 240000
2685049.90163265 1.56464099744898 240000
2872278.55714286 1.66809273341837 240000
3071373.66612245 1.66809273341837 240000
3283085.28306122 1.75194179081633 240000
3508219.91816326 1.75194179081633 240000
3747621.71877551 1.7943675880102 240000
4002199.35306122 1.7943675880102 240000
4272912.56816326 1.79760483035714 240000
4560782.94367347 1.79760483035714 240000
4866901.95673469 1.76452110969388 240000
5192422.91693878 1.76452110969388 240000
5538574.40816326 1.70312552040816 240000
5906668.35367347 1.70312552040816 240000
6298091.95102041 1.64599211352041 240000
6714326.49061224 1.64599211352041 240000
7156944.66734694 1.60955913520408 240000
7627615.95734694 1.60955913520408 240000
8128120.05979592 1.60955913520408 240000
8660346.89693877 1.60955913520408 240000
0 3757961.27913778 250000
17460.0639795918 3757961.27913778 250000
36024.6374489796 3757961.27913778 250000
55765.3344897959 3757961.27913778 250000
76759.2779591837 12017597.2669576 250000
99083.5907142857 12017597.2669576 250000
122823.65877551 9116690.80061485 250000
148067.62255102 9116690.80061485 250000
174911.885612245 1971875.18519191 250000
203455.605918367 1971875.18519191 250000
233811.713367347 27840.6902894356 250000
266090.383469388 27840.6902894356 250000
300415.563673469 967.399074220238 250000
336916.710204082 967.399074220238 250000
375731.54244898 88.9100529617347 250000
417006.042959184 88.9100529617347 250000
460894.45744898 18.2182264241071 250000
507567.557959184 18.2182264241071 250000
557198.870918367 6.44524439370748 250000
609975.694693877 6.44524439370748 250000
666099.099591837 3.31829126488095 250000
725778.419081633 3.31829126488095 250000
789239.512959184 2.23771625701531 250000
856724.767346939 2.23771625701531 250000
928487.585918367 1.80903023278061 250000
1004797.89867347 1.80903023278061 250000
1085947.67071429 1.62454363626701 250000
1172239.88469388 1.62454363626701 250000
1263999.55836735 1.5354506690051 250000
1361576.49897959 1.5354506690051 250000
1465339.7944898 1.4892802442602 250000
1575680.56795918 1.4892802442602 250000
1693014.73193878 1.47525008163265 250000
1817785.74285714 1.47525008163265 250000
1950464.60102041 1.49070334460034 250000
2091552.605 1.49070334460034 250000
2241584.10602041 1.52637266602891 250000
2401126.50795918 1.52637266602891 250000
2570783.02173469 1.57131509289966 250000
2751189.91091837 1.57131509289966 250000
2943033.01806122 1.62401571194728 250000
3147036.74714286 1.62401571194728 250000
3363972.32673469 1.69451656186224 250000
3594657.81 1.69451656186224 250000
3839963.58346939 1.79376633397109 250000
4100820.63020408 1.79376633397109 250000
4378209.5122449 1.91574554336735 250000
4673182.40571429 1.91574554336735 250000
4986852.08326531 2.03194627678571 250000
5320402.93163265 2.03194627678571 250000
5675096.46040816 2.12556103061224 250000
6052274.05642857 2.12556103061224 250000
6453356.98377551 2.21409164370748 250000
6879862.91010204 2.21409164370748 250000
7333403.1522449 2.31417347045068 250000
7815690.93938776 2.31417347045068 250000
8328549.67622449 2.31417347045068 250000
8873915.69734694 2.31417347045068 250000
0 4793572.7519697 260000
17835.2855102041 4793572.7519697 260000
36789.8928571429 4793572.7519697 260000
56934.845 4793572.7519697 260000
78344.0058163265 18014723.9421937 260000
101099.761938776 18014723.9421937 260000
125281.659081633 7314019.45552875 260000
150980.606632653 7314019.45552875 260000
178296.036734694 15949318.2535677 260000
207324.540612245 15949318.2535677 260000
238174.073163265 87146.0351612462 260000
270963.952959184 87146.0351612462 260000
305810.657653061 1933.54331051254 260000
342844.869489796 1933.54331051254 260000
382202.95255102 122.974010684736 260000
424032.634591837 122.974010684736 260000
468487.325204082 20.419810994898 260000
515734.638571429 20.419810994898 260000
565947.870714286 6.81548153486395 260000
619314.522244898 6.81548153486395 260000
676030.616530612 3.43896719515306 260000
736306.381530612 3.43896719515306 260000
800366.249795918 2.27561112372449 260000
868448.858469388 2.27561112372449 260000
940807.049285714 1.80670571003401 260000
1017705.02765306 1.80670571003401 260000
1099432.5672449 1.60054381526361 260000
1186290.80540816 1.60054381526361 260000
1278600.76591837 1.51200777806122 260000
1376706.19989796 1.51200777806122 260000
1480970.74489796 1.48204200786565 260000
1591783.60673469 1.48204200786565 260000
1709551.03673469 1.47947334417517 260000
1834710.53632653 1.47947334417517 260000
1967728.01612245 1.49076007610544 260000
2109097.79591837 1.49076007610544 260000
2259342.60469388 1.51703265242347 260000
2419019.26244898 1.51703265242347 260000
2588721.52112245 1.56611543579932 260000
2769077.22367347 1.56611543579932 260000
2960753.98591837 1.64424069090136 260000
3164464.87836735 1.64424069090136 260000
3380965.58530612 1.74747256207483 260000
3611060.08663265 1.74747256207483 260000
3855597.81693877 1.85370515327381 260000
4115487.87010204 1.85370515327381 260000
4391693.31744898 1.93445825786565 260000
4685236.88959184 1.93445825786565 260000
4997212.34010204 1.97172755569728 260000
5328773.08183673 1.97172755569728 260000
5681149.23244898 1.96018632482993 260000
6055647.61438776 1.96018632482993 260000
6453657.43673469 1.90652256058673 260000
6876653.13612245 1.90652256058673 260000
7326202.8994898 1.78109601466837 260000
7803977.18683674 1.78109601466837 260000
8311748.73122449 1.78109601466837 260000
8851395.37969388 1.78109601466837 260000
0 8792199.07221727 270000
18201.0030612245 8792199.07221727 270000
37533.3406122449 8792199.07221727 270000
58067.3546938775 8792199.07221727 270000
79876.3182653061 8661998.77832521 270000
103039.366122449 8661998.77832521 270000
127641.494897959 18249014.5677645 270000
153770.632142857 18249014.5677645 270000
181520.567244898 6937846.00826688 270000
210996.813265306 6937846.00826688 270000
242301.952346939 52656.96012845 270000
275553.22122449 52656.96012845 270000
310867.856632653 1340.92137867453 270000
348374.818979592 1340.92137867453 270000
388214.792346939 106.293467088435 270000
430525.529897959 106.293467088435 270000
475465.30122449 19.7424279853316 270000
523195.306836735 19.7424279853316 270000
573891.401836735 6.81286479017857 270000
627732.372244898 6.81286479017857 270000
684920.451428571 3.58412237414966 270000
745657.872755102 3.58412237414966 270000
810167.386020408 2.40580770535714 270000
878686.395612245 2.40580770535714 270000
951458.167755102 1.8551736292517 270000
1028749.41602041 1.8551736292517 270000
1110841.50857143 1.58480862202381 270000
1198030.46816327 1.58480862202381 270000
1290635.76489796 1.46670482397959 270000
1388991.52346939 1.46670482397959 270000
1493455.31591837 1.43445250977891 270000
1604405.23071429 1.43445250977891 270000
1722248.6655102 1.45311269005102 270000
1847407.67255102 1.45311269005102 270000
1980342.40602041 1.50381147172619 270000
2121530.60561224 1.50381147172619 270000
2271488.11295918 1.57023340922619 270000
2430760.07887755 1.57023340922619 270000
2599920.96336735 1.63491511394558 270000
2779589.19020408 1.63491511394558 270000
2970412.49234694 1.68474683227041 270000
3173091.35928571 1.68474683227041 270000
3388352.65877551 1.70948866815476 270000
3616984.80785714 1.70948866815476 270000
3859817.25642857 1.6990106349915 270000
4117729.28 1.6990106349915 270000
4391658.77244898 1.64968572130102 270000
4682599.31510204 1.64968572130102 270000
4991608.9694898 1.57161338329082 270000
5319810.27734694 1.57161338329082 270000
5668393.19153061 1.48473607801871 270000
6038626.79969388 1.48473607801871 270000
6431850.53153061 1.40462430931122 270000
6849494.67520408 1.40462430931122 270000
7293077.44642857 1.32081225616497 270000
7764210.85030612 1.32081225616497 270000
8264600.68132653 1.32081225616497 270000
8796067.03979592 1.32081225616497 270000
0 8780380.20900376 280000
18791.5530612245 8780380.20900376 280000
38743.5285714286 8780380.20900376 280000
59931.8704081633 8780380.20900376 280000
82429.4846938775 10089245.1611098 280000
106318.390816327 10089245.1611098 280000
131683.645918367 11822490.201002 280000
158622.458163265 11822490.201002 280000
187222.92244898 7134226.16089677 280000
217594.397959184 7134226.16089677 280000
249846.243877551 136208.667077957 280000
284090.857142857 136208.667077957 280000
320455.823469388 3423.92404891157 280000
359068.728571429 3423.92404891157 280000
400069.309183673 193.883048622449 280000
443606.415306122 193.883048622449 280000
489838.010204082 26.9698922767857 280000
538928.132653061 26.9698922767857 280000
591056.010204082 7.8453253125 280000
646406.945918367 7.8453253125 280000
705181.431632653 3.71547193664966 280000
767592.110204082 3.71547193664966 280000
833863.775510204 2.37766357568027 280000
904236.410204082 2.37766357568027 280000
978959.110204082 1.82865895620748 280000
1058305.27346939 1.82865895620748 280000
1142560.44897959 1.58263243622449 280000
1232025.3744898 1.58263243622449 280000
1327025.08979592 1.48225361607143 280000
1427902.86122449 1.48225361607143 280000
1535017.14387755 1.46072985544218 280000
1648759.80816327 1.46072985544218 280000
1769537.91326531 1.48768360331633 280000
1897788.89591837 1.48768360331633 280000
2033968.41938776 1.54593888605442 280000
2178574.6755102 1.54593888605442 280000
2332127.12040816 1.61597812712585 280000
2495175.5877551 1.61597812712585 280000
2668309.40204082 1.67615732142857 280000
2852154.34081633 1.67615732142857 280000
3047369.59693878 1.71590761267007 280000
3254659.92959184 1.71590761267007 280000
3474775.66428571 1.73818448341837 280000
3708503.57959184 1.73818448341837 280000
3956691.20918367 1.75056966411565 280000
4220231.65306122 1.75056966411565 280000
4500072.69081633 1.76423323341837 280000
4797222.85714286 1.76423323341837 280000
5112757.51734694 1.80000912840136 280000
5447806.71632653 1.80000912840136 280000
5803582.51836735 1.88047166666667 280000
6181363.81836735 1.88047166666667 280000
6582514.56836735 2.00632332908163 280000
7008480.73979592 2.00632332908163 280000
7460793.36122449 2.18894936862245 280000
7941086.74489796 2.18894936862245 280000
8451089.37346939 2.18894936862245 280000
8992636.05102041 2.18894936862245 280000
0 5898890.56974544 290000
19062.5871428571 5898890.56974544 290000
39300.7314285714 5898890.56974544 290000
60782.4914285714 5898890.56974544 290000
83591.3935714286 18316865.3958669 290000
107804.777142857 18316865.3958669 290000
133509.262142857 10484925.7857649 290000
160797.655714286 10484925.7857649 290000
189768.952142857 6761331.42638144 290000
220525.239285714 6761331.42638144 290000
253177.885714286 77197.0771488274 290000
287841.353571429 77197.0771488274 290000
324639.385714286 2001.98529916964 290000
363705.005714286 2001.98529916964 290000
405180.517857143 143.303135479167 290000
449208.226428571 143.303135479167 290000
495952.090714286 24.3602122053571 290000
545572.976428571 24.3602122053571 290000
598253.404285714 7.85005995386905 290000
654178.988571429 7.85005995386905 290000
713553.905 3.85714219642857 290000
776585.422857143 3.85714219642857 290000
843499.372857143 2.49130463095238 290000
914537.053571429 2.49130463095238 290000
989952.137857143 1.90121232589286 290000
1070016.86 1.90121232589286 290000
1155012.735 1.61447692410714 290000
1245246.02642857 1.61447692410714 290000
1341038.46571429 1.48186582886905 290000
1442736.53285714 1.48186582886905 290000
1550699.08214286 1.44078577827381 290000
1665315.90357143 1.44078577827381 290000
1786992.255 1.45484863839286 290000
1916167.42357143 1.45484863839286 290000
2053305.445 1.49889980654762 290000
2198888.91642857 1.49889980654762 290000
2353446.83857143 1.55635000595238 290000
2517526.77357143 1.55635000595238 290000
2691719.59357143 1.61617194345238 290000
2876644.01285714 1.61617194345238 290000
3072962.05571429 1.67264251190476 290000
3281379.05642857 1.67264251190476 290000
3502637.47214286 1.7262837514881 290000
3737532.35071429 1.7262837514881 290000
3986898.95642857 1.78528073660714 290000
4251631.33142857 1.78528073660714 290000
4532676.10857143 1.85471852529762 290000
4831041.79214286 1.85471852529762 290000
5147789.47714286 1.91363817113095 290000
5484054.50428571 1.91363817113095 290000
5841043.36642857 1.93683351190476 290000
6220027.52142857 1.93683351190476 290000
6622361.95357143 1.92639270833333 290000
7049491.36071428 1.92639270833333 290000
7502940.87357143 1.84866672619048 290000
7984328.43 1.84866672619048 290000
8495380.24285714 1.84866672619048 290000
9037924.61285714 1.84866672619048 290000
0 5055835.98381263 300000
19330.4744897959 5055835.98381263 300000
39838.6326530612 5055835.98381263 300000
61600.4540816327 5055835.98381263 300000
84688.7525510204 12005515.5232066 300000
109189.005102041 12005515.5232066 300000
135186.68877551 13080216.8386493 300000
162770.446428571 13080216.8386493 300000
192035.25255102 6585632.72665942 300000
223088.744897959 6585632.72665942 300000
256041.727040816 184001.988207584 300000
291001.836734694 184001.988207584 300000
328098.87244898 5084.3299678412 300000
367459.466836735 5084.3299678412 300000
409226.081632653 280.993306281888 300000
453538.012755102 280.993306281888 300000
500559.882653061 34.6123249840561 300000
550449.982142857 34.6123249840561 300000
603388.762755102 8.70997855017007 300000
659556.676020408 8.70997855017007 300000
719156.334183674 3.77309904336735 300000
782393.515306122 3.77309904336735 300000
849492.992346939 2.34947760948129 300000
920689.035714286 2.34947760948129 300000
996231.744897959 1.81811512542517 300000
1076387.04846939 1.81811512542517 300000
1161436.70408163 1.59579567389456 300000
1251675.13265306 1.59579567389456 300000
1347428.41326531 1.51118923256803 300000
1449025.79081633 1.51118923256803 300000
1556825.00255102 1.5009003295068 300000
1671209.1122449 1.5009003295068 300000
1792573.84693878 1.52914204931973 300000
1921349.75765306 1.52914204931973 300000
2057989.55612245 1.56683504995748 300000
2202971.28061225 1.56683504995748 300000
2356804.62755102 1.59884277210884 300000
2520030.95153061 1.59884277210884 300000
2693220.0994898 1.62635899234694 300000
2876986.23979592 1.62635899234694 300000
3071972.03316327 1.65449518494898 300000
3278864.46173469 1.65449518494898 300000
3498385.33163265 1.6913637542517 300000
3731313.43367347 1.6913637542517 300000
3978459.21683674 1.74875077062075 300000
4240696.44642857 1.74875077062075 300000
4518943.20918367 1.82457866709184 300000
4814180.90816327 1.82457866709184 300000
5127444.76530612 1.90704818239796 300000
5459833.31887755 1.90704818239796 300000
5812517.92091837 2.0165920227466 300000
6186733.23979592 2.0165920227466 300000
6583799.42091837 2.18935325786565 300000
7005106.25765306 2.18935325786565 300000
7452138.51785714 2.40892900191327 300000
7926463.28061225 2.40892900191327 300000
8429748.93112245 2.40892900191327 300000
8963765.16071429 2.40892900191327 300000
0 3544695.35723996 30000
10208.7742857143 3544695.35723996 30000
21151.002755102 3544695.35723996 30000
32880.595 3544695.35723996 30000
45455.7166326531 166569.707382159 30000
58934.5332653061 166569.707382159 30000
73383.7225510204 358.622053660927 30000
88872.7994897959 358.622053660927 30000
105475.535102041 58.6835285505952 30000
123272.79377551 58.6835285505952 30000
142351.114591837 22.965681190051 30000
162802.711326531 22.965681190051 30000
184725.47244898 9.46665732716837 30000
208225.798469388 9.46665732716837 30000
233417.183265306 5.27033647193878 30000
260421.632755102 5.27033647193878 30000
289369.664897959 3.42762150255102 30000
320398.891020408 3.42762150255102 30000
353662.527857143 2.49725839689626 30000
389318.048163265 2.49725839689626 30000
427541.36744898 2.0195171505102 30000
468512.657244898 2.0195171505102 30000
512433.369183674 1.76191855973639 30000
559514.885612245 1.76191855973639 30000
609984.194285714 1.6140720952381 30000
664083.888367347 1.6140720952381 30000
722077.841122449 1.50201758014456 30000
784244.11255102 1.50201758014456 30000
850883.461428571 1.39306641326531 30000
922317.926632653 1.39306641326531 30000
998892.245816327 1.29910589604592 30000
1080978.11142857 1.29910589604592 30000
1168968.49602041 1.2384901164966 30000
1263291.83897959 1.2384901164966 30000
1364402.11581633 1.21434606738946 30000
1472787.35020408 1.21434606738946 30000
1588971.03265306 1.22445411585884 30000
1713516.37653061 1.22445411585884 30000
1847022.06204082 1.27389488626701 30000
1990136.42295918 1.27389488626701 30000
2143546.0972449 1.36358460522959 30000
2307995.88846939 1.36358460522959 30000
2484278.83510204 1.46990827062075 30000
2673247.55989796 1.46990827062075 30000
2875812.85122449 1.55524739094388 30000
3092953.59377551 1.55524739094388 30000
3325718.1872449 1.61592523745748 30000
3575233.05836735 1.61592523745748 30000
3842701.2422449 1.70178749362245 30000
4129416.56908163 1.70178749362245 30000
4436762.2455102 1.87428340965136 30000
4766223.62265306 1.87428340965136 30000
5119391.03346939 2.16343270727041 30000
5497971.14214286 2.16343270727041 30000
5903792.61877551 2.5650502997449 30000
6338816.07010204 2.5650502997449 30000
6805141.13285714 2.5650502997449 30000
7305022.07918367 2.5650502997449 30000
0 3183129.35411541 40000
10476.8246938776 3183129.35411541 40000
21699.3726530612 3183129.35411541 40000
33724.8942857143 3183129.35411541 40000
46607.7040816326 3765670.70641425 40000
60409.4563265306 3765670.70641425 40000
75197.6771428571 8667.66557967007 40000
91039.8926530612 8667.66557967007 40000
108012.436734694 203.644380956633 40000
126197.515102041 203.644380956633 40000
145678.801428571 30.2850071811224 40000
166551.713061224 30.2850071811224 40000
188914.603265306 10.3047921105442 40000
212871.697142857 10.3047921105442 40000
238540.431428571 5.16900540178571 40000
266039.710816326 5.16900540178571 40000
295501.651632653 3.42953493409864 40000
327065.71 3.42953493409864 40000
360883.085714286 2.62692825042517 40000
397113.786326531 2.62692825042517 40000
435929.563061224 2.13682561096939 40000
477516.846734694 2.13682561096939 40000
522070.875918367 1.8211593380102 40000
569804.504693877 1.8211593380102 40000
620945.266734694 1.61181918367347 40000
675733.907346939 1.61181918367347 40000
734434.659183673 1.46568078869048 40000
797323.498571429 1.46568078869048 40000
864701.357142857 1.35885923384354 40000
936886.782040816 1.35885923384354 40000
1014223.27571429 1.28191982312925 40000
1097080.76387755 1.28191982312925 40000
1185849.72367347 1.24129405272109 40000
1280954.39530612 1.24129405272109 40000
1382845.4422449 1.24055395663265 40000
1492008.75897959 1.24055395663265 40000
1608962.53510204 1.26918833545918 40000
1734263.12714286 1.26918833545918 40000
1868505.05857143 1.31482963307823 40000
2012326.89163265 1.31482963307823 40000
2166412.69530612 1.37404037840136 40000
2331494.98122449 1.37404037840136 40000
2508359.10755102 1.44462474914966 40000
2697844.74693878 1.44462474914966 40000
2900853.22632653 1.52212381930272 40000
3118348.99489796 1.52212381930272 40000
3351366.96387755 1.60713088903061 40000
3601013.9744898 1.60713088903061 40000
3868476.1377551 1.69785688307823 40000
4155027.6422449 1.69785688307823 40000
4462027.81816326 1.76938013605442 40000
4790937.28489796 1.76938013605442 40000
5143319.41897959 1.76440742431973 40000
5520849.16183673 1.76440742431973 40000
5925321.82755102 1.57989718792517 40000
6358658.97469388 1.57989718792517 40000
6822921.61795918 1.57989718792517 40000
7320317.56795918 1.57989718792517 40000
0 2995869.74151799 50000
10771.3020408163 2995869.74151799 50000
22311.7673469388 2995869.74151799 50000
34675.6897959184 2995869.74151799 50000
47923.3959183673 21555.4940420025 50000
62118.2285714286 21555.4940420025 50000
77325.0387755102 188.987081007653 50000
93619.2346938775 188.987081007653 50000
111076.224489796 83.0800735416667 50000
129780.465306122 83.0800735416667 50000
149819.430612245 49.5263346768707 50000
171291.151020408 49.5263346768707 50000
194296.673469388 15.7358990136054 50000
218943.07755102 15.7358990136054 50000
245351.016326531 6.39302553146258 50000
273645.667346939 6.39302553146258 50000
303959.748979592 3.59587596938775 50000
336439.553061224 3.59587596938775 50000
371238.912244898 2.48256869897959 50000
408523.724489796 2.48256869897959 50000
448470.444897959 2.03752857142857 50000
491272.118367347 2.03752857142857 50000
537129.330612245 1.82350449404762 50000
586260.765306122 1.82350449404762 50000
638901.695918367 1.65863711309524 50000
695303.985714286 1.65863711309524 50000
755731.563265306 1.52140682397959 50000
820477.012244898 1.52140682397959 50000
889846.489795918 1.42005196853741 50000
964168.775510204 1.42005196853741 50000
1043799.79591837 1.34437359268707 50000
1129118.1 1.34437359268707 50000
1220529.38367347 1.29181410289116 50000
1318469.50612245 1.29181410289116 50000
1423404.48979592 1.26881461309524 50000
1535833.53673469 1.26881461309524 50000
1656293.55306122 1.27773162840136 50000
1785354.6244898 1.27773162840136 50000
1923633.58979592 1.31777650510204 50000
2071789.51632653 1.31777650510204 50000
2230525.20816327 1.38777099064626 50000
2400599.27142857 1.38777099064626 50000
2582818.57346939 1.48487156887755 50000
2778051.81632653 1.48487156887755 50000
2987228.02857143 1.59637196428571 50000
3211344.10612245 1.59637196428571 50000
3451466.32040816 1.68766925595238 50000
3708737.85918367 1.68766925595238 50000
3984383.35102041 1.72832996598639 50000
4279714.89795918 1.72832996598639 50000
4596139.61632653 1.74021617772109 50000
4935161.14489796 1.74021617772109 50000
5298396.23469388 1.77903567176871 50000
5687574.74897959 1.77903567176871 50000
6104545.69591837 1.88828324829932 50000
6551298.34285714 1.88828324829932 50000
7029956.18367347 1.88828324829932 50000
7542799.56122449 1.88828324829932 50000
0 5436685.94722094 60000
11029.206122449 5436685.94722094 60000
22841.7806122449 5436685.94722094 60000
35495.1187755102 5436685.94722094 60000
49046.6159183673 4880301.75533021 60000
63562.9746938775 4880301.75533021 60000
79110.897755102 46435.0469678848 60000
95763.2926530612 46435.0469678848 60000
113600.823061224 297.758384294643 60000
132707.255102041 297.758384294643 60000
153171.008571429 30.6812070480442 60000
175089.810612245 30.6812070480442 60000
198566.042040816 11.3047035918367 60000
223712.942244898 11.3047035918367 60000
250646.853061224 5.94384949957483 60000
279494.974897959 5.94384949957483 60000
310395.366734694 3.82067884523809 60000
343492.29244898 3.82067884523809 60000
378942.425714286 2.83322427423469 60000
416913.29877551 2.83322427423469 60000
457583.30244898 2.26393458163265 60000
501144.788571429 2.26393458163265 60000
547804.07 1.8966757202381 60000
597779.869387755 1.8966757202381 60000
651309.524081633 1.64741979846939 60000
708644.332448979 1.64741979846939 60000
770055.75877551 1.48217884141156 60000
835833.882040816 1.48217884141156 60000
906287.395918367 1.37820478826531 60000
981749.813673469 1.37820478826531 60000
1062579.46816327 1.31559348979592 60000
1149154.85816327 1.31559348979592 60000
1241883.95571429 1.28614930994898 60000
1341207.30857143 1.28614930994898 60000
1447591.83530612 1.28653711607143 60000
1561541.68387755 1.28653711607143 60000
1683590.4755102 1.31510873214286 60000
1814318.36816327 1.31510873214286 60000
1954339.64673469 1.37250726998299 60000
2104316.68408163 1.37250726998299 60000
2264956.83857143 1.45353289583333 60000
2437017.1077551 1.45353289583333 60000
2621311.8844898 1.54252147406463 60000
2818708.30326531 1.54252147406463 60000
3030138.65 1.61945574532313 60000
3256601.91326531 1.61945574532313 60000
3499165.3355102 1.6762467202381 60000
3758975.27163265 1.6762467202381 60000
4037257.18897959 1.71991692134354 60000
4335323.42346939 1.71991692134354 60000
4654580.93571429 1.74399321811224 60000
4996537.51591837 1.74399321811224 60000
5362804.88632653 1.72026271513605 60000
5755114.21346939 1.72026271513605 60000
6175316.10816326 1.61954300170068 60000
6625391.48408163 1.61954300170068 60000
7107467.07 1.61954300170068 60000
7623816.96102041 1.61954300170068 60000
0 4408692.30373266 70000
11302.026122449 4408692.30373266 70000
23399.8791836735 4408692.30373266 70000
36351.3208163265 4408692.30373266 70000
50212.5081632653 3723540.19337366 70000
65052.4342857143 3723540.19337366 70000
80936.8832653061 214139.592622166 70000
97939.661632653 214139.592622166 70000
116140.993877551 1431.85241655782 70000
135624.313469388 1431.85241655782 70000
156479.471836735 88.3817192610544 70000
178804.342857143 88.3817192610544 70000
202700.009387755 18.7213741292517 70000
228280.390204082 18.7213741292517 70000
255662.613061224 7.27612389370748 70000
284975.037142857 7.27612389370748 70000
316349.230612245 4.15949940306122 70000
349936.015510204 4.15949940306122 70000
385887.818367347 2.90896339880952 70000
424371.506122449 2.90896339880952 70000
465566.781632653 2.2351712797619 70000
509662.974693877 2.2351712797619 70000
556865.46 1.83034847619048 70000
607394.052653061 1.83034847619048 70000
661479.799183673 1.58762593962585 70000
719377.813469388 1.58762593962585 70000
781352.83632653 1.44957964880952 70000
847693.675918367 1.44957964880952 70000
918706.789795918 1.37779878656463 70000
994722.702857143 1.37779878656463 70000
1076092.79836735 1.33974229421769 70000
1163195.73591837 1.33974229421769 70000
1256432.63795918 1.31722929676871 70000
1356238.32122449 1.31722929676871 70000
1463074.87877551 1.30783300340136 70000
1577434.88897959 1.30783300340136 70000
1699852.64693878 1.31185091326531 70000
1830892.93306122 1.31185091326531 70000
1971162.2444898 1.33256554506803 70000
2121313.60857143 1.33256554506803 70000
2282041.76938775 1.37918934438775 70000
2454091.21020408 1.37918934438775 70000
2638259.36244898 1.45720766071429 70000
2835401.41918367 1.45720766071429 70000
3046428.73061224 1.5596509914966 70000
3272321.64 1.5596509914966 70000
3514127.87918367 1.67100926870748 70000
3772964.17306122 1.67100926870748 70000
4050035.49346939 1.77575905357143 70000
4346622.22326531 1.77575905357143 70000
4664101.01469388 1.87480621428571 70000
5003943.18489796 1.87480621428571 70000
5367724.34285714 2.00608690646258 70000
5757129.20285714 2.00608690646258 70000
6173964.42040816 2.29020193707483 70000
6620161.80122449 2.29020193707483 70000
7097789.53265306 2.29020193707483 70000
7609060.20612245 2.29020193707483 70000
0 4046686.56303995 80000
11705.391122449 4046686.56303995 80000
24236.8309183673 4046686.56303995 80000
37655.5694897959 4046686.56303995 80000
52022.8569387755 5913408.03590089 80000
67406.565 5913408.03590089 80000
83877.8762244898 32664.9474772317 80000
101512.939387755 32664.9474772317 80000
120394.524897959 1636.13833625808 80000
140612.024795918 1636.13833625808 80000
162259.797346939 195.858985712372 80000
185437.167040816 195.858985712372 80000
210253.390816327 30.64879578125 80000
236824.347244898 30.64879578125 80000
265274.191938776 8.50725291156463 80000
295735.35755102 8.50725291156463 80000
328350.209183673 4.19712875467687 80000
363272.699795918 4.19712875467687 80000
400663.403979592 2.89371554719388 80000
440696.139591837 2.89371554719388 80000
483561.278571429 2.31044282716837 80000
529457.469897959 2.31044282716837 80000
578598.26122449 1.95591302763605 80000
631213.754285714 1.95591302763605 80000
687548.949489796 1.70443583503401 80000
747868.712142857 1.70443583503401 80000
812452.80622449 1.52010958482143 80000
881602.516020408 1.52010958482143 80000
955642.301530612 1.39872678125 80000
1034918.14306122 1.39872678125 80000
1119797.54122449 1.33584886118197 80000
1210679.44938776 1.33584886118197 80000
1307987.65204082 1.31714964647109 80000
1412175.73102041 1.31714964647109 80000
1523730.37632653 1.32974109481293 80000
1643171.38612245 1.32974109481293 80000
1771059.94377551 1.36903634608844 80000
1907990.34081633 1.36903634608844 80000
2054601.56479592 1.43174182780612 80000
2211580.61010204 1.43174182780612 80000
2379657.51173469 1.50766298469388 80000
2559620.24397959 1.50766298469388 80000
2752306.44336735 1.58317718707483 80000
2958616.65193878 1.58317718707483 80000
3179515.97265306 1.6598156875 80000
3416032.41397959 1.6598156875 80000
3669271.78857143 1.75806071322279 80000
3940417.71326531 1.75806071322279 80000
4230736.57530612 1.89584240391156 80000
4541580.84316326 1.89584240391156 80000
4874405.62061225 2.0615384147534 80000
5230762.02510204 2.0615384147534 80000
5612315.3972449 2.19949944132653 80000
6020846.95622449 2.19949944132653 80000
6458263.7322449 2.2159086747449 80000
6926610.15438775 2.2159086747449 80000
7428071.36142857 2.2159086747449 80000
7964988.1005102 2.2159086747449 80000
0 3997770.32708843 90000
12089.562244898 3997770.32708843 90000
25020.1979591837 3997770.32708843 90000
38849.2530612245 3997770.32708843 90000
53641.0244897959 6385810.08728506 90000
69463.2846938775 6385810.08728506 90000
86383.806122449 1552625.47120983 90000
104482.525510204 1552625.47120983 90000
123841.117346939 8720.40417721726 90000
144546.469387755 8720.40417721726 90000
166690.682653061 253.260725437925 90000
190376.284693878 253.260725437925 90000
215711.016326531 29.1063806483844 90000
242806.093877551 29.1063806483844 90000
271788.373469388 8.93690521683673 90000
302784.71122449 8.93690521683673 90000
335937.603061224 4.59456294430272 90000
371398.233673469 4.59456294430272 90000
409324.73877551 3.00616789328231 90000
449890.893877551 3.00616789328231 90000
493279.163265306 2.27757062287415 90000
539684.175510204 2.27757062287415 90000
589317.936734694 1.89731722363946 90000
642406.355102041 1.89731722363946 90000
699187.503061224 1.67428359693878 90000
759916.830612245 1.67428359693878 90000
824872.378571428 1.52649114583333 90000
894347.827551021 1.52649114583333 90000
968655.973469388 1.43183055697279 90000
1048132.20306122 1.43183055697279 90000
1133139.70714286 1.3770659289966 90000
1224059.05408163 1.3770659289966 90000
1321303.82959184 1.3440956462585 90000
1425315.42346939 1.3440956462585 90000
1536561.29183673 1.32607367772109 90000
1655547.12142857 1.32607367772109 90000
1782809.87857143 1.33390805697279 90000
1918926.49795918 1.33390805697279 90000
2064513.88265306 1.37960015518707 90000
2220227.16632653 1.37960015518707 90000
2386775.35306122 1.45785343962585 90000
2564909.15306122 1.45785343962585 90000
2755434.88469388 1.54695683248299 90000
2959216.2122449 1.54695683248299 90000
3177174.14591837 1.63378304209184 90000
3410293.99285714 1.63378304209184 90000
3659632.30816327 1.72407028061224 90000
3926316.89489796 1.72407028061224 90000
4211555.49285714 1.80849983630952 90000
4516635.77857143 1.80849983630952 90000
4842941.00510204 1.8343887670068 90000
5191946.52653061 1.8343887670068 90000
5565231.9622449 1.75331525085034 90000
5964486.41020408 1.75331525085034 90000
6391515.39795918 1.5121184630102 90000
6848253.04693878 1.5121184630102 90000
7336765.54795918 1.5121184630102 90000
7859263.3255102 1.5121184630102 90000
0 96162.7447481633 hpsmc
8124.10775510204 96162.7447481633 hpsmc
16856.3853061225 96162.7447481633 hpsmc
26243.4481632653 96162.7447481633 hpsmc
36334.08 341.099370176871 hpsmc
47181.4008163265 341.099370176871 hpsmc
58840.6987755102 46.9360754013605 hpsmc
71373.7665306122 46.9360754013605 hpsmc
84846.7330612245 17.693619292517 hpsmc
99328.9795918367 17.693619292517 hpsmc
114896.391836735 7.64200084353741 hpsmc
131630.275918367 7.64200084353741 hpsmc
149618.44244898 4.43509540136054 hpsmc
168955.206530612 4.43509540136054 hpsmc
189740.303673469 3.2813231292517 hpsmc
212083.226122449 3.2813231292517 hpsmc
236099.970612245 2.68994304761905 hpsmc
261917.374693878 2.68994304761905 hpsmc
289668.780408163 2.26003466666667 hpsmc
319499.454693877 2.26003466666667 hpsmc
351566.589387755 1.89984854421769 hpsmc
386036.048979592 1.89984854421769 hpsmc
423088.875102041 1.60397556462585 hpsmc
462919.118367347 1.60397556462585 hpsmc
505732.754285714 1.37674979591837 hpsmc
551755.271836735 1.37674979591837 hpsmc
601227.337142857 1.21471346938776 hpsmc
654405.87755102 1.21471346938776 hpsmc
711570.586122449 1.10902680272109 hpsmc
773018.50122449 1.10902680272109 hpsmc
839071.595102041 1.05101036734694 hpsmc
910073.521632653 1.05101036734694 hpsmc
986397.204897959 1.03460234013605 hpsmc
1068440.50285714 1.03460234013605 hpsmc
1156631.6277551 1.0564262585034 hpsmc
1251431.31428571 1.0564262585034 hpsmc
1353336.07183673 1.11603493877551 hpsmc
1462876.01632653 1.11603493877551 hpsmc
1580625.71102041 1.21746206802721 hpsmc
1707199.83020408 1.21746206802721 hpsmc
1843258.57959184 1.37156427210884 hpsmc
1989513.11673469 1.37156427210884 hpsmc
2146727.71918367 1.59826832653061 hpsmc
2315724.12081633 1.59826832653061 hpsmc
2497384.76408163 1.92806628571429 hpsmc
2692659.3044898 1.92806628571429 hpsmc
2902566.77877551 2.40171961904762 hpsmc
3128204.27755102 2.40171961904762 hpsmc
3370751.28163265 3.06539213605442 hpsmc
3631473.99836735 3.06539213605442 hpsmc
3911735.11836735 3.95621589115646 hpsmc
4212998.15183673 3.95621589115646 hpsmc
4536837.18530612 5.06791902040816 hpsmc
4884945.55428571 5.06791902040816 hpsmc
5259139.0955102 6.54987216326531 hpsmc
5661374.57632653 6.54987216326531 hpsmc
6093752.94693878 6.54987216326531 hpsmc
6558533.43346939 6.54987216326531 hpsmc
