0 1959408.49604296 100000
7319.79591836735 1959408.49604296 100000
15115.9416326531 1959408.49604296 100000
23418.8424489796 1959408.49604296 100000
32262.2820408163 2725597.88042032 100000
41680.0440816327 2725597.88042032 100000
51709.2906122449 6205622.23638429 100000
62390.5620408163 6205622.23638429 100000
73766.6510204082 10626741.1600389 100000
85882.6024489796 10626741.1600389 100000
98785.7134693877 85137.5352121905 100000
112526.659591837 85137.5352121905 100000
127161.746938776 1409.87437529252 100000
142748.407755102 1409.87437529252 100000
159348.57877551 64.2461396904762 100000
177026.448979592 64.2461396904762 100000
195854.090204082 8.37094911139456 100000
215905.826530612 8.37094911139456 100000
237261.612653061 2.50277898979592 100000
260004.781632653 2.50277898979592 100000
284226.549387755 1.28729168622449 100000
310022.636326531 1.28729168622449 100000
337495.519591837 0.917067200680272 100000
366754.433061225 0.917067200680272 100000
397916.493469388 0.773507703231293 100000
431102.195918367 0.773507703231293 100000
466446.675102041 0.701334984693877 100000
504087.317959184 0.701334984693877 100000
544176.151020408 0.659295426020408 100000
586870.831428571 0.659295426020408 100000
632340.27755102 0.641645802721089 100000
680764.668979592 0.641645802721089 100000
732337.69877551 0.648728643707483 100000
787263.195102041 0.648728643707483 100000
845759.625714286 0.674526232142857 100000
908057.845714286 0.674526232142857 100000
974405.602040816 0.708830737244898 100000
1045067.53346939 0.708830737244898 100000
1120321.7922449 0.740836075680272 100000
1200467.92693878 0.740836075680272 100000
1285823.50408163 0.759614167517007 100000
1376728.61265306 0.759614167517007 100000
1473541.35959184 0.762671120748299 100000
1576649.13102041 0.762671120748299 100000
1686458.45714286 0.764278191326531 100000
1803406.27346939 0.764278191326531 100000
1927955.41632653 0.781371791666667 100000
2060601.37959184 0.781371791666667 100000
2201870.06244898 0.818892784013606 100000
2352322.27387755 0.818892784013606 100000
2512553.73265306 0.86773599914966 100000
2683200.69795918 0.86773599914966 100000
2864941.0955102 0.902129655612245 100000
3058495.64367347 0.902129655612245 100000
3264632.35795918 0.858914706632653 100000
3484167.67714286 0.858914706632653 100000
3717974.34612245 0.858914706632653 100000
3966979.16367347 0.858914706632653 100000
0 1369764.65736248 10000
4452.92346938775 1369764.65736248 10000
9227.48469387755 1369764.65736248 10000
14346.5255102041 1369764.65736248 10000
19834.7397959184 202.898267378827 10000
25718.6734693878 202.898267378827 10000
32027.3418367347 24.4914237670068 10000
38790.3775510204 24.4914237670068 10000
46041.7346938775 10.9064638711735 10000
53816.6020408163 10.9064638711735 10000
62151.4030612245 6.87123734056122 10000
71088.1173469388 6.87123734056122 10000
80669.3418367347 4.26710847151361 10000
90941.3775510204 4.26710847151361 10000
101954.846938775 2.35476957908163 10000
113762.841836735 2.35476957908163 10000
126422.158163265 1.48872313988095 10000
139994.530612245 1.48872313988095 10000
154546.632653061 1.10127877338435 10000
170147.607142857 1.10127877338435 10000
186874.62244898 0.920110597363945 10000
204807.933673469 0.920110597363945 10000
224035.204081633 0.813997661564626 10000
244649.035714286 0.813997661564626 10000
266750.056122449 0.727408322704082 10000
290445.066326531 0.727408322704082 10000
315849.510204082 0.649437404336735 10000
343086.857142857 0.649437404336735 10000
372288.602040816 0.586716241496599 10000
403596.734693878 0.586716241496599 10000
437163.12244898 0.548433014455782 10000
473151.362244898 0.548433014455782 10000
511734.928571429 0.534249468537415 10000
553102.112244898 0.534249468537415 10000
597453.551020408 0.536385746173469 10000
645004.081632653 0.536385746173469 10000
695983.974489796 0.54757387329932 10000
750642.020408163 0.54757387329932 10000
809243.06122449 0.566719345238095 10000
872070.459183673 0.566719345238095 10000
939430.418367347 0.596890890731292 10000
1011649.51530612 0.596890890731292 10000
1089077.78571429 0.639913541666666 10000
1172091.81122449 0.639913541666666 10000
1261093.48469388 0.698215529336735 10000
1356515.56632653 0.698215529336735 10000
1458821.06632653 0.772228996598639 10000
1568505.71428571 0.772228996598639 10000
1686102.89795918 0.847362691326531 10000
1812183.04591837 0.847362691326531 10000
1947357.94897959 0.897293197278911 10000
2092283.22959184 0.897293197278911 10000
2247663.28061224 0.916932546768707 10000
2414251.26530612 0.916932546768707 10000
2592855.90816326 0.922664870323129 10000
2784344.58163265 0.922664870323129 10000
2989646.39285714 0.922664870323129 10000
3209757.12244898 0.922664870323129 10000
0 2887456.66691867 110000
7727.67346938776 2887456.66691867 110000
15949.1935714286 2887456.66691867 110000
24697.1614285714 2887456.66691867 110000
34005.3856122449 7802749.92552738 110000
43908.8821428571 7802749.92552738 110000
54446.2893877551 5789543.16008388 110000
65658.6606122449 5789543.16008388 110000
77588.2565306122 6184208.09174581 110000
90280.9602040816 6184208.09174581 110000
103786.277040816 85176.4619780716 110000
118156.127346939 85176.4619780716 110000
133444.846326531 986.030059678146 110000
149712.806428571 986.030059678146 110000
167021.58755102 52.9804890903486 110000
185437.599387755 52.9804890903486 110000
205033.288877551 8.8346450852466 110000
225882.310408163 8.8346450852466 110000
248065.563061224 2.93894339392007 110000
271668.775714286 2.93894339392007 110000
296782.507040816 1.51426931186224 110000
323503.352959184 1.51426931186224 110000
351933.946632653 1.02099370195578 110000
382184.165918367 1.02099370195578 110000
414371.133367347 0.810276246386054 110000
448616.801326531 0.810276246386054 110000
485055.196632653 0.714744392431973 110000
523825.175918367 0.714744392431973 110000
565076.462857143 0.67488096747449 110000
608967.233265306 0.67488096747449 110000
655667.73744898 0.660036891581633 110000
705356.677857143 0.660036891581633 110000
758224.831428571 0.655549206207483 110000
814477.464489796 0.655549206207483 110000
874329.502959184 0.659752637967687 110000
938012.777040816 0.659752637967687 110000
1005769.98397959 0.677253101615646 110000
1077865.55510204 0.677253101615646 110000
1154573.58132653 0.711494342261905 110000
1236191.09510204 0.711494342261905 110000
1323033.24061224 0.758509386904762 110000
1415432.06632653 0.758509386904762 110000
1513743.76969388 0.808525445365646 110000
1618347.48969388 0.808525445365646 110000
1729645.30683673 0.857771755102041 110000
1848067.07295918 0.857771755102041 110000
1974066.78887755 0.911790003826531 110000
2108131.05653061 0.911790003826531 110000
2250774.24918367 0.976755789965986 110000
2402546.96357143 0.976755789965986 110000
2564032.39755102 1.06926650595238 110000
2735852.38734694 1.06926650595238 110000
2918668.615 1.22079883737245 110000
3113185.02326531 1.22079883737245 110000
3320149.02306122 1.38047390284864 110000
3540359.94561224 1.38047390284864 110000
3774663.00520408 1.38047390284864 110000
4023961.37367347 1.38047390284864 110000
0 3414984.60287314 120000
8063.35112244898 3414984.60287314 120000
16636.0204081633 3414984.60287314 120000
25747.4408163265 3414984.60287314 120000
35433.4437755102 6702883.85560379 120000
45729.8607142857 6702883.85560379 120000
56676.3621428571 6026970.22860124 120000
68311.338877551 6026970.22860124 120000
80679.5802040816 3598654.11258542 120000
93827.1551020408 3598654.11258542 120000
107802.691938776 18183.37848299 120000
122659.937857143 18183.37848299 120000
138452.64 600.738086214286 120000
155240.943979592 600.738086214286 120000
173086.275102041 57.4801085410289 120000
192056.457142857 57.4801085410289 120000
212223.152959184 10.1319469491922 120000
233659.305102041 10.1319469491922 120000
256446.813979592 3.1708441519983 120000
280670.139387755 3.1708441519983 120000
306418.859897959 1.59023292517007 120000
333791.511938775 1.59023292517007 120000
362889.191326531 1.06431873193027 120000
393819.392346939 1.06431873193027 120000
426698.567142857 0.835192209183673 120000
461649.566326531 0.835192209183673 120000
498804.198367347 0.71666056377551 120000
538298.110816327 0.71666056377551 120000
580282.30755102 0.656928186011905 120000
624911.631530612 0.656928186011905 120000
672352.442959184 0.64018819047619 120000
722783.898979592 0.64018819047619 120000
776392.834897959 0.655027307397959 120000
833378.882959184 0.655027307397959 120000
893957.031734694 0.685489353741497 120000
958351.227653061 0.685489353741497 120000
1026803.33285714 0.715922073767007 120000
1099569.28612245 0.715922073767007 120000
1176920.38255102 0.740276247874149 120000
1259145.83295918 0.740276247874149 120000
1346552.76387755 0.765582194302721 120000
1439466.21755102 0.765582194302721 120000
1538235.55040816 0.803418476615646 120000
1643228.03459184 0.803418476615646 120000
1754837.81581633 0.857864119047619 120000
1873478.23520408 0.857864119047619 120000
1999595.90591837 0.918172359056122 120000
2133660.47561225 0.918172359056122 120000
2276173.58428571 0.957051058673469 120000
2427666.30489796 0.957051058673469 120000
2588704.26214286 0.944195467261905 120000
2759890.19183673 0.944195467261905 120000
2941863.94091837 0.883284704719388 120000
3135303.74714286 0.883284704719388 120000
3340932.63755102 0.820467731505102 120000
3559518.42846939 0.820467731505102 120000
3791878.84428571 0.820467731505102 120000
4038880.2377551 0.820467731505102 120000
0 2156191.41616004 130000
8531.52591836734 2156191.41616004 130000
17594.7306122449 2156191.41616004 130000
27222.5014285714 2156191.41616004 130000
37449.0960204082 9996875.34805124 130000
48312.8829591837 9996875.34805124 130000
59853.601122449 4610574.24941623 130000
72110.9893877551 4610574.24941623 130000
85133.0084693877 4681460.74613099 130000
98966.2487755102 4681460.74613099 130000
113660.041326531 115533.966260474 130000
129267.828061224 115533.966260474 130000
145848.532142857 1945.41789243197 130000
163462.447040816 1945.41789243197 130000
182171.236530612 100.078232210247 130000
202046.156530612 100.078232210247 130000
223158.462959184 13.6834372988946 130000
245583.522653061 13.6834372988946 130000
269406.294591837 3.76358287776361 130000
294713.108061224 3.76358287776361 130000
321594.403265306 1.6819565567602 130000
350150.21255102 1.6819565567602 130000
380483.308877551 1.04918344706633 130000
412704.687040816 1.04918344706633 130000
446933.563673469 0.805248973639456 130000
483291.896020408 0.805248973639456 130000
521915.344387755 0.703366713435374 130000
562943.68 0.703366713435374 130000
606526.26622449 0.67159559502551 130000
652822.058571429 0.67159559502551 130000
701999.604693878 0.676965482142857 130000
754241.155306122 0.676965482142857 130000
809733.072040816 0.696860614158163 130000
868682.271122449 0.696860614158163 130000
931301.15 0.718534289328231 130000
997818.549795918 0.718534289328231 130000
1068477.01469388 0.740701845663265 130000
1143535.53255102 0.740701845663265 130000
1223266.79428571 0.767925260629252 130000
1307962.67510204 0.767925260629252 130000
1397932.86418367 0.800321581207483 130000
1493503.49438775 0.800321581207483 130000
1595025.36408163 0.829828839710884 130000
1702868.45591837 0.829828839710884 130000
1817426.0477551 0.848950319727891 130000
1939116.08295918 0.848950319727891 130000
2068382.54071429 0.855419306547619 130000
2205698.17663265 0.855419306547619 130000
2351563.15244898 0.843494788477891 130000
2506510.5172449 0.843494788477891 130000
2671104.83714286 0.805605824192177 130000
2845947.67653061 0.805605824192177 130000
3031676.2277551 0.745312354804422 130000
3228968.79234694 0.745312354804422 130000
3438546.15132653 0.657164558673469 130000
3661171.56520408 0.657164558673469 130000
3897658.99581633 0.657164558673469 130000
4148870.36571429 0.657164558673469 130000
0 3183195.17047714 140000
9075.56571428571 3183195.17047714 140000
18697.2342857143 3183195.17047714 140000
28896.6857142857 3183195.17047714 140000
39710.1257142857 4748132.15213229 140000
51175.2685714286 4748132.15213229 140000
63329.8285714286 9412372.04605343 140000
76214.5371428571 9412372.04605343 140000
89874.6514285714 4579332.93311686 140000
104356.937142857 4579332.93311686 140000
119711.177142857 272263.888829429 140000
135987.154285714 272263.888829429 140000
153243.702857143 3954.05832485714 140000
171538.148571429 3954.05832485714 140000
190933.851428571 153.682602857143 140000
211495.68 153.682602857143 140000
233293.028571429 16.2935865714286 140000
256404.342857143 16.2935865714286 140000
280903.542857143 4.02825028571429 140000
306878.125714286 4.02825028571429 140000
334415.588571429 1.74885857142857 140000
363609.462857143 1.74885857142857 140000
394559.314285714 1.07988571428571 140000
427370.742857143 1.07988571428571 140000
462155.382857143 0.837452 140000
499033.92 0.837452 140000
538131.565714286 0.741972 140000
579579.565714286 0.741972 140000
623521.234285714 0.704462 140000
670107.428571428 0.704462 140000
719496.548571429 0.692993714285714 140000
771856.045714285 0.692993714285714 140000
827365.44 0.694716 140000
886214.811428571 0.694716 140000
948603.291428571 0.704122571428571 140000
1014745.09714286 0.704122571428571 140000
1084866.51428571 0.718809142857143 140000
1159207.40571429 0.718809142857143 140000
1238019.70285714 0.736805142857143 140000
1321571.93142857 0.736805142857143 140000
1410152.22857143 0.753163714285714 140000
1504060.8 0.753163714285714 140000
1603618.97142857 0.763682857142857 140000
1709166.17142857 0.763682857142857 140000
1821064.45714286 0.773542 140000
1939692.48 0.773542 140000
2065457.55428571 0.791138857142857 140000
2198789.62285714 0.791138857142857 140000
2340141.25714286 0.810363714285714 140000
2489996.70857143 0.810363714285714 140000
2648868.89142857 0.806884571428571 140000
2817296.36571429 0.806884571428571 140000
2995858.42285714 0.761913428571428 140000
3185161.50857143 0.761913428571428 140000
3385852.8 0.672084285714286 140000
3598617.18857143 0.672084285714286 140000
3824181.80571429 0.672084285714286 140000
4063316.02285714 0.672084285714286 140000
0 1561714.50275435 150000
9256.01285714286 1561714.50275435 150000
19074.0142857143 1561714.50275435 150000
29487.6014285714 1561714.50275435 150000
40530.3714285714 5942025.05880161 150000
52245.0842857143 5942025.05880161 150000
64668.3914285714 4413851.39399038 150000
77844.58 4413851.39399038 150000
91819.4642857143 948146.085313732 150000
106641.912857143 948146.085313732 150000
122362.321428571 35956.3009845804 150000
139035.667142857 35956.3009845804 150000
156719.981428571 1742.76289645536 150000
175474.822857143 1742.76289645536 150000
195368.912857143 123.279962482143 150000
216466.391428571 123.279962482143 150000
238845.142857143 16.56869825 150000
262578.47 16.56869825 150000
287751.892857143 4.37297357142857 150000
314449.404285714 4.37297357142857 150000
342765.687142857 1.8881053422619 150000
372798.478571429 1.8881053422619 150000
404653.151428571 1.1306838452381 150000
438436.605714286 1.1306838452381 150000
474269.485714286 0.845801708333333 150000
512272.435714286 0.845801708333333 150000
552579.844285714 0.732809044642857 150000
595330.681428571 0.732809044642857 150000
640673.08 0.693800089285714 150000
688762.808571429 0.693800089285714 150000
739769.38 0.689495455357143 150000
793865.361428571 0.689495455357143 150000
851241.645714286 0.706367202380952 150000
912095.234285714 0.706367202380952 150000
976638.4 0.739665279761905 150000
1045092.57857143 0.739665279761905 150000
1117696.00428571 0.779437806547619 150000
1194700.65571429 0.779437806547619 150000
1276372.25571429 0.810012479166667 150000
1362994.85285714 0.810012479166667 150000
1454869.29428571 0.820817014880952 150000
1552310.17142857 0.820817014880952 150000
1655659.56428571 0.813782613095238 150000
1765271.77 0.813782613095238 150000
1881528.57428571 0.802421306547619 150000
2004831.61571429 0.802421306547619 150000
2135610.02142857 0.805978276785714 150000
2274314.29857143 0.805978276785714 150000
2421425.49714286 0.837577407738095 150000
2577453.68285714 0.837577407738095 150000
2742940.99142857 0.887868130952381 150000
2918458.57428571 0.887868130952381 150000
3104614.23428571 0.917007925595238 150000
3302053.95285714 0.917007925595238 150000
3511460.36285714 0.863472023809524 150000
3733560.38428571 0.863472023809524 150000
3969123.69714286 0.863472023809524 150000
4218964.26857143 0.863472023809524 150000
0 2732722.25775549 160000
9745.34448979592 2732722.25775549 160000
20068.1175510204 2732722.25775549 160000
30999.6653061224 2732722.25775549 160000
42576.2832653061 6699813.35622467 160000
54839.2163265306 6699813.35622467 160000
67824.76 9699099.11969426 160000
81577.4587755102 9699099.11969426 160000
96141.8571428571 7043355.48194994 160000
111567.448979592 7043355.48194994 160000
127905.377959184 553023.634106155 160000
145206.787755102 553023.634106155 160000
163531.071020408 5245.97166702211 160000
182937.620408163 5245.97166702211 160000
203490.777959184 150.799430938775 160000
225258.185306122 150.799430938775 160000
248312.433469388 15.7624836003401 160000
272726.113469388 15.7624836003401 160000
298585.014693877 4.21074318877551 160000
325968.327346939 4.21074318877551 160000
354971.739591837 1.89928286904762 160000
385687.64 1.89928286904762 160000
418218.315918367 1.1624427670068 160000
452671.004081633 1.1624427670068 160000
489157.890612245 0.876405962585034 160000
527801.060408163 0.876405962585034 160000
568727.547755102 0.763790205782313 160000
612070.986122449 0.763790205782313 160000
657974.907755102 0.723861707482993 160000
706591.093877551 0.723861707482993 160000
758077.924897959 0.71236469217687 160000
812608.629387755 0.71236469217687 160000
870358.085714285 0.712625909863945 160000
931520.969795918 0.712625909863945 160000
996296.906938775 0.720283712585034 160000
1064898.72081633 0.720283712585034 160000
1137554.08326531 0.730512447278911 160000
1214500.56489796 0.730512447278911 160000
1295992.23428571 0.734413527210884 160000
1382299.65795918 0.734413527210884 160000
1473704.95102041 0.727501569727891 160000
1570510.02612245 0.727501569727891 160000
1673033.29387755 0.716898193877551 160000
1781612.96244898 0.716898193877551 160000
1896608.68734694 0.718884823129252 160000
2018396.62204082 0.718884823129252 160000
2147377.66693877 0.753561471088435 160000
2283980.76897959 0.753561471088435 160000
2428653.02285714 0.841801493197279 160000
2581871.21959184 0.841801493197279 160000
2744140.19673469 0.996225828231292 160000
2915996.13795918 0.996225828231292 160000
3098003.27346939 1.17791647789116 160000
3290763.77877551 1.17791647789116 160000
3494911.1755102 1.224726 160000
3711118.58040816 1.224726 160000
3940097.0555102 1.224726 160000
4182603.85714286 1.224726 160000
0 3357552.92219742 170000
10178.2876530612 3357552.92219742 170000
20953.7663265306 3357552.92219742 170000
32361.1564285714 3357552.92219742 170000
44438.6504081633 5636969.00719807 170000
57222.7046938775 5636969.00719807 170000
70756.7197959184 11523010.0551143 170000
85084.0962244898 11523010.0551143 170000
100251.706530612 7251043.99850031 170000
116308.159285714 7251043.99850031 170000
133305.535102041 670284.00322741 170000
151301.122653061 670284.00322741 170000
170350.474591837 8047.46198639605 170000
190517.823673469 8047.46198639605 170000
211867.402653061 281.280710289541 170000
234468.652346939 281.280710289541 170000
258394.485612245 26.5679044247449 170000
283723.023367347 26.5679044247449 170000
310537.594591837 5.80868811862245 170000
338925.000306122 5.80868811862245 170000
368975.513571429 2.24746287053571 170000
400788.08755102 2.24746287053571 170000
434466.883469388 1.25653157142857 170000
470119.534591837 1.25653157142857 170000
507862.354285714 0.896788359056122 170000
547818.6 0.896788359056122 170000
590116.737244898 0.750159735331632 170000
634895.647653061 0.750159735331632 170000
682301.156938775 0.693778855867347 170000
732484.298877551 0.693778855867347 170000
785609.995408163 0.681550762117347 170000
841851.848571428 0.681550762117347 170000
901390.404489796 0.69066125255102 170000
964420.097448979 0.69066125255102 170000
1031145.77785714 0.710871423469388 170000
1101784.44826531 0.710871423469388 170000
1176563.52734694 0.742333176658163 170000
1255727.79397959 0.742333176658163 170000
1339532.44316327 0.784279769770408 170000
1428251.76612245 0.784279769770408 170000
1522173.9422449 0.825503021045918 170000
1621601.03908163 0.825503021045918 170000
1726859.42846939 0.850722334183673 170000
1838287.63438776 0.850722334183673 170000
1956250.22112245 0.85696115752551 170000
2081130.84918367 0.85696115752551 170000
2213332.27530612 0.862064334183673 170000
2353283.29653061 0.862064334183673 170000
2501442.2222449 0.886560305484694 170000
2658288.19408163 0.886560305484694 170000
2824329.86602041 0.927118082270408 170000
3000105.40438775 0.927118082270408 170000
3186189.43193878 0.953765995535714 170000
3383184.3477551 0.953765995535714 170000
3591727.27132653 0.928553915816327 170000
3812498.72265306 0.928553915816327 170000
4046215.67816326 0.928553915816327 170000
4293635.0427551 0.928553915816327 170000
0 4543825.27978487 180000
10539.5106122449 4543825.27978487 180000
21689.3755102041 4543825.27978487 180000
33487.7418367347 4543825.27978487 180000
45969.1236734694 6685663.43195693 180000
59175.3012244898 6685663.43195693 180000
73148.0546938775 11545346.7266887 180000
87930.9808163265 11545346.7266887 180000
103573.125918367 5327630.76472263 180000
120119.903265306 5327630.76472263 180000
137629.441836735 590562.601598904 180000
156152.604489796 590562.601598904 180000
175752.969795918 7720.36830217347 180000
196488.666734694 7720.36830217347 180000
218426.906938775 289.043191014031 180000
241638.535102041 289.043191014031 180000
266198.028979592 29.0099068354592 180000
292181.682857143 29.0099068354592 180000
319673.057142857 6.37682096556122 180000
348759.345306122 6.37682096556122 180000
379533.190408163 2.4303590127551 180000
412090.868571428 2.4303590127551 180000
446539.555102041 1.31592126658163 180000
482986.425306122 1.31592126658163 180000
521547.737142857 0.901771209183673 180000
562345.198163265 0.901771209183673 180000
605511.415102041 0.738510520408163 180000
651180.81122449 0.738510520408163 180000
699500.525510204 0.68956637372449 180000
750624.963061224 0.68956637372449 180000
804713.978571428 0.69086443622449 180000
861940.142448979 0.69086443622449 180000
922488.740816326 0.709200042091837 180000
986548.692857143 0.709200042091837 180000
1054325.26653061 0.735070465561224 180000
1126034.62897959 0.735070465561224 180000
1201905.66306122 0.765868228316326 180000
1282176.33428571 0.765868228316326 180000
1367106.40653061 0.792283610969388 180000
1456962.90979592 0.792283610969388 180000
1552031.03938775 0.800809951530612 180000
1652617.78897959 0.800809951530612 180000
1759039.23489796 0.792162508928571 180000
1871635.06836735 0.792162508928571 180000
1990763.14591837 0.787992057397959 180000
2116803.12244898 0.787992057397959 180000
2250154.63469388 0.809207621173469 180000
2391244.56734694 0.809207621173469 180000
2540519.78693878 0.851563059948979 180000
2698456.2244898 0.851563059948979 180000
2865555.24244898 0.889119830357143 180000
3042349.08428571 0.889119830357143 180000
3229399.05795918 0.923028401785714 180000
3427302.80204082 0.923028401785714 180000
3636688.83612245 1.13297392729592 180000
3858222.01040816 1.13297392729592 180000
4092608.95530612 1.13297392729592 180000
4340594.44836735 1.13297392729592 180000
0 3387433.82927543 190000
10797.0846938776 3387433.82927543 190000
22217.0420408163 3387433.82927543 190000
34291.766122449 3387433.82927543 190000
47062.5316326531 13199456.6665795 190000
60568.7371428571 13199456.6665795 190000
74853.5334693878 6118309.25289468 190000
89958.1953061224 6118309.25289468 190000
105933.377959184 8190481.14233075 190000
122825.984489796 8190481.14233075 190000
140692.298571429 167225.756140599 190000
159588.603877551 167225.756140599 190000
179569.307959184 3742.84305817049 190000
200701.95122449 3742.84305817049 190000
223050.321836735 213.492959314201 190000
246683.836326531 213.492959314201 190000
271679.415714286 26.7719781113946 190000
298112.104897959 26.7719781113946 190000
326066.329387755 6.36089153996599 190000
355630.266938775 6.36089153996599 190000
386893.971428571 2.45523454591837 190000
419958.753469388 2.45523454591837 190000
454924.04755102 1.34698165518707 190000
491904.297142857 1.34698165518707 190000
531012.069591837 0.941629765731292 190000
572369.312857143 0.941629765731292 190000
616107.355510204 0.772356617772109 190000
662363.154489796 0.772356617772109 190000
711281.17122449 0.708201047193877 190000
763015.247755102 0.708201047193877 190000
817724.854489796 0.701493909438775 190000
875584.470816326 0.701493909438775 190000
936772.328367347 0.721244006802721 190000
1001483.54387755 0.721244006802721 190000
1069918.86244898 0.745567152636054 190000
1142292.16204082 0.745567152636054 190000
1218830.45346939 0.766259219812925 190000
1299773.88040816 0.766259219812925 190000
1385375.71938776 0.784395070153061 190000
1475904.25591837 0.784395070153061 190000
1571642.7844898 0.801678848214286 190000
1672889.60857143 0.801678848214286 190000
1779965.54510204 0.815054037840136 190000
1893204.54387755 0.815054037840136 190000
2012959.31591837 0.816754273809524 190000
2139605.08571429 0.816754273809524 190000
2273541.46734694 0.800346019557823 190000
2415184.96 0.800346019557823 190000
2564982.08081633 0.763448944727891 190000
2723398.10816327 0.763448944727891 190000
2890932.09061224 0.706629794642857 190000
3068109.34244898 0.706629794642857 190000
3255481.44367347 0.637682294642857 190000
3453637.49673469 0.637682294642857 190000
3663198.49816326 0.557489785714286 190000
3884821.09081633 0.557489785714286 190000
4119195.6877551 0.557489785714286 190000
4367061.48122449 0.557489785714286 190000
0 5440158.71929992 200000
11328.076122449 5440158.71929992 200000
23301.3089795918 5440158.71929992 200000
35953.5493877551 5440158.71929992 200000
49326.6130612245 9258941.01589817 200000
63462.3157142857 9258941.01589817 200000
78400.4818367347 8263563.53787757 200000
94188.9008163265 8263563.53787757 200000
110875.362040816 6708653.01246632 200000
128509.646122449 6708653.01246632 200000
147149.498571429 497240.68968837 200000
166848.68244898 497240.68968837 200000
187668.925714286 5652.55754442219 200000
209673.94755102 5652.55754442219 200000
232929.458367347 264.864368270408 200000
257509.133469388 264.864368270408 200000
283486.648163265 32.7692080739796 200000
310941.651428571 32.7692080739796 200000
339959.765918367 7.41626998001701 200000
370628.605510204 7.41626998001701 200000
403041.757755102 2.67184161394558 200000
437296.792653061 2.67184161394558 200000
473503.22755102 1.38989128741497 200000
511768.588571429 1.38989128741497 200000
552212.349183673 0.943272079506803 200000
594953.982857143 0.943272079506803 200000
640128.892857143 0.771558005952381 200000
687874.473673469 0.771558005952381 200000
738336.084693877 0.714521869472789 200000
791667.050204081 0.714521869472789 200000
848032.641836735 0.712899851190476 200000
907606.096122449 0.712899851190476 200000
970566.623265306 0.737889718537415 200000
1037111.3544898 0.737889718537415 200000
1107439.4122449 0.771387922193878 200000
1181769.83122449 0.771387922193878 200000
1260327.61979592 0.803318036564626 200000
1343355.70734694 0.803318036564626 200000
1431106.97938776 0.829266180697279 200000
1523850.25122449 0.829266180697279 200000
1621870.26795918 0.846809698129252 200000
1725465.71326531 0.846809698129252 200000
1834955.18306122 0.855396853741497 200000
1950673.20306122 0.855396853741497 200000
2072976.20244898 0.855069131377551 200000
2202234.54897959 0.855069131377551 200000
2338848.47877551 0.845822382653061 200000
2483232.16653061 0.845822382653061 200000
2635831.64653061 0.827536304421769 200000
2797110.87408163 0.827536304421769 200000
2967565.66408163 0.793353617346939 200000
3147717.71734694 0.793353617346939 200000
3338118.60306122 0.736400448554422 200000
3539351.75 0.736400448554422 200000
3752032.44653061 0.64941712542517 200000
3976813.81428571 0.64941712542517 200000
4214380.8344898 0.64941712542517 200000
4465464.28653061 0.64941712542517 200000
0 1727030.75636042 20000
4858.26591836735 1727030.75636042 20000
10063.112244898 1727030.75636042 20000
15637.7353061224 1727030.75636042 20000
21610.1071428571 1826938.70707617 20000
28007.5175510204 1826938.70707617 20000
34859.9853061224 2677.81575004762 20000
42200.9404081633 2677.81575004762 20000
50065.1773469388 44.2669257789116 20000
58488.8551020408 44.2669257789116 20000
67512.226122449 9.88964295153061 20000
77178.2718367347 9.88964295153061 20000
87532.7026530612 5.47246683715986 20000
98624.6402040816 5.47246683715986 20000
110506.617346939 2.9604126960034 20000
123234.578163265 2.9604126960034 20000
136868.560204082 1.68971025340136 20000
151474.058979592 1.68971025340136 20000
167119.298979592 1.15303651785714 20000
183878.644897959 1.15303651785714 20000
201831.237142857 0.945736405612245 20000
221063.038571429 0.945736405612245 20000
241663.423265306 0.844869340136054 20000
263731.316734694 0.844869340136054 20000
287371.10244898 0.747613908588435 20000
312693.986326531 0.747613908588435 20000
339820.043469388 0.658708870323129 20000
368878.218163265 0.658708870323129 20000
400004.959387755 0.601728629251701 20000
433348.996530612 0.601728629251701 20000
469067.245918367 0.57587581164966 20000
507329.586530612 0.57587581164966 20000
548316.131020408 0.570612576530612 20000
592221.319183673 0.570612576530612 20000
639253.235714286 0.575973884353741 20000
689634.974693877 0.575973884353741 20000
743603.957346939 0.586036996598639 20000
801416.707755102 0.586036996598639 20000
863345.441632653 0.604051104591837 20000
929685.571020408 0.604051104591837 20000
1000748.88183673 0.637208206632653 20000
1076873.08530612 0.637208206632653 20000
1158419.08897959 0.680580504676871 20000
1245770.99673469 0.680580504676871 20000
1339344.29571429 0.714533559098639 20000
1439581.08061224 0.714533559098639 20000
1546955.51163265 0.723580410714286 20000
1661976.54346939 0.723580410714286 20000
1785188.60755102 0.719722884353741 20000
1917175.02326531 0.719722884353741 20000
2058560.72693878 0.741624366921769 20000
2210014.31857143 0.741624366921769 20000
2372253.51979592 0.83870781590136 20000
2546046.53836735 0.83870781590136 20000
2732215.47938776 1.0536604417517 20000
2931641.80326531 1.0536604417517 20000
3145270.41918367 1.0536604417517 20000
3374111.73183673 1.0536604417517 20000
0 3717619.26883313 210000
11715.406122449 3717619.26883313 210000
24089.5432653061 3717619.26883313 210000
37159.9340816327 3717619.26883313 210000
50966.1858163265 8020344.40476066 210000
65545.821122449 8020344.40476066 210000
80944.7010204082 11329289.1031059 210000
97210.771122449 11329289.1031059 210000
114389.89244898 10992890.1072142 210000
132536.264387755 10992890.1072142 210000
151699.917142857 3700462.2269431 210000
171943.388469388 3700462.2269431 210000
193322.962346939 26989.474445588 210000
215903.261122449 26989.474445588 210000
239755.160918367 635.790795137542 210000
264945.368673469 635.790795137542 210000
291553.098877551 43.4163370461309 210000
319653.396836735 43.4163370461309 210000
349335.9 7.57409083609694 210000
380686.076632653 7.57409083609694 210000
413797.733367347 2.61879889519558 210000
448770.930612245 2.61879889519558 210000
485707.813367347 1.38729152444728 210000
524723.034183673 1.38729152444728 210000
565929.161020408 0.957961149872449 210000
609453.353979592 0.957961149872449 210000
655422.773163265 0.788900751913265 210000
703975.001632653 0.788900751913265 210000
755255.960816327 0.729029537202381 210000
809419.910510204 0.729029537202381 210000
866629.448877551 0.719431728954082 210000
927051.343265306 0.719431728954082 210000
990871.122346939 0.733815412627551 210000
1058276.39938775 0.733815412627551 210000
1129471.46438776 0.761180023384354 210000
1204666.86112245 0.761180023384354 210000
1284089.81010204 0.794885267644558 210000
1367975.87020408 0.794885267644558 210000
1456575.19244898 0.829498177933673 210000
1550156.68918367 0.829498177933673 210000
1648995.52653061 0.861878837797619 210000
1753389.80112245 0.861878837797619 210000
1863652.20173469 0.8886615 210000
1980110.00928571 0.8886615 210000
2103115.51979592 0.902871467687075 210000
2233033.53683673 0.902871467687075 210000
2370251.7944898 0.892630910289115 210000
2515183.04193878 0.892630910289115 210000
2668260.87428571 0.847004406462585 210000
2829941.81714286 0.847004406462585 210000
3000709.49581633 0.770643201743197 210000
3181074.63530612 0.770643201743197 210000
3371575.06030612 0.686256318452381 210000
3572786.11816326 0.686256318452381 210000
3785301.91755102 0.601921549957483 210000
4009764.5127551 0.601921549957483 210000
4246840.97316327 0.601921549957483 210000
4497242.14459184 0.601921549957483 210000
0 3046814.67943594 220000
12196.4086734694 3046814.67943594 220000
25058.6040816327 3046814.67943594 220000
38622.3331632653 3046814.67943594 220000
52925.5770408163 17088844.8823993 220000
68010.7852040816 17088844.8823993 220000
83918.1729591837 6620404.91645332 220000
100696.892346939 6620404.91645332 220000
118389.392857143 6811552.33068477 220000
137047.060714286 6811552.33068477 220000
156723.516326531 146848.81597463 220000
177474.614285714 146848.81597463 220000
199358.443367347 4346.40696057079 220000
222437.560714286 4346.40696057079 220000
246776.757653061 271.03526332483 220000
272443.059693878 271.03526332483 220000
299510.194897959 32.5919037191752 220000
328056.359693878 32.5919037191752 220000
358159.750510204 7.51507242240646 220000
389907.500510204 7.51507242240646 220000
423386.742857143 2.8262237287415 220000
458695.781632653 2.8262237287415 220000
495930.686734694 1.48309301339286 220000
535198.698979592 1.48309301339286 220000
576609.293367347 0.99313653380102 220000
620280.881632653 0.99313653380102 220000
666336.343877551 0.802053320578231 220000
714905.262755102 0.802053320578231 220000
766126.157653061 0.73381762755102 220000
820144.250510204 0.73381762755102 220000
877109.231632653 0.71739637755102 220000
937186.430612245 0.71739637755102 220000
1000541.17704082 0.724019801232993 220000
1067354.43979592 0.724019801232993 220000
1137813.89030612 0.742251670918367 220000
1212120.60510204 0.742251670918367 220000
1290484.59744898 0.76290390625 220000
1373124.81734694 0.76290390625 220000
1460275.85408163 0.776406753826531 220000
1552185.70204082 0.776406753826531 220000
1649111.29234694 0.781610539965986 220000
1751329.66377551 0.781610539965986 220000
1859126.79183673 0.791696948341837 220000
1972808.75969388 0.791696948341837 220000
2092695.05561224 0.826168540603742 220000
2219127.50969388 0.826168540603742 220000
2352459.12295918 0.896228816964286 220000
2493071.94081633 0.896228816964286 220000
2641359.17959184 0.99484940795068 220000
2797740.86581633 0.99484940795068 220000
2962659.36785714 1.09163145195578 220000
3136579.39591837 1.09163145195578 220000
3319994.70459184 1.13668748937075 220000
3513421.39030612 1.13668748937075 220000
3717406.82806122 1.05666182291667 220000
3932529.67142857 1.05666182291667 220000
4159393.15 1.05666182291667 220000
4398640.70867347 1.05666182291667 220000
0 4775506.70676899 230000
12430.0285714286 4775506.70676899 230000
25546.8489795918 4775506.70676899 230000
39382.0897959184 4775506.70676899 230000
53980.9346938775 8698986.58423695 230000
69381.7897959184 8698986.58423695 230000
85629.8387755102 12293816.783304 230000
102772.524489796 12293816.783304 230000
120859.548979592 8137714.71388052 230000
139940.614285714 8137714.71388052 230000
160072.2 2242087.75705075 230000
181310.785714286 2242087.75705075 230000
203717.369387755 22793.8774132653 230000
227357.467346939 22793.8774132653 230000
252298.855102041 727.58619872449 230000
278613.826530612 727.58619872449 230000
306374.675510204 58.2135153061224 230000
335662.732653061 58.2135153061224 230000
366563.846938776 10.026407755102 230000
399163.867346939 10.026407755102 230000
433559.93877551 3.13971463010204 230000
469846.946938775 3.13971463010204 230000
508131.073469388 1.53071460459184 230000
548520.759183673 1.53071460459184 230000
591133.481632653 1.01086232142857 230000
636091.236734694 1.01086232142857 230000
683522.797959184 0.812844872448979 230000
733563.716326531 0.812844872448979 230000
786358.579591837 0.739708507653061 230000
842058.753061224 0.739708507653061 230000
900824.63877551 0.721955089285714 230000
962821.157142857 0.721955089285714 230000
1028231.30204082 0.728210204081633 230000
1097240.32653061 0.728210204081633 230000
1170044.77959184 0.745365880102041 230000
1246857.0244898 0.745365880102041 230000
1327896.20204082 0.770113354591837 230000
1413392.74897959 0.770113354591837 230000
1503595.1755102 0.802772678571428 230000
1598761.02857143 0.802772678571428 230000
1699161.41020408 0.843367385204082 230000
1805087.75510204 0.843367385204082 230000
1916842.79387755 0.889511211734694 230000
2034747.33061225 0.889511211734694 230000
2159137.98367347 0.937156454081633 230000
2290373.96326531 0.937156454081633 230000
2428830.29387755 0.982151862244898 230000
2574906.85102041 0.982151862244898 230000
2729019.3244898 1.01457585459184 230000
2891612.77346939 1.01457585459184 230000
3063152.58979592 1.00962918367347 230000
3244131.2755102 1.00962918367347 230000
3435068.44285714 0.946969783163265 230000
3636510.81428571 0.946969783163265 230000
3849036.74081633 0.819900114795918 230000
4073258.46122449 0.819900114795918 230000
4309817.58367347 0.819900114795918 230000
4559394.12244898 0.819900114795918 230000
0 3817689.96930943 240000
13229.9897959184 3817689.96930943 240000
27158.9224489796 3817689.96930943 240000
41826.7375510204 3817689.96930943 240000
57273.3746938775 6336130.73626287 240000
73538.7734693877 6336130.73626287 240000
90662.8734693877 489978.299023876 240000
108698.095408163 489978.299023876 240000
127686.875102041 80226.4922067279 240000
147684.129489796 80226.4922067279 240000
168739.783061224 23617.4110787224 240000
190911.248979592 23617.4110787224 240000
214258.436632653 3675.57431517028 240000
238841.255408163 3675.57431517028 240000
264727.103367347 370.273866170706 240000
291985.874795918 370.273866170706 240000
320689.960204082 45.3958445269983 240000
350914.246326531 45.3958445269983 240000
382741.108571428 9.1459845142432 240000
416252.922346939 9.1459845142432 240000
451542.047959184 3.08563509651361 240000
488700.845714286 3.08563509651361 240000
527829.164591837 1.54585462138605 240000
569031.846020408 1.54585462138605 240000
612416.227653061 1.01849079464286 240000
658102.128265306 1.01849079464286 240000
706206.870408163 0.815994983843537 240000
756862.753979592 0.815994983843537 240000
810202.078877551 0.746360721513605 240000
866369.626122449 0.746360721513605 240000
925512.672959184 0.73410321917517 240000
987790.977755102 0.73410321917517 240000
1053369.29132653 0.744020511054422 240000
1122422.34938775 0.744020511054422 240000
1195137.36877551 0.762216947491496 240000
1271704.06255102 0.762216947491496 240000
1352327.12112245 0.785177012329932 240000
1437223.71602041 0.785177012329932 240000
1526621.00367347 0.810290070790816 240000
1620756.12540816 0.810290070790816 240000
1719878.70367347 0.832402459396258 240000
1824255.8344898 0.832402459396258 240000
1934162.10255102 0.846740148809524 240000
2049894.55857143 0.846740148809524 240000
2171760.23816326 0.850832916879252 240000
2300083.6505102 0.850832916879252 240000
2435209.27459184 0.843495056972789 240000
2577494.0705102 0.843495056972789 240000
2727322.45683673 0.824528951318027 240000
2885088.83704082 0.824528951318027 240000
3051217.56928571 0.79369537840136 240000
3226147.98908163 0.79369537840136 240000
3410351.88285714 0.749096167517007 240000
3604316.01438775 0.749096167517007 240000
3808559.59836735 0.677574135416667 240000
4023629.30795918 0.677574135416667 240000
4250094.28234694 0.677574135416667 240000
4488563.60030612 0.677574135416667 240000
0 8339418.59537838 250000
13517.4404081633 8339418.59537838 250000
27756.0471428571 8339418.59537838 250000
42756.3067346939 8339418.59537838 250000
58556.1753061224 5773885.83278241 250000
75201.2002040816 5773885.83278241 250000
92734.3983673469 10051257.1038823 250000
111206.377959184 10051257.1038823 250000
130662.686326531 14189821.2725169 250000
151158.99244898 14189821.2725169 250000
172750.965306122 3095487.03899586 250000
195494.273877551 3095487.03899586 250000
219454.70877551 38237.9173897755 250000
244695.530204082 38237.9173897755 250000
271282.52877551 1167.66100629719 250000
299291.616734694 1167.66100629719 250000
328796.175918367 80.8583388443877 250000
359874.648979592 80.8583388443877 250000
392615.600204082 12.0518490867347 250000
427105.063469388 12.0518490867347 250000
463436.663877551 3.41480163137755 250000
501709.087346939 3.41480163137755 250000
542026.080612245 1.57690819387755 250000
584498.981632653 1.57690819387755 250000
629236.597959184 1.02256956887755 250000
676367.980408163 1.02256956887755 250000
726014.588571428 0.82442806632653 250000
778313.064489796 0.82442806632653 250000
833405.111020408 0.753038926020408 250000
891440.022244898 0.753038926020408 250000
952577.213877551 0.734619663265306 250000
1016978.63204082 0.734619663265306 250000
1084818.87489796 0.745010151785714 250000
1156285.19265306 0.745010151785714 250000
1231567.36591837 0.775744067602041 250000
1310872.88816327 0.775744067602041 250000
1394411.78326531 0.818645029336735 250000
1482414.31836735 0.818645029336735 250000
1575120.8822449 0.861498545918367 250000
1672776.9244898 0.861498545918367 250000
1775648.13795918 0.89000781122449 250000
1884015.39795918 0.89000781122449 250000
1998172.23183673 0.892016322704081 250000
2118427.34938775 0.892016322704081 250000
2245107.17326531 0.862958802295918 250000
2378553.30857143 0.862958802295918 250000
2519125.07326531 0.810162890306122 250000
2667209.61979592 0.810162890306122 250000
2823201.69183673 0.750076239795918 250000
2987526.39795918 0.750076239795918 250000
3160631.62040816 0.696363054846939 250000
3342982.95428571 0.696363054846939 250000
3535073.82918367 0.65081043622449 250000
3737425.50918367 0.65081043622449 250000
3950587.09285714 0.597107794642857 250000
4175135.51326531 0.597107794642857 250000
4411678.06836735 0.597107794642857 250000
4660857.48183673 0.597107794642857 250000
0 5990814.8897677 260000
14054.7155102041 5990814.8897677 260000
28838.1739795918 5990814.8897677 260000
44388.3025510204 5990814.8897677 260000
60745.7374489796 10191458.2006468 260000
77953.8239795918 10191458.2006468 260000
96053.1983673469 9963434.48044009 260000
115089.915 9963434.48044009 260000
135115.446428571 9504239.94914296 260000
156178.556122449 9504239.94914296 260000
178336.134795918 1205653.61178419 260000
201645.073163265 1205653.61178419 260000
226159.552857143 17395.6347338263 260000
251947.300918367 17395.6347338263 260000
279073.335306122 661.938524336947 260000
307605.383061224 661.938524336947 260000
337619.298469388 62.0303162321429 260000
369190.935816327 62.0303162321429 260000
402398.858469388 11.9675317859269 260000
437329.757040816 11.9675317859269 260000
474073.03122449 3.83450186989796 260000
512720.789795918 3.83450186989796 260000
553375.977857143 1.75442948490646 260000
596138.831428571 1.75442948490646 260000
641123.131938776 1.0626485582483 260000
688437.242653061 1.0626485582483 260000
738208.490408163 0.809191395833333 260000
790561.492959184 0.809191395833333 260000
845631.704387755 0.729804016156463 260000
903557.287857143 0.729804016156463 260000
964487.242857143 0.728940496386054 260000
1028578.69612245 0.728940496386054 260000
1095996.90163265 0.758339676020408 260000
1166912.53153061 0.758339676020408 260000
1241504.38520408 0.786948706845238 260000
1319970.22561224 0.786948706845238 260000
1402505.10663265 0.801611611181973 260000
1489320.33663265 0.801611611181973 260000
1580640.76938776 0.807413561011905 260000
1676699.38591837 0.807413561011905 260000
1777740.00357143 0.817312996811224 260000
1884022.69418367 0.817312996811224 260000
1995821.075 0.838737317389456 260000
2113419.59959184 0.838737317389456 260000
2237116.26693878 0.86541612755102 260000
2367233.4577551 0.86541612755102 260000
2504098.97091837 0.880174978528912 260000
2648067.69612245 0.880174978528912 260000
2799502.65030612 0.869028236394558 260000
2958793.94122449 0.869028236394558 260000
3126350.64020408 0.833127260841837 260000
3302600.78214286 0.833127260841837 260000
3487994.07459184 0.786982570365646 260000
3683004.60683673 0.786982570365646 260000
3888133.55897959 0.736266304634354 260000
4103903.78377551 0.736266304634354 260000
4330867.93387755 0.736266304634354 260000
4569608.46183673 0.736266304634354 260000
0 3574650.42451979 270000
14331.8093877551 3574650.42451979 270000
29416.0524489796 3574650.42451979 270000
45288.2987755102 3574650.42451979 270000
61995.0624489796 14888765.9519756 270000
79574.6491836735 14888765.9519756 270000
98076.3091836735 8308289.68480319 270000
117546.556530612 8308289.68480319 270000
138034.641428571 7078349.56130177 270000
159598.02244898 7078349.56130177 270000
182291.422040816 646354.147501025 270000
206175.034897959 646354.147501025 270000
231306.319591837 13900.3068085319 270000
257756.415306122 13900.3068085319 270000
285590.988979592 630.708185820153 270000
314883.915918367 630.708185820153 270000
345709.071428571 58.372402125 270000
378151.275306122 58.372402125 270000
412292.61122449 10.8213300841837 270000
448223.37122449 10.8213300841837 270000
486036.583469388 3.48908054591837 270000
525828.012244898 3.48908054591837 270000
567704.366326531 1.67846291581633 270000
611775.090612245 1.67846291581633 270000
658155.102244898 1.07875047704082 270000
706964.790612245 1.07875047704082 270000
758330.017346939 0.852997573979592 270000
812384.852448979 0.852997573979592 270000
869274.310408163 0.775656512755102 270000
929140.669591837 0.775656512755102 270000
992145.36122449 0.765635464285714 270000
1058449.81653061 0.765635464285714 270000
1128226.41122449 0.785044832908163 270000
1201661.20163265 0.785044832908163 270000
1278940.24408163 0.812292052295918 270000
1360266.01163265 0.812292052295918 270000
1445854.65795918 0.837755091836735 270000
1535925.07285714 0.837755091836735 270000
1630715.29897959 0.858965741071428 270000
1730468.85122449 0.858965741071428 270000
1835448.39734694 0.872475345663265 270000
1945927.54959184 0.872475345663265 270000
2062193.60081633 0.873336084183673 270000
2184550.26061224 0.873336084183673 270000
2313314.91918367 0.861074835459184 270000
2448826.85571429 0.861074835459184 270000
2591436.29387755 0.842645910714286 270000
2741515.34632653 0.842645910714286 270000
2899458.01469388 0.828885494897959 270000
3065671.98122449 0.828885494897959 270000
3240595.0255102 0.82738062755102 270000
3424681.34387755 0.82738062755102 270000
3618407.02163265 0.834089827806122 270000
3822283.71367347 0.834089827806122 270000
4036839.49163265 0.822563911989796 270000
4262632.5244898 0.822563911989796 270000
4500256.55081633 0.822563911989796 270000
4750324.46204082 0.822563911989796 270000
0 2711142.2288906 280000
14772.3048979592 2711142.2288906 280000
30301.647244898 2711142.2288906 280000
46628.3256122449 2711142.2288906 280000
63795.5170408163 8896257.95941549 280000
81840.641632653 8896257.95941549 280000
100812.633367347 16552158.5822837 280000
120757.547755102 16552158.5822837 280000
141727.197244898 9215615.17046336 280000
163773.394285714 9215615.17046336 280000
186950.829795918 291771.007155033 280000
211317.073163265 291771.007155033 280000
236932.572244898 10187.9202044585 280000
263863.531836735 10187.9202044585 280000
292176.156734694 628.354173691964 280000
321942.408673469 628.354173691964 280000
353237.127857143 66.7228184623725 280000
386138.032959184 66.7228184623725 280000
420725.721122449 12.5410293679847 280000
457089.424897959 12.5410293679847 280000
495318.376836735 3.93978503826531 280000
535510.444897959 3.93978503826531 280000
577763.497040816 1.83174397895408 280000
622186.915102041 1.83174397895408 280000
668887.20244898 1.13707936352041 280000
717988.133265306 1.13707936352041 280000
769604.846326531 0.87530655994898 280000
823872.629693878 0.87530655994898 280000
880926.771428571 0.781612381377551 280000
940905.438061224 0.781612381377551 280000
1003964.06693878 0.759322234056123 280000
1070258.09540816 0.759322234056123 280000
1139957.35316327 0.765576908163265 280000
1213228.79142857 0.765576908163265 280000
1290262.38918367 0.782164088010204 280000
1371251.00387755 0.782164088010204 280000
1456393.24989796 0.802721156887755 280000
1545907.89091837 0.802721156887755 280000
1640013.69061224 0.824879374362245 280000
1738949.56193878 0.824879374362245 280000
1842963.05326531 0.845712296556123 280000
1952316.10530612 0.845712296556123 280000
2067279.29418367 0.860920209821429 280000
2188140.46683673 0.860920209821429 280000
2315207.6194898 0.865105984056122 280000
2448794.50530612 0.865105984056122 280000
2589235.02673469 0.85079759247449 280000
2736886.11397959 0.85079759247449 280000
2892113.33265306 0.812765815688775 280000
3055305.27612245 0.812765815688775 280000
3226873.5655102 0.756515726403061 280000
3407247.0927551 0.756515726403061 280000
3596874.89908163 0.69587597130102 280000
3796234.81040816 0.69587597130102 280000
4005827.68040816 0.631997938137755 280000
4226174.51204082 0.631997938137755 280000
4457830.84989796 0.631997938137755 280000
4701375.26632653 0.631997938137755 280000
0 5469091.18923429 290000
15403.3534693878 5469091.18923429 290000
31590.2371428571 5469091.18923429 290000
48597.0942857143 5469091.18923429 290000
66466.4420408163 7332443.02664626 290000
85240.7975510204 7332443.02664626 290000
104968.751836735 14904462.7215047 290000
125698.895918367 14904462.7215047 290000
147479.820816327 7208620.40508006 290000
170363.154489796 7208620.40508006 290000
194409.635714286 1953401.87330991 290000
219673.929387755 1953401.87330991 290000
246222.848163265 36706.2314241237 290000
274114.093877551 36706.2314241237 290000
303423.59 1309.52517817772 290000
334218.149183673 1309.52517817772 290000
366576.731836735 96.7550155897109 290000
400575.261428571 96.7550155897109 290000
436295.735306122 14.7198777440476 290000
473832.298571429 14.7198777440476 290000
513269.985510204 4.05356035756803 290000
554709.015102041 4.05356035756803 290000
598249.606326531 1.79591905272109 290000
644001.088979592 1.79591905272109 290000
692069.755918367 1.12540093282313 290000
742577.084693877 1.12540093282313 290000
795647.589795918 0.884109820153061 290000
851411.859591837 0.884109820153061 290000
910000.48244898 0.793994988945578 290000
971562.268367347 0.793994988945578 290000
1036249.06428571 0.766694174744898 290000
1104215.75408163 0.766694174744898 290000
1175629.36938776 0.770211962159864 290000
1250666.05265306 0.770211962159864 290000
1329508.02020408 0.790413931972789 290000
1412349.63612245 0.790413931972789 290000
1499391.33836735 0.816670798469388 290000
1590848.74959184 0.816670798469388 290000
1686946.60326531 0.841061213010204 290000
1787918.74367347 0.841061213010204 290000
1894011.16285714 0.861845262755102 290000
2005488.0744898 0.861845262755102 290000
2122616.72918367 0.881680269132653 290000
2245685.63612245 0.881680269132653 290000
2374998.48918367 0.901989797193877 290000
2510871.13 0.901989797193877 290000
2653634.58489796 0.922394229591837 290000
2803641.13877551 0.922394229591837 290000
2961255.22428571 0.940445034438775 290000
3126865.56959184 0.940445034438775 290000
3300873.05061224 0.943475646258503 290000
3483708.91265306 0.943475646258503 290000
3675816.54877551 0.91061343792517 290000
3877672.75836735 0.91061343792517 290000
4089763.45163265 0.816126680272109 290000
4312614.01897959 0.816126680272109 290000
4546768.07244898 0.816126680272109 290000
4792799.59346939 0.816126680272109 290000
0 5204460.30046391 300000
15958.0968367347 5204460.30046391 300000
32704.8863265306 5204460.30046391 300000
50275.9242857143 5204460.30046391 300000
68716.4635714286 10960183.5925211 300000
88065.2923469388 10960183.5925211 300000
108370.895816327 11563792.8770188 300000
129678.526836735 11563792.8770188 300000
152039.902959184 11331450.1691354 300000
175503.509387755 11331450.1691354 300000
200124.296020408 2525738.18803805 300000
225963.67744898 2525738.18803805 300000
253076.603571429 35324.1032129751 300000
281527.721326531 35324.1032129751 300000
311384.91 1275.54562437755 300000
342716.048877551 1275.54562437755 300000
375595.481938776 98.6275987684949 300000
410094.320816327 98.6275987684949 300000
446299.838877551 15.3109540433673 300000
484289.61244898 15.3109540433673 300000
524157.379591837 4.30894742729592 300000
565990.413673469 4.30894742729592 300000
609892.149795918 1.90618233035714 300000
655959.558367347 1.90618233035714 300000
704302.539183673 1.16021052933673 300000
755030.992040816 1.16021052933673 300000
808261.281428571 0.883481227040816 300000
864122.70122449 0.883481227040816 300000
922741.312959183 0.784187569515306 300000
984256.10755102 0.784187569515306 300000
1048806.07591837 0.763641964285714 300000
1116543.13836735 0.763641964285714 300000
1187622.44755102 0.77647034119898 300000
1262212.0855102 0.77647034119898 300000
1340483.36663265 0.797622011479592 300000
1422620.53469388 0.797622011479592 300000
1508811.06581633 0.815312376913265 300000
1599258.59785714 0.815312376913265 300000
1694170.00102041 0.828564999362245 300000
1793768.3072449 0.828564999362245 300000
1898283.01316327 0.841972505102041 300000
2007956.54479592 0.841972505102041 300000
2123047.48989796 0.858747038903061 300000
2243817.66857143 0.858747038903061 300000
2370551.52734694 0.877245491071428 300000
2503539.97744898 0.877245491071428 300000
2643096.55653061 0.892376915178571 300000
2789541.26693878 0.892376915178571 300000
2943216.73744898 0.894437536352041 300000
3104478.52622449 0.894437536352041 300000
3273701.5855102 0.86688177869898 300000
3451280.26163265 0.86688177869898 300000
3637621.83030612 0.800288697704082 300000
3833169.12306122 0.800288697704082 300000
4038364.97142857 0.690166677933673 300000
4253694.22744898 0.690166677933673 300000
4479654.67255102 0.690166677933673 300000
4716766.71459184 0.690166677933673 300000
0 2077875.75303582 30000
5158.38367346939 2077875.75303582 30000
10678.2673469388 2077875.75303582 30000
16583.2591836735 2077875.75303582 30000
22901.393877551 2148917.47580367 30000
29661.443877551 2148917.47580367 30000
36894.3948979592 120333.833695402 30000
44632.7081632653 120333.833695402 30000
52912.5336734694 913.590727793367 30000
61770.7591836735 913.590727793367 30000
71248.6989795918 49.0875409056122 30000
81389.1428571428 49.0875409056122 30000
92239.3071428571 9.29836251913265 30000
103847.883673469 9.29836251913265 30000
116267.990816327 3.56298519132653 30000
129556.435714286 3.56298519132653 30000
143773.714285714 1.89630265943878 30000
158986.224489796 1.89630265943878 30000
175261.839795918 1.23698936862245 30000
192675.073469388 1.23698936862245 30000
211306.340816327 0.938830255102041 30000
231240.483673469 0.938830255102041 30000
252568.245918367 0.798260242346939 30000
275387.748979592 0.798260242346939 30000
299802.278571429 0.726140070153061 30000
325923.973469388 0.726140070153061 30000
353873.087755102 0.675039770408163 30000
383775.77755102 0.675039770408163 30000
415769.265306122 0.639172576530612 30000
450000.364285714 0.639172576530612 30000
486624.740816326 0.618732149234694 30000
525809.865306122 0.618732149234694 30000
567735.75 0.606076575255102 30000
612591.997959184 0.606076575255102 30000
660585.918367347 0.594527633928571 30000
711935.148979592 0.594527633928571 30000
766875.033673469 0.581497034438775 30000
825656.409183673 0.581497034438775 30000
888548.556122449 0.571007079081633 30000
955837.723469388 0.571007079081633 30000
1027832.29285714 0.575448979591837 30000
1104861.30306122 0.575448979591837 30000
1187275.9255102 0.606526913265306 30000
1275453.15306122 0.606526913265306 30000
1369796.5377551 0.665418214285714 30000
1470736.92857143 0.665418214285714 30000
1578734.68469388 0.741387008928571 30000
1694284.83979592 0.741387008928571 30000
1817914.15102041 0.81664725127551 30000
1950188.47653061 0.81664725127551 30000
2091712.0377551 0.886411218112245 30000
2243131.10816327 0.886411218112245 30000
2405138.43979592 0.995582066326531 30000
2578473.26326531 0.995582066326531 30000
2763929.40306122 1.31594914540816 30000
2962352.32653061 1.31594914540816 30000
3174650.21020408 1.31594914540816 30000
3401792.46428571 1.31594914540816 30000
0 1328561.76806824 40000
5461.96928571428 1328561.76806824 40000
11299.3943877551 1328561.76806824 40000
17538.4698979592 1328561.76806824 40000
24206.9779591837 1818750.63848904 40000
31334.2882653061 1818750.63848904 40000
38951.3580612245 80194.056413067 40000
47093.1134693878 80194.056413067 40000
55795.2743877551 2171.58131392347 40000
65095.9420408163 2171.58131392347 40000
75036.392755102 104.607264074617 40000
85661.0779591837 104.607264074617 40000
97016.8304081633 13.1642111938775 40000
109154.451734694 13.1642111938775 40000
122126.331122449 3.79360034247449 40000
135991.207959184 3.79360034247449 40000
150809.409183673 1.90346209757653 40000
166648.405714286 1.90346209757653 40000
183576.462244898 1.32994771556122 40000
201668.98744898 1.32994771556122 40000
221006.946428571 1.05163844579082 40000
241675.273163265 1.05163844579082 40000
263765.251836735 0.873756661352041 40000
287376.104387755 0.873756661352041 40000
312611.021632653 0.764374396045918 40000
339581.925918367 0.764374396045918 40000
368409.471122449 0.694059115433673 40000
399219.86755102 0.694059115433673 40000
432150.438367347 0.645326260204082 40000
467346.444489796 0.645326260204082 40000
504964.259693877 0.611999264668367 40000
545170.576836735 0.611999264668367 40000
588143.201632653 0.589100494897959 40000
634073.433979592 0.589100494897959 40000
683162.892857143 0.574094830357143 40000
735630.660306122 0.574094830357143 40000
791708.51877551 0.569403286352041 40000
851644.12622449 0.569403286352041 40000
915704.19122449 0.582512158163265 40000
984172.091632653 0.582512158163265 40000
1057351.04969388 0.620725834183673 40000
1135564.92581633 0.620725834183673 40000
1219160.59989796 0.681406664540816 40000
1308507.97132653 0.681406664540816 40000
1404003.13408163 0.74370315880102 40000
1506069.1705102 0.74370315880102 40000
1615157.73887755 0.776580348214286 40000
1731752.24846939 0.776580348214286 40000
1856369.44714286 0.769196582270408 40000
1989561.00887755 0.769196582270408 40000
2131916.70887755 0.736354120535714 40000
2284067.59867347 0.736354120535714 40000
2446687.59367347 0.693771371811224 40000
2620496.64826531 0.693771371811224 40000
2806264.72469388 0.634570602040816 40000
3004814.96816326 0.634570602040816 40000
3217026.88193878 0.634570602040816 40000
3443839.50244898 0.634570602040816 40000
0 2488127.91642431 50000
5702.59275510204 2488127.91642431 50000
11796.5480612245 2488127.91642431 50000
18308.4553061224 2488127.91642431 50000
25267.3966326531 2277181.88633712 50000
32704.1160204082 2277181.88633712 50000
40651.0192857143 2084635.20983277 50000
49143.8359183673 2084635.20983277 50000
58219.1263265306 5212.25687571896 50000
67916.7745918367 5212.25687571896 50000
78280.8193877551 141.848915191964 50000
89356.1303061224 141.848915191964 50000
101190.900612245 16.0018588088861 50000
113838.309081633 16.0018588088861 50000
127353.196326531 4.97204586437075 50000
141796.219387755 4.97204586437075 50000
157229.697142857 2.4673722769983 50000
173722.595816327 2.4673722769983 50000
191348.03622449 1.46083931271258 50000
210182.462857143 1.46083931271258 50000
230309.798469388 1.03832251615646 50000
251818.951326531 1.03832251615646 50000
274802.984285714 0.850498612457483 50000
299365.762142857 0.850498612457483 50000
325613.64244898 0.738873385204082 50000
353662.122857143 0.738873385204082 50000
383636.672040816 0.667307078656462 50000
415667.744183673 0.667307078656462 50000
449897.426326531 0.638507101828231 50000
486476.114693878 0.638507101828231 50000
525565.838367347 0.639012577168367 50000
567337.766530612 0.639012577168367 50000
611976.363061224 0.641945026573129 50000
659678.555612245 0.641945026573129 50000
710654.566530612 0.631189826955782 50000
765128.74377551 0.631189826955782 50000
823342.053673469 0.612968479591837 50000
885549.588163265 0.612968479591837 50000
952027.212142857 0.606509820365646 50000
1023066.57795918 0.606509820365646 50000
1098981.7727551 0.625823479166667 50000
1180106.82571429 0.625823479166667 50000
1266799.86265306 0.66644500085034 50000
1359442.27510204 0.66644500085034 50000
1458442.04397959 0.704064829931973 50000
1564237.06326531 0.704064829931973 50000
1677292.6472449 0.714863306547619 50000
1798106.51602041 0.714863306547619 50000
1927212.11918367 0.706663180909864 50000
2065178.63581633 0.706663180909864 50000
2212613.4672449 0.728087026147959 50000
2370166.39163265 0.728087026147959 50000
2538532.05673469 0.849283394345238 50000
2718453.30357143 0.849283394345238 50000
2910721.99734694 1.1424400497449 50000
3116185.67479592 1.1424400497449 50000
3335750.03693878 1.1424400497449 50000
3570383.93459184 1.1424400497449 50000
0 2047805.79764016 60000
6096.06612244898 2047805.79764016 60000
12601.0812244898 2047805.79764016 60000
19542.3085714286 2047805.79764016 60000
26948.8289795918 6597867.61037658 60000
34852.4495918367 6597867.61037658 60000
43285.8863265306 2864534.99019177 60000
52285.4902040816 2864534.99019177 60000
61889.4297959184 156543.133989279 60000
72136.7824489796 156543.133989279 60000
83071.1693877551 1966.21740354124 60000
94739.8469387755 1966.21740354124 60000
107190.071428571 73.2702697436224 60000
120476.369387755 73.2702697436224 60000
134654.176122449 8.25255822236395 60000
149782.562040816 8.25255822236395 60000
165925.141428571 2.5046364247449 60000
183151.89 2.5046364247449 60000
201532.783469388 1.4546958920068 60000
221147.794081633 1.4546958920068 60000
242077.802857143 1.09998187755102 60000
264411.869795918 1.09998187755102 60000
288244.50755102 0.898744900510204 60000
313675.681428571 0.898744900510204 60000
340812.626938776 0.778210975340136 60000
369769.849795918 0.778210975340136 60000
400669.125918367 0.708825965136054 60000
433641.318979592 0.708825965136054 60000
468825.471632653 0.663290632227891 60000
506369.714285714 0.663290632227891 60000
546433.082653061 0.632564553571429 60000
589182.791428571 0.632564553571429 60000
634800.595714286 0.616085424319728 60000
683478.247142857 0.616085424319728 60000
735420.220204082 0.611893697278912 60000
790847.347346939 0.611893697278912 60000
849993.183877551 0.617813991071429 60000
913104.916734694 0.617813991071429 60000
980451.543469388 0.633195016581633 60000
1052314.7844898 0.633195016581633 60000
1128998.17081633 0.657605105442177 60000
1210826.13530612 0.657605105442177 60000
1298143.10387755 0.687880582908163 60000
1391316.22183673 0.687880582908163 60000
1490740.80653061 0.713218380102041 60000
1596833.07714286 0.713218380102041 60000
1710042.87755102 0.716366908588435 60000
1830846.40612245 0.716366908588435 60000
1959753.48591837 0.688431528061225 60000
2097306.65591837 0.688431528061225 60000
2244087.53244898 0.640171761904762 60000
2400714.08285714 0.640171761904762 60000
2567846.98693878 0.589507527210884 60000
2746191.4544898 0.589507527210884 60000
2936498.13408163 0.532985477040816 60000
3139571.29204082 0.532985477040816 60000
3356265.17734694 0.532985477040816 60000
3587495.83571429 0.532985477040816 60000
0 2379944.01169857 70000
6356.85714285714 2379944.01169857 70000
13137.186122449 2379944.01169857 70000
20368.7085714286 2379944.01169857 70000
28080.1020408163 3635114.98595004 70000
36304.8236734694 3635114.98595004 70000
45077.2865306122 7717057.40657622 70000
54431.9036734694 7717057.40657622 70000
64409.7795918367 321099.796510583 70000
75050.1069387755 321099.796510583 70000
86398.7697959184 2251.85562738435 70000
98501.6522448979 2251.85562738435 70000
111410.373877551 67.0568469982993 70000
125176.554285714 67.0568469982993 70000
139858.504489796 7.7951996292517 70000
155517.403265306 7.7951996292517 70000
172217.297142857 2.68844074829932 70000
190027.968163265 2.68844074829932 70000
209023.022040816 1.65809417857143 70000
229281.8 1.65809417857143 70000
250887.466938775 1.23401493537415 70000
273929.879183673 1.23401493537415 70000
298504.628571429 0.970952175170068 70000
324713.998367347 0.970952175170068 70000
352666.007346939 0.803971159863946 70000
382477.27755102 0.803971159863946 70000
414271.12244898 0.707435353741496 70000
448179.45877551 0.707435353741496 70000
484343.76244898 0.654322139455782 70000
522912.200816327 0.654322139455782 70000
564045.368163265 0.625393659863945 70000
607914.373877551 0.625393659863945 70000
654700.842448979 0.608848306122449 70000
704598.825306122 0.608848306122449 70000
757815.756734694 0.601800399659864 70000
814570.542040816 0.601800399659864 70000
875101.204897959 0.610429554421769 70000
939657.24 0.610429554421769 70000
1008506.3044898 0.637705091836735 70000
1081933.26204082 0.637705091836735 70000
1160244.96244898 0.674223164965986 70000
1243763.55020408 0.674223164965986 70000
1332837.9355102 0.706009442176871 70000
1427835.19102041 0.706009442176871 70000
1529150.11102041 0.732173724489796 70000
1637203.29959184 0.732173724489796 70000
1752442.12653061 0.769094079931973 70000
1875345.50693878 0.769094079931973 70000
2006421.98938775 0.829000289115646 70000
2146216.44734694 0.829000289115646 70000
2295307.21142857 0.889187299319728 70000
2454313.71673469 0.889187299319728 70000
2623894.59102041 0.897854292517007 70000
2804753.39020408 0.897854292517007 70000
2997639.55428571 0.815332647959184 70000
3203355.09877551 0.815332647959184 70000
3422750.79102041 0.815332647959184 70000
3656736.66530612 0.815332647959184 70000
0 2080625.34741178 80000
6805.38367346939 2080625.34741178 80000
14050.4351020408 2080625.34741178 80000
21764.6057142857 2080625.34741178 80000
29978.3987755102 82540.5423410638 80000
38722.3175510204 82540.5423410638 80000
48033.1763265306 321.975485790816 80000
57945.6857142857 321.975485790816 80000
68499.8155102041 116.766162127551 80000
79736.5873469388 116.766162127551 80000
91700.1783673469 202.937056104592 80000
104437.92122449 202.937056104592 80000
118000.304081633 106.117789951531 80000
132439.91877551 106.117789951531 80000
147813.564489796 21.0535816122449 80000
164182.247755102 21.0535816122449 80000
181609.07877551 5.04027015306122 80000
200163.47877551 5.04027015306122 80000
219919.076326531 2.03187465561224 80000
240952.655510204 2.03187465561224 80000
263346.259591837 1.20923971938776 80000
287189.294693877 1.20923971938776 80000
312575.374285714 0.896487022959184 80000
339603.371020408 0.896487022959184 80000
368379.520408163 0.750943497448979 80000
399017.420816327 0.750943497448979 80000
431638.033469388 0.683117558673469 80000
466369.682448979 0.683117558673469 80000
503348.054693877 0.654818767857143 80000
542718.303673469 0.654818767857143 80000
584636.10122449 0.642038951530612 80000
629265.533877551 0.642038951530612 80000
676782.258367347 0.632184556122449 80000
727373.501632653 0.632184556122449 80000
781238.060816326 0.621962017857143 80000
838587.355102041 0.621962017857143 80000
899646.47755102 0.616455214285714 80000
964657.350612245 0.616455214285714 80000
1033872.41510204 0.623721653061224 80000
1107567.2522449 0.623721653061224 80000
1186029.01346939 0.647225821428571 80000
1269566.93877551 0.647225821428571 80000
1358510.25306122 0.683632520408163 80000
1453207.11428571 0.683632520408163 80000
1554030.9244898 0.722901091836735 80000
1661378.22612245 0.722901091836735 80000
1775670.80571429 0.750669581632653 80000
1897356.74571428 0.750669581632653 80000
2026916.7355102 0.759884109693877 80000
2164857.76040816 0.759884109693877 80000
2311724.67183673 0.763372701530612 80000
2468091.77265306 0.763372701530612 80000
2634576.49102041 0.78344525255102 80000
2811832.01755102 0.78344525255102 80000
3000555.72 0.826136676020408 80000
3201489.14326531 0.826136676020408 80000
3415423.26857143 0.826136676020408 80000
3643197.46163265 0.826136676020408 80000
0 2274839.82504729 90000
7095.52326530612 2274839.82504729 90000
14651.2848979592 2274839.82504729 90000
22700.0032653061 2274839.82504729 90000
31272.2155102041 7392194.34213731 90000
40401.7306122449 7392194.34213731 90000
50124.5387755102 7861241.13551533 90000
60480.9926530612 7861241.13551533 90000
71510.3542857143 808017.423407496 90000
83257.3387755102 808017.423407496 90000
95768.8424489796 3888.81131385034 90000
109093.942857143 3888.81131385034 90000
123286.08 179.187880394558 90000
138401.965714286 179.187880394558 90000
154500.493061224 27.2825059863946 90000
171647.09877551 27.2825059863946 90000
189908.310204082 6.30639941496599 90000
209358.288979592 6.30639941496599 90000
230073.377959184 2.27774367346939 90000
252136.463673469 2.27774367346939 90000
275633.704489796 1.26048191836735 90000
300661.074285714 1.26048191836735 90000
327315.63755102 0.92830187755102 90000
355704.274285714 0.92830187755102 90000
385940.408163265 0.783688965986394 90000
418142.915918367 0.783688965986394 90000
452440.489795918 0.703115442176871 90000
488969.456326531 0.703115442176871 90000
527874.866938775 0.658484408163265 90000
569310.497959184 0.658484408163265 90000
613443.213061224 0.641754870748299 90000
660446.419591837 0.641754870748299 90000
710506.612244898 0.643645265306122 90000
763824.463673469 0.643645265306122 90000
820610.462040816 0.654455959183673 90000
881091.454693877 0.654455959183673 90000
945506.285714285 0.673039537414966 90000
1014112.33959184 0.673039537414966 90000
1087181.17877551 0.704242408163265 90000
1165002.90612245 0.704242408163265 90000
1247888.34612245 0.746871714285714 90000
1336165.77306122 0.746871714285714 90000
1430186.36408163 0.789621442176871 90000
1530323.10857143 0.789621442176871 90000
1636974.08 0.815014530612245 90000
1750563.52653061 0.815014530612245 90000
1871542.96163265 0.808934367346939 90000
2000392.25469388 0.808934367346939 90000
2137625.08408163 0.775270802721088 90000
2283784.57469388 0.775270802721088 90000
2439453.11346939 0.734702299319728 90000
2605247.98693878 0.734702299319728 90000
2781830.10612245 0.701756721088435 90000
2969898.55346939 0.701756721088435 90000
3170202.57959184 0.65275187755102 90000
3383538.33142857 0.65275187755102 90000
3610751.03346939 0.65275187755102 90000
3852746.9844898 0.65275187755102 90000
0 96162.7447481633 hpsmc
8124.10775510204 96162.7447481633 hpsmc
16856.3853061225 96162.7447481633 hpsmc
26243.4481632653 96162.7447481633 hpsmc
36334.08 341.099370176871 hpsmc
47181.4008163265 341.099370176871 hpsmc
58840.6987755102 46.9360754013605 hpsmc
71373.7665306122 46.9360754013605 hpsmc
84846.7330612245 17.693619292517 hpsmc
99328.9795918367 17.693619292517 hpsmc
114896.391836735 7.64200084353741 hpsmc
131630.275918367 7.64200084353741 hpsmc
149618.44244898 4.43509540136054 hpsmc
168955.206530612 4.43509540136054 hpsmc
189740.303673469 3.2813231292517 hpsmc
212083.226122449 3.2813231292517 hpsmc
236099.970612245 2.68994304761905 hpsmc
261917.374693878 2.68994304761905 hpsmc
289668.780408163 2.26003466666667 hpsmc
319499.454693877 2.26003466666667 hpsmc
351566.589387755 1.89984854421769 hpsmc
386036.048979592 1.89984854421769 hpsmc
423088.875102041 1.60397556462585 hpsmc
462919.118367347 1.60397556462585 hpsmc
505732.754285714 1.37674979591837 hpsmc
551755.271836735 1.37674979591837 hpsmc
601227.337142857 1.21471346938776 hpsmc
654405.87755102 1.21471346938776 hpsmc
711570.586122449 1.10902680272109 hpsmc
773018.50122449 1.10902680272109 hpsmc
839071.595102041 1.05101036734694 hpsmc
910073.521632653 1.05101036734694 hpsmc
986397.204897959 1.03460234013605 hpsmc
1068440.50285714 1.03460234013605 hpsmc
1156631.6277551 1.0564262585034 hpsmc
1251431.31428571 1.0564262585034 hpsmc
1353336.07183673 1.11603493877551 hpsmc
1462876.01632653 1.11603493877551 hpsmc
1580625.71102041 1.21746206802721 hpsmc
1707199.83020408 1.21746206802721 hpsmc
1843258.57959184 1.37156427210884 hpsmc
1989513.11673469 1.37156427210884 hpsmc
2146727.71918367 1.59826832653061 hpsmc
2315724.12081633 1.59826832653061 hpsmc
2497384.76408163 1.92806628571429 hpsmc
2692659.3044898 1.92806628571429 hpsmc
2902566.77877551 2.40171961904762 hpsmc
3128204.27755102 2.40171961904762 hpsmc
3370751.28163265 3.06539213605442 hpsmc
3631473.99836735 3.06539213605442 hpsmc
3911735.11836735 3.95621589115646 hpsmc
4212998.15183673 3.95621589115646 hpsmc
4536837.18530612 5.06791902040816 hpsmc
4884945.55428571 5.06791902040816 hpsmc
5259139.0955102 6.54987216326531 hpsmc
5661374.57632653 6.54987216326531 hpsmc
6093752.94693878 6.54987216326531 hpsmc
6558533.43346939 6.54987216326531 hpsmc
