0 1964409.34217149 100000
7583.7087755102 1964409.34217149 100000
15653.4767346939 1964409.34217149 100000
24238.9416326531 1964409.34217149 100000
33373.297755102 4471771.92565105 100000
43093.2959183673 4471771.92565105 100000
53434.5014285714 4182640.72131513 100000
64436.036122449 4182640.72131513 100000
76142.9493877551 159097.311376704 100000
88597.9195918367 159097.311376704 100000
101849.552653061 4053.13127855867 100000
115950.011020408 4053.13127855867 100000
130951.457142857 261.571771647959 100000
146913.166530612 261.571771647959 100000
163895.600204082 31.6869267784864 100000
181965.146734694 31.6869267784864 100000
201190.565714286 7.00985021215986 100000
221645.35877551 7.00985021215986 100000
243408.955102041 2.59851487670068 100000
266564.340408163 2.59851487670068 100000
291201.613469388 1.40260676020408 100000
317415.615102041 1.40260676020408 100000
345305.928163265 0.987073084608843 100000
374980.434081633 0.987073084608843 100000
406552.941836735 0.814850559523809 100000
440146.744489796 0.814850559523809 100000
475887.506122449 0.727750136904762 100000
513916.30244898 0.727750136904762 100000
554377.765714286 0.677385711734694 100000
597427.197755102 0.677385711734694 100000
643230.57 0.653719964285714 100000
691964.523469388 0.653719964285714 100000
743816.36877551 0.654053389030612 100000
798985.271632653 0.654053389030612 100000
857683.438367347 0.673164801445578 100000
920137.301428571 0.673164801445578 100000
986585.148367347 0.703165619047619 100000
1057285.42040816 0.703165619047619 100000
1132507.22836735 0.733660399234694 100000
1212542.2077551 0.733660399234694 100000
1297697.40571429 0.756392557397959 100000
1388298.83755102 0.756392557397959 100000
1484697.41428571 0.769247933673469 100000
1587263.01510204 0.769247933673469 100000
1696390.41489796 0.773918349914966 100000
1812499.28428571 0.773918349914966 100000
1936035.37510204 0.777571203231292 100000
2067474.07693878 0.777571203231292 100000
2207322.78816327 0.792987775510204 100000
2356117.35938775 0.792987775510204 100000
2514430.39204082 0.829390348214286 100000
2682871.23836735 0.829390348214286 100000
2862088.37244898 0.891518492346939 100000
3052770.57571429 0.891518492346939 100000
3255651.67897959 1.07945149744898 100000
3471511.74795918 1.07945149744898 100000
3701180.63979592 1.07945149744898 100000
3945542.74510204 1.07945149744898 100000
0 169552.768437215 10000
4679.69918367347 169552.768437215 10000
9695.43020408163 169552.768437215 10000
15071.2883673469 169552.768437215 10000
20833.3226530612 18.9536757708333 10000
27010.1869387755 18.9536757708333 10000
33630.5351020408 26.7045360812075 10000
40726.2771428571 26.7045360812075 10000
48331.9279591837 46.4037010867347 10000
56484.6073469388 46.4037010867347 10000
65222.7375510204 19.1730095357143 10000
74588.6481632653 19.1730095357143 10000
84627.9248979592 6.04935317389456 10000
95388.1071428571 6.04935317389456 10000
106921.944081633 2.64675269982993 10000
119284.138571429 2.64675269982993 10000
132535.254489796 1.61705281717687 10000
146737.809387755 1.61705281717687 10000
161961.484285714 1.19010461479592 10000
178278.565102041 1.19010461479592 10000
195768.50122449 0.957233520833333 10000
214514.649387755 0.957233520833333 10000
234608.832244898 0.813619526785714 10000
256146.128571429 0.813619526785714 10000
279230.734285714 0.716289956632653 10000
303974.66 0.716289956632653 10000
330496.428571429 0.648620948554422 10000
358924.33122449 0.648620948554422 10000
389394.473877551 0.607135235119048 10000
422054.033265306 0.607135235119048 10000
457060.605714286 0.583818684948979 10000
494582.858367347 0.583818684948979 10000
534801.180408163 0.569091514455782 10000
577908.985510204 0.569091514455782 10000
624114.665510204 0.559434397959184 10000
673640.287959184 0.559434397959184 10000
726724.852244898 0.558089890731293 10000
783623.638367347 0.558089890731293 10000
844610.811836735 0.573264778061224 10000
909980.726122449 0.573264778061224 10000
980047.922653061 0.61218493835034 10000
1055149.0844898 0.61218493835034 10000
1135647.59489796 0.677061821428571 10000
1221929.63 0.677061821428571 10000
1314411.97346939 0.761510713860544 10000
1413540.06285714 0.761510713860544 10000
1519790.5944898 0.837301034013605 10000
1633676.08204082 0.837301034013605 10000
1755744.85653061 0.858966458758503 10000
1886584.97367347 0.858966458758503 10000
2026826.16755102 0.813174523384354 10000
2177145.06040816 0.813174523384354 10000
2338265.16265306 0.730759350765306 10000
2510962.73387755 0.730759350765306 10000
2696070.03897959 0.625528256802721 10000
2894477.95306122 0.625528256802721 10000
3107142.47367347 0.625528256802721 10000
3335088.62816327 0.625528256802721 10000
0 2371273.27783202 110000
7885.44367346939 2371273.27783202 110000
16273.5006122449 2371273.27783202 110000
25192.7142857143 2371273.27783202 110000
34680.3153061224 5557669.54688147 110000
44769.8112244898 5557669.54688147 110000
55500.9146938776 5529356.98970631 110000
66913.3383673469 5529356.98970631 110000
79050.5179591837 3623561.8456174 110000
91959.612244898 3623561.8456174 110000
105690.262040816 40516.6581745765 110000
120292.108163265 40516.6581745765 110000
135820.996530612 749.825277809949 110000
152337.737142857 749.825277809949 110000
169904.381020408 42.7772831517857 110000
188586.702244898 42.7772831517857 110000
208456.68 7.58818308928571 110000
229588.775510204 7.58818308928571 110000
252063.655102041 2.83089165306122 110000
275965.708163265 2.83089165306122 110000
301388.01122449 1.52386188647959 110000
328426.122857143 1.52386188647959 110000
357181.806734694 1.0339923494898 110000
387764.272653061 1.0339923494898 110000
420290.176530612 0.823365331632653 110000
454883.620408163 0.823365331632653 110000
491673.670408163 0.72105612627551 110000
530803.043877551 0.72105612627551 110000
572418.18122449 0.669546022959184 110000
616677.933061225 0.669546022959184 110000
663751.078163265 0.652818102040816 110000
713813.841428571 0.652818102040816 110000
767058.581020408 0.66541187372449 110000
823687.583265306 0.66541187372449 110000
883913.062653061 0.696794177295918 110000
947967.09 0.696794177295918 110000
1016090.42326531 0.731129075255102 110000
1088543.67673469 0.731129075255102 110000
1165599.87489796 0.752040269132653 110000
1247553.13959184 0.752040269132653 110000
1334713.72591837 0.748761906887755 110000
1427412.98632653 0.748761906887755 110000
1526003.37061224 0.731056682397959 110000
1630857.18489796 0.731056682397959 110000
1742375.27877551 0.73050856505102 110000
1860978.35816327 0.73050856505102 110000
1987119.3955102 0.780981899234694 110000
2121274.94265306 0.780981899234694 110000
2263955.05897959 0.902772539540816 110000
2415702.07040816 0.902772539540816 110000
2577093.05142857 1.08014796683673 110000
2748737.34306122 1.08014796683673 110000
2931290.20408163 1.2376257002551 110000
3125442.88285714 1.2376257002551 110000
3331932.5455102 1.26177388903061 110000
3551542.27591837 1.26177388903061 110000
3785108.52183673 1.26177388903061 110000
4033516.13081633 1.26177388903061 110000
0 3577557.58266389 120000
8192.1737755102 3577557.58266389 120000
16903.5607142857 3577557.58266389 120000
26165.2359183673 3577557.58266389 120000
36013.4536734694 5391193.72665052 120000
46485.7630612245 5391193.72665052 120000
57618.4183673469 11235467.8726063 120000
69456.7374489796 11235467.8726063 120000
82044.7433673469 5286967.87979362 120000
95429.0487755102 5286967.87979362 120000
109658.855918367 95421.13881869 120000
124789.841020408 95421.13881869 120000
140878.975102041 1359.48148121918 120000
157985.81877551 1359.48148121918 120000
176173.817040816 65.7981000597364 120000
195514.183673469 65.7981000597364 120000
216076.837653061 9.61344967517007 120000
237942.056326531 9.61344967517007 120000
261190.117040816 3.1049152172619 120000
285907.771122449 3.1049152172619 120000
312190.833469388 1.59846062861395 120000
340137.708571429 1.59846062861395 120000
369851.980102041 1.06618351403061 120000
401446.295306122 1.06618351403061 120000
435038.480612245 0.833557242346939 120000
470758.015612245 0.833557242346939 120000
508736.969489796 0.723572421556122 120000
549119.064591837 0.723572421556122 120000
592055.792040816 0.676139731079932 120000
637710.296122449 0.676139731079932 120000
686252.195102041 0.669997542942177 120000
737866.644795918 0.669997542942177 120000
792746.569795918 0.691866106505102 120000
851097.842653061 0.691866106505102 120000
913143.168265306 0.727529641581633 120000
979113.020306122 0.727529641581633 120000
1049257.29438776 0.762270634566326 120000
1123838.83408163 0.762270634566326 120000
1203141.19969388 0.783640162202381 120000
1287459.60469388 0.783640162202381 120000
1377113.86367347 0.786850177083333 120000
1472441.91836735 0.786850177083333 120000
1573799.83765306 0.779998548681973 120000
1681572.17591837 0.779998548681973 120000
1796162.9094898 0.778274851615646 120000
1918004.50020408 0.778274851615646 120000
2047555.30581633 0.792968087797619 120000
2185303.46438776 0.792968087797619 120000
2331766.89428571 0.838142977891156 120000
2487498.47336735 0.838142977891156 120000
2653083.44938776 0.947957856717687 120000
2829144.61918367 0.947957856717687 120000
3016346.21306122 1.16943809353742 120000
3215392.6 1.16943809353742 120000
3427033.46683673 1.51653511437075 120000
3652065.11306122 1.51653511437075 120000
3891335.63 1.51653511437075 120000
4145746.19561224 1.51653511437075 120000
0 2556351.71282725 130000
8574.81428571429 2556351.71282725 130000
17681.7535714286 2556351.71282725 130000
27353.9892857143 2556351.71282725 130000
37626.075 7918210.06479335 130000
48535.3285714286 7918210.06479335 130000
60121.8321428571 8925047.83949471 130000
72427.05 8925047.83949471 130000
85495.2107142857 1633356.06288033 130000
99373.3071428571 1633356.06288033 130000
114113.860714286 17840.1762571205 130000
129769.392857143 17840.1762571205 130000
146395.189285714 711.133448102679 130000
164052.064285714 711.133448102679 130000
182804.978571429 67.2039522991071 130000
202721.657142857 67.2039522991071 130000
223873.971428571 11.5862703348214 130000
246337.939285714 11.5862703348214 130000
270196.489285714 3.35668078125 130000
295533.932142857 3.35668078125 130000
322444.253571429 1.55822785714286 130000
351024.203571429 1.55822785714286 130000
381377.442857143 1.03261620535714 130000
413613.160714286 1.03261620535714 130000
447848.839285714 0.844964397321429 130000
484208.871428571 0.844964397321429 130000
522824.560714286 0.762937098214286 130000
563836.885714286 0.762937098214286 130000
607392.353571429 0.720226004464286 130000
653651.292857143 0.720226004464286 130000
702779.560714286 0.704619308035714 130000
754955.453571429 0.704619308035714 130000
810368.325 0.709805223214286 130000
869219.967857143 0.709805223214286 130000
931721.85 0.723355982142857 130000
998102.025 0.723355982142857 130000
1068600.98571429 0.737203325892857 130000
1143473.04642857 0.737203325892857 130000
1222989.10714286 0.749380580357143 130000
1307440.8 0.749380580357143 130000
1397130.81428571 0.756069575892857 130000
1492385.33571429 0.756069575892857 130000
1593548.51785714 0.752873370535714 130000
1700989.39285714 0.752873370535714 130000
1815096.34285714 0.745061383928571 130000
1936281.24642857 0.745061383928571 130000
2064985.00714286 0.747641383928571 130000
2201673.40714286 0.747641383928571 130000
2346842.63571429 0.769548348214286 130000
2501019.28928571 0.769548348214286 130000
2664760.37142857 0.801478727678571 130000
2838660.20357143 0.801478727678571 130000
3023347.66071429 0.821303839285714 130000
3219494.46428571 0.821303839285714 130000
3427811.03571429 0.786263638392857 130000
3649050.64285714 0.786263638392857 130000
3884017.69285714 0.786263638392857 130000
4133560.82142857 0.786263638392857 130000
0 1896661.9808154 140000
8910.40071428572 1896661.9808154 140000
18372.9385714286 1896661.9808154 140000
28422.1221428571 1896661.9808154 140000
39093.8978571429 9724322.69216999 140000
50427.0878571429 9724322.69216999 140000
62461.9521428571 7011058.47970825 140000
75243.0642857143 7011058.47970825 140000
88816.4357142857 1656497.35923684 140000
103230.953571429 1656497.35923684 140000
118538.380714286 22807.1701006875 140000
134794.793571429 22807.1701006875 140000
152057.706428571 867.972445410714 140000
170391.822857143 867.972445410714 140000
189860.408571429 69.3461036026786 140000
210536.794285714 69.3461036026786 140000
232494.310714286 11.3014882455357 140000
255812.04 11.3014882455357 140000
280574.815714286 3.54308369642857 140000
306873.222857143 3.54308369642857 140000
334800.722142857 1.71767912053571 140000
364457.963571429 1.71767912053571 140000
395954.224285714 1.10256982589286 140000
429401.657142857 1.10256982589286 140000
464922.48 0.860192044642857 140000
502643.224285714 0.860192044642857 140000
542701.924285714 0.760156129464286 140000
585243.803571429 0.760156129464286 140000
630421.275 0.72365253125 140000
678399.692142857 0.72365253125 140000
729350.16 0.71941684375 140000
783458.162142857 0.71941684375 140000
840919.247142857 0.73055125 140000
901941.904285714 0.73055125 140000
966744.687857143 0.746436575892857 140000
1035564.84428571 0.746436575892857 140000
1108649.685 0.76343025 140000
1186262.33785714 0.76343025 140000
1268684.62285714 0.778806334821429 140000
1356215.61428571 0.778806334821429 140000
1449170.20285714 0.78978796875 140000
1547886.285 0.78978796875 140000
1652719.01142857 0.796755584821429 140000
1764047.97642857 0.796755584821429 140000
1882275.78 0.80052396875 140000
2007830.90357143 0.80052396875 140000
2141166.27214286 0.804379223214286 140000
2282765.00571429 0.804379223214286 140000
2433137.54357143 0.813362834821429 140000
2592830.27142857 0.813362834821429 140000
2762416.89428571 0.828460334821428 140000
2942514.25285714 0.828460334821428 140000
3133772.25857143 0.847823477678571 140000
3336882.52071429 0.847823477678571 140000
3552578.34642857 0.862324866071429 140000
3781641.93 0.862324866071429 140000
4024900.03928571 0.862324866071429 140000
4283232.64285714 0.862324866071429 140000
0 2944447.70474487 150000
9252.85775510204 2944447.70474487 150000
19073.7544897959 2944447.70474487 150000
29498.8518367347 2944447.70474487 150000
40562.8046938776 6160217.82520564 150000
52307.8016326531 6160217.82520564 150000
64773.017755102 4140264.71102717 150000
78003.6551020408 4140264.71102717 150000
92046.4224489796 1863899.53294611 150000
106952.54877551 1863899.53294611 150000
122773.263061224 11430.8923015612 150000
139565.82122449 11430.8923015612 150000
157388.985918367 440.814197577806 150000
176307.546734694 440.814197577806 150000
196387.8 53.3900326607143 150000
217700.562244898 53.3900326607143 150000
240322.676938776 11.775982309949 150000
264335.507755102 11.775982309949 150000
289820.418367347 3.93584528188775 150000
316872.333061224 3.93584528188775 150000
345584.669387755 1.89549107908163 150000
376059.885306122 1.89549107908163 150000
408406.465714286 1.19962449489796 150000
442740.429183673 1.19962449489796 150000
479182.314489796 0.906247554846939 150000
517863.20755102 0.906247554846939 150000
558918.714489796 0.767546348214286 150000
602494.988571429 0.767546348214286 150000
648747.223469388 0.707528082908163 150000
697841.16 0.707528082908163 150000
749948.565918367 0.697950900510204 150000
805256.276326531 0.697950900510204 150000
863961.673469388 0.720077927295918 150000
926271.18 0.720077927295918 150000
992406.285918367 0.753690667091837 150000
1062605.05530612 0.753690667091837 150000
1137113.08591837 0.781075570153061 150000
1216197.06979592 0.781075570153061 150000
1300137.25959184 0.795756816326531 150000
1389233.4955102 0.795756816326531 150000
1483800.68510204 0.802141604591837 150000
1584174.83020408 0.802141604591837 150000
1690713.02693878 0.812082914540816 150000
1803794.97244898 0.812082914540816 150000
1923819.95142857 0.842114020408163 150000
2051217.38326531 0.842114020408163 150000
2186436.27489796 0.908582993622449 150000
2329960.28816327 0.908582993622449 150000
2482298.69938776 1.01688582780612 150000
2643990.91959184 1.01688582780612 150000
2815614.02816327 1.13116851530612 150000
2997776.74591837 1.13116851530612 150000
3191125.46204082 1.16910056122449 150000
3396348.75428571 1.16910056122449 150000
3614174.3755102 1.06031431632653 150000
3845376.78734694 1.06031431632653 150000
4090777.16020408 1.06031431632653 150000
4351249.40020408 1.06031431632653 150000
0 4021349.82600806 160000
9886.72173469388 4021349.82600806 160000
20357.3774489796 4021349.82600806 160000
31448.7767346939 4021349.82600806 160000
43192.7096938776 4872947.63542085 160000
55632.6785714286 4872947.63542085 160000
68807.166122449 6763798.56840142 160000
82759.6745918367 6763798.56840142 160000
97537.0525510204 2563786.01305781 160000
113187.821734694 2563786.01305781 160000
129763.850204082 96036.859293662 160000
147318.679183673 96036.859293662 160000
165910.869387755 3645.0883549443 160000
185600.654693878 3645.0883549443 160000
206454.961632653 182.480013487457 160000
228542.389897959 182.480013487457 160000
251933.212346939 19.0442057174745 160000
276707.740816327 19.0442057174745 160000
302946.287142857 4.55271558822279 160000
330734.182653061 4.55271558822279 160000
360165.124489796 2.00234768048469 160000
391334.482959184 2.00234768048469 160000
424345.994183673 1.24082484906463 160000
459308.41377551 1.24082484906463 160000
496335.516836735 0.922878513818027 160000
535551.11744898 0.922878513818027 160000
577085.722346939 0.770916946003401 160000
621073.184591837 0.770916946003401 160000
667659.069387755 0.702529883290816 160000
716998.980918367 0.702529883290816 160000
769255.216020408 0.684048400722789 160000
824598.437346939 0.684048400722789 160000
883212.692857143 0.699089441326531 160000
945288.723163265 0.699089441326531 160000
1011034.0005102 0.733058141369047 160000
1080664.36295918 0.733058141369047 160000
1154409.03387755 0.767291758928571 160000
1232512.29510204 0.767291758928571 160000
1315230.14061224 0.786330962585034 160000
1402835.29602041 0.786330962585034 160000
1495618.89173469 0.789921292091837 160000
1593883.77030612 0.789921292091837 160000
1697954.52540816 0.78927294132653 160000
1808175.82867347 0.78927294132653 160000
1924910.75653061 0.790771816751701 160000
2048544.13653061 0.790771816751701 160000
2179480.87418367 0.791085534863946 160000
2318157.66510204 0.791085534863946 160000
2465026.26336735 0.785086547406463 160000
2620575.23265306 0.785086547406463 160000
2785316.56091837 0.768511773809524 160000
2959790.67989796 0.768511773809524 160000
3144576.50408163 0.733486889455782 160000
3340279.71857143 0.733486889455782 160000
3547549.51071429 0.667654886479592 160000
3767065.18479592 0.667654886479592 160000
3999552.89367347 0.667654886479592 160000
4245778.94612245 0.667654886479592 160000
0 3238911.37765024 170000
10110.5265306122 3238911.37765024 170000
20817.9085714286 3238911.37765024 170000
32154.7330612245 3238911.37765024 170000
44162.1624489796 6343108.73297032 170000
56876.213877551 6343108.73297032 170000
70339.7648979592 11664098.5473194 170000
84597.4081632653 11664098.5473194 170000
99695.4514285714 5603168.65480558 170000
115681.91755102 5603168.65480558 170000
132613.404897959 142150.370566492 170000
150541.366530612 142150.370566492 170000
169527.546122449 3822.57532543707 170000
189631.972244898 3822.57532543707 170000
210921.533877551 219.27415942517 170000
233466.550204082 219.27415942517 170000
257340.770612245 25.6128193469388 170000
282621.374693878 25.6128193469388 170000
309392.40244898 5.79345747619048 170000
337743.039183673 5.79345747619048 170000
367764.185306123 2.22120364115646 170000
399555.316734694 2.22120364115646 170000
433219.339591837 1.23642420748299 170000
468869.450612245 1.23642420748299 170000
506620.561632653 0.884653205782313 170000
546597.875102041 0.884653205782313 170000
588930.023673469 0.746265909863946 170000
633759.360816327 0.746265909863946 170000
681231.670204082 0.694637765306123 170000
731501.311020408 0.694637765306123 170000
784734.648163265 0.684836671768707 170000
841106.622040816 0.684836671768707 170000
900802.463673469 0.703524137755102 170000
964015.979591837 0.703524137755102 170000
1030958.12734694 0.744768768707483 170000
1101845.00979592 0.744768768707483 170000
1176909.88081633 0.794385241496599 170000
1256401.43020408 0.794385241496599 170000
1340578.63836735 0.830030778911565 170000
1429717.63673469 0.830030778911565 170000
1524113.42285714 0.835529824829932 170000
1624071.28489796 0.835529824829932 170000
1729923.95265306 0.810625113945578 170000
1842016.16163265 0.810625113945578 170000
1960714.94367347 0.767125838435374 170000
2086413.05714286 0.767125838435374 170000
2219520.41142857 0.721207554421769 170000
2360474.35755102 0.721207554421769 170000
2509737.97306122 0.68385406122449 170000
2667801.77714286 0.68385406122449 170000
2835183.73061225 0.653000090136055 170000
3012430.95102041 0.653000090136055 170000
3200128.28816327 0.621960316326531 170000
3398891.46367347 0.621960316326531 170000
3609370.50122449 0.580815732993197 170000
3832258.30204082 0.580815732993197 170000
4068285.49959184 0.580815732993197 170000
4318227.32 0.580815732993197 170000
0 3470271.73878674 180000
10644.417244898 3470271.73878674 180000
21904.2465306122 3470271.73878674 180000
33814.4963265306 3470271.73878674 180000
46413.8602040816 12172121.6813472 180000
59739.1891836735 12172121.6813472 180000
73836.5470408163 15201161.3474673 180000
88746.4698979592 15201161.3474673 180000
104518.706632653 4184767.95072434 180000
121203.006122449 4184767.95072434 180000
138849.117244898 1022543.95340882 180000
157516.001632653 1022543.95340882 180000
177260.778367347 10081.6904745823 180000
198146.094183673 10081.6904745823 180000
220238.280918367 301.728205262117 180000
243607.355510204 301.728205262117 180000
268327.02 28.0946344846939 180000
294472.818979592 28.0946344846939 180000
322131.352346939 6.24222889477041 180000
351385.534897959 6.24222889477041 180000
382331.179285714 2.3959381875 180000
415064.098163265 2.3959381875 180000
449689.316938775 1.31190016517857 180000
486313.703571428 1.31190016517857 180000
525053.33877551 0.914761324617347 180000
566033.516020408 0.914761324617347 180000
609379.52877551 0.757756784438775 180000
655229.568367347 0.757756784438775 180000
703729.196326531 0.707543430484694 180000
755029.501836735 0.707543430484694 180000
809294.471938775 0.704779603954082 180000
866695.463877551 0.704779603954082 180000
927411.205102041 0.71729359630102 180000
991635.163469388 0.71729359630102 180000
1059570.01959184 0.733262371811224 180000
1131427.66683673 0.733262371811224 180000
1207438.42408163 0.754996796556122 180000
1287839.98040816 0.754996796556122 180000
1372888.45040816 0.784945927933673 180000
1462847.31887755 0.784945927933673 180000
1558005.86632653 0.81698712244898 180000
1658660.74346939 0.81698712244898 180000
1765130.71163265 0.841838529336735 180000
1877751.11510204 0.841838529336735 180000
1996879.40877551 0.85408765497449 180000
2122889.6305102 0.85408765497449 180000
2256179.77132653 0.84914731505102 180000
2397169.93285714 0.84914731505102 180000
2546306.01244898 0.821232667091837 180000
2704057.86061224 0.821232667091837 180000
2870922.96612245 0.771775526785714 180000
3047428.29857143 0.771775526785714 180000
3234132.15091837 0.716717799107143 180000
3431620.45438775 0.716717799107143 180000
3640519.67632653 0.666481413265306 180000
3861487.60744898 0.666481413265306 180000
4095220.73204082 0.666481413265306 180000
4342457.91306122 0.666481413265306 180000
0 3511564.48867213 190000
10695.8158163265 3511564.48867213 190000
22025.0433673469 3511564.48867213 190000
34027.3836734694 3511564.48867213 190000
46738.9285714286 9488572.30276731 190000
60204.7928571429 9488572.30276731 190000
74470.0913265306 7123197.93406912 190000
89578.1341836735 7123197.93406912 190000
105583.059183673 6685154.30137391 190000
122537.199489796 6685154.30137391 190000
140496.49744898 87476.4392907685 190000
159518.7 87476.4392907685 190000
179668.77244898 2354.67634035076 190000
201013.484693878 2354.67634035076 190000
223623.215816326 170.087010124362 190000
247573.758673469 170.087010124362 190000
272942.710714286 24.1599807780612 190000
299816.692346939 24.1599807780612 190000
328282.323979592 5.95614558673469 190000
358435.248979592 5.95614558673469 190000
390374.719897959 2.37457592793367 190000
424207.207653061 2.37457592793367 190000
460046.401530612 1.3525340625 190000
498009.6 1.3525340625 190000
538221.319897959 0.963524215561224 190000
580816.905612245 0.963524215561224 190000
625938.919897959 0.794452758290816 190000
673733.534693877 0.794452758290816 190000
724361.358673469 0.729588960459184 190000
777988.414285714 0.729588960459184 190000
834795.160714286 0.718892994260204 190000
894969.275510204 0.718892994260204 190000
958709.26377551 0.73107774872449 190000
1026228.06734694 0.73107774872449 190000
1097747.65102041 0.75032296875 190000
1173508.0255102 0.75032296875 190000
1253756.41989796 0.77656850127551 190000
1338761.71836735 0.77656850127551 190000
1428805.4372449 0.816664276147959 190000
1524185.33418367 0.816664276147959 190000
1625220.82193878 0.872858514030612 190000
1732242.14081633 0.872858514030612 190000
1845606.6 0.936402704081633 190000
1965691.35918367 0.936402704081633 190000
2092893.42857143 0.99476997130102 190000
2227633.27806122 0.99476997130102 190000
2370360.25102041 1.03923812181122 190000
2521547.1505102 1.03923812181122 190000
2681693.84846939 1.05909615114796 190000
2851332.6994898 1.05909615114796 190000
3031026.73622449 1.03883960778061 190000
3221369.66938775 1.03883960778061 190000
3422994.91071429 0.970411741071428 190000
3636571.96377551 0.970411741071428 190000
3862804.61938775 0.84426325255102 190000
4102449.00153061 0.84426325255102 190000
4356295.52142857 0.84426325255102 190000
4625186.92346939 0.84426325255102 190000
0 3289989.1091735 200000
11343.0891836735 3289989.1091735 200000
23336.5576530612 3289989.1091735 200000
36017.9653061225 3289989.1091735 200000
49426.848877551 8247181.40446861 200000
63604.7219387755 8247181.40446861 200000
78597.0517346939 6906911.38784965 200000
94449.3055102041 6906911.38784965 200000
111210.904183673 10328757.046693 200000
128935.222346939 10328757.046693 200000
147675.634591837 594114.739509648 200000
167489.469183673 594114.739509648 200000
188443.938571429 10197.3150940989 200000
210598.347857143 10197.3150940989 200000
234023.863163265 423.70415661267 200000
258793.62744898 423.70415661267 200000
284984.737346939 38.5398076917517 200000
312680.22 38.5398076917517 200000
341963.10255102 7.32253273809524 200000
372926.296326531 7.32253273809524 200000
405666.666326531 2.54589389923469 200000
440285.03122449 2.54589389923469 200000
476890.117040816 1.34735837903912 200000
515594.603469388 1.34735837903912 200000
556521.054387755 0.94250221577381 200000
599794.010510204 0.94250221577381 200000
645551.850408163 0.792818609268708 200000
693932.952653061 0.792818609268708 200000
745091.510510204 0.744732055697279 200000
799185.670918367 0.744732055697279 200000
856383.465 0.741523814413265 200000
916862.808061225 0.741523814413265 200000
980811.499591837 0.760843275085034 200000
1048431.17693878 0.760843275085034 200000
1119929.40795918 0.79202787457483 200000
1195529.57520408 0.79202787457483 200000
1275468.89908163 0.824954561437075 200000
1359994.48418367 0.824954561437075 200000
1449369.24979592 0.847618170918367 200000
1543871.92989796 0.847618170918367 200000
1643797.07316327 0.853342760629252 200000
1749457.01979592 0.853342760629252 200000
1861177.94785714 0.849096680059524 200000
1979309.75744898 0.849096680059524 200000
2104220.14020408 0.851370042304422 200000
2236296.55612245 0.851370042304422 200000
2375950.1872449 0.876372908588436 200000
2523617.9144898 0.876372908588436 200000
2679758.36397959 0.938124346088435 200000
2844857.83755102 0.938124346088435 200000
3019430.3127551 1.0442804787415 200000
3204019.41969388 1.0442804787415 200000
3399200.41785714 1.16661784375 200000
3605578.21928571 1.16661784375 200000
3823799.24959184 1.19412882164116 200000
4054539.58693878 1.19412882164116 200000
4298520.77673469 1.19412882164116 200000
4556499.94744898 1.19412882164116 200000
0 1212237.75405247 20000
4814.30081632653 1212237.75405247 20000
9975.99795918367 1212237.75405247 20000
15511.7118367347 1212237.75405247 20000
21448.0628571429 380487.522998752 20000
27813.6679591837 380487.522998752 20000
34639.1406122449 760.100508727041 20000
41959.0873469388 760.100508727041 20000
49808.1146938776 28.1824770765306 20000
58225.487755102 28.1824770765306 20000
67251.1371428571 7.95971555867347 20000
76929.6520408163 7.95971555867347 20000
87308.2836734694 4.99378198596939 20000
98438.2763265306 4.99378198596939 20000
110372.870816327 3.1230702372449 20000
123170.632040816 3.1230702372449 20000
136894.117959184 1.74957364030612 20000
151610.545102041 1.74957364030612 20000
167391.123061224 1.09857987755102 20000
184313.716530612 1.09857987755102 20000
202460.183265306 0.855017007653061 20000
221919.036122449 0.855017007653061 20000
242786.108571429 0.791665982142857 20000
265161.892653061 0.791665982142857 20000
289156.863061224 0.77623862372449 20000
314887.484081633 0.77623862372449 20000
342478.871632653 0.736369016581633 20000
372066.789795918 0.736369016581633 20000
403794.323265306 0.670990957908163 20000
437817.201428571 0.670990957908163 20000
474301.136326531 0.614155 20000
513423.819183673 0.614155 20000
555376.916938775 0.584172378826531 20000
600364.075714286 0.584172378826531 20000
648606.244897959 0.576498214285714 20000
700337.684081633 0.576498214285714 20000
755811.287142857 0.582189713010204 20000
815297.25122449 0.582189713010204 20000
879086.404285714 0.60089193622449 20000
947489.539591837 0.60089193622449 20000
1020841.40877551 0.638594475765306 20000
1099498.72530612 0.638594475765306 20000
1183845.48857143 0.695506690051021 20000
1274293.64938776 0.695506690051021 20000
1371285.10653061 0.764255280612245 20000
1475291.70673469 0.764255280612245 20000
1586821.89979592 0.833149451530612 20000
1706420.07306122 0.833149451530612 20000
1834669.21346939 0.883722681122449 20000
1972195.56612245 0.883722681122449 20000
2119669.96530612 0.914452614795918 20000
2277811.82755102 0.914452614795918 20000
2447393.14469388 0.964686156887755 20000
2629241.14591837 0.964686156887755 20000
2824242.95632653 1.19236967602041 20000
3033350.92102041 1.19236967602041 20000
3257584.60163265 1.19236967602041 20000
3498038.76244898 1.19236967602041 20000
0 3843022.0630367 210000
11804.5752040816 3843022.0630367 210000
24264.1358163265 3843022.0630367 210000
37421.0757142857 3843022.0630367 210000
51307.1903061224 8742921.00817642 210000
65969.1128571428 8742921.00817642 210000
81447.1175510204 11703413.0135832 210000
97785.7179591836 11703413.0135832 210000
115035.786734694 2169446.61487867 210000
133243.957142857 2169446.61487867 210000
152469.580612245 78847.539362598 210000
172763.529795918 78847.539362598 210000
194187.275816326 3956.92443670599 210000
216804.409489796 3956.92443670599 210000
240682.761020408 284.648347421343 210000
265888.040918367 284.648347421343 210000
292498.677857143 33.4433597523384 210000
320590.980816326 33.4433597523384 210000
350247.617857143 7.25890934778911 210000
381555.496428571 7.25890934778911 210000
414607.883061224 2.67557918090986 210000
449500.163979592 2.67557918090986 210000
486334.084489796 1.42520709077381 210000
525219.868673469 1.42520709077381 210000
566271.98 0.979391308035714 210000
609611.241020408 0.979391308035714 210000
655360.593979592 0.806653921130952 210000
703659.938673469 0.806653921130952 210000
754649.174897959 0.745143054421769 210000
808476.68122449 0.745143054421769 210000
865301.434693877 0.727924957695578 210000
925290.891122449 0.727924957695578 210000
988620.98510204 0.728260575892857 210000
1055478.24969388 0.728260575892857 210000
1126059.81642857 0.740342830994898 210000
1200569.17591837 0.740342830994898 210000
1279228.89602041 0.762780673894558 210000
1362270.02336735 0.762780673894558 210000
1449934.20306122 0.792089857780612 210000
1542480.0377551 0.792089857780612 210000
1640178.84826531 0.823425998937075 210000
1743318.91295918 0.823425998937075 210000
1852203.34806122 0.851856393069728 210000
1967150.10765306 0.851856393069728 210000
2088498.3427551 0.872430671768707 210000
2216602.0422449 0.872430671768707 210000
2351842.75102041 0.876250536777211 210000
2494612.61244898 0.876250536777211 210000
2645333.44561224 0.851993289965986 210000
2804446.14683673 0.851993289965986 210000
2972421.28816326 0.797026978103741 210000
3149748.51887755 0.797026978103741 210000
3336953.52306122 0.719296037202381 210000
3534581.06204082 0.719296037202381 210000
3743214.05163265 0.615320636479592 210000
3963465.08336735 0.615320636479592 210000
4195980.66387755 0.615320636479592 210000
4441445.45428571 0.615320636479592 210000
0 4507244.33856397 220000
12387.0737755102 4507244.33856397 220000
25452.1147959184 4507244.33856397 220000
39229.1347959184 4507244.33856397 220000
53761.2153061224 11395341.018436 220000
69084.6355102041 11395341.018436 220000
85247.0118367347 3821570.67407112 220000
102291.425816327 3821570.67407112 220000
120267.761326531 1128659.84859137 220000
139225.902244898 1128659.84859137 220000
159217.999897959 50097.0073012175 220000
180305.275408163 50097.0073012175 220000
202542.14755102 2682.98455641773 220000
225996.639795918 2682.98455641773 220000
250729.973265306 219.666904806122 220000
276814.706326531 219.666904806122 220000
304325.664795918 31.2822929846939 220000
333339.941938776 31.2822929846939 220000
363936.898469388 7.74205810140306 220000
396207.232346939 7.74205810140306 220000
430241.641530612 2.96062230420918 220000
466133.091428571 2.96062230420918 220000
503985.884693878 1.53845468494898 220000
543906.591428571 1.53845468494898 220000
586008.584081633 1.00984147002551 220000
630412.03744898 1.00984147002551 220000
677239.39377551 0.800154401785714 220000
726626.7 0.800154401785714 220000
778710.003061225 0.727270088647959 220000
833641.222040816 0.727270088647959 220000
891572.276020408 0.717973547831633 220000
952668.68877551 0.717973547831633 220000
1017100.51897959 0.735621859056123 220000
1085055.96489796 0.735621859056123 220000
1156720.95734694 0.760209508928571 220000
1232301.83418367 0.760209508928571 220000
1312014.00306122 0.782747007015306 220000
1396079.67397959 0.782747007015306 220000
1484736.92908163 0.803267420280612 220000
1578237.45520408 0.803267420280612 220000
1676848.81132653 0.82669300255102 220000
1780845.35877551 0.82669300255102 220000
1890524.13336735 0.854086620535714 220000
2006193.50816327 0.854086620535714 220000
2128182.26326531 0.87454562372449 220000
2256837.31836735 0.87454562372449 220000
2392521.46530612 0.871432605229592 220000
2535615.6355102 0.871432605229592 220000
2686530.2372449 0.840245734056122 220000
2845687.01602041 0.840245734056122 220000
3013539.46163265 0.790744488520408 220000
3190563.73836735 0.790744488520408 220000
3377256.41755102 0.732905644132653 220000
3574150.34969388 0.732905644132653 220000
3781801.05979592 0.659109627551021 220000
4000795.81714286 0.659109627551021 220000
4231753.63530612 0.659109627551021 220000
4475329.80704082 0.659109627551021 220000
0 3959492.4332541 230000
12686.6045918367 3959492.4332541 230000
26068.0790816326 3959492.4332541 230000
40176.9591836735 3959492.4332541 230000
55057.4005102041 9625692.45452082 230000
70751.2346938775 9625692.45452082 230000
87302.6173469388 8715548.98848112 230000
104755.704081633 8715548.98848112 230000
123161.62244898 11688591.0671754 230000
142571.5 11688591.0671754 230000
163043.43622449 513530.316732191 230000
184630.882653061 513530.316732191 230000
207398.910714286 10897.2471752923 230000
231407.943877551 10897.2471752923 230000
256727.701530612 495.644926998299 230000
283432.551020408 495.644926998299 230000
311592.211734694 49.7933494951105 230000
341290.346938775 49.7933494951105 230000
372610.619897959 9.68396485969388 230000
405639.017857143 9.68396485969388 230000
440470.823979592 3.13879588647959 230000
477205.969387755 3.13879588647959 230000
515944.385204082 1.50794320790816 230000
556799.946428571 1.50794320790816 230000
599884.204081633 0.978971561437075 230000
645320.329081633 0.978971561437075 230000
693238.464285714 0.79527549957483 230000
743771.076530612 0.79527549957483 230000
797064.576530612 0.745295413477891 230000
853265.375 0.745295413477891 230000
912536.150510204 0.750214503613946 230000
975041.905612245 0.750214503613946 230000
1040959.2627551 0.77548778167517 230000
1110476.46428571 0.77548778167517 230000
1183786.4005102 0.802993048469388 230000
1261100.55357143 0.802993048469388 230000
1342635.05357143 0.822940539965986 230000
1428622.29846939 0.822940539965986 230000
1519301.65816327 0.834023017644558 230000
1614933.41836735 0.834023017644558 230000
1715784.83673469 0.84182771577381 230000
1822141.7627551 0.84182771577381 230000
1934306.31377551 0.851767570153061 230000
2052592.22704082 0.851767570153061 230000
2177336.47959184 0.862980771683673 230000
2308892.31632653 0.862980771683673 230000
2447629.25 0.869957552083333 230000
2593940.03316327 0.869957552083333 230000
2748238.33418367 0.862249686437075 230000
2910961.06122449 0.862249686437075 230000
3082566.03826531 0.827787005739796 230000
3263541.30102041 0.827787005739796 230000
3454395.80102041 0.770631632653061 230000
3655668.70153061 0.770631632653061 230000
3867931.70153061 0.692938089923469 230000
4091779.73979592 0.692938089923469 230000
4327851.91071429 0.692938089923469 230000
4576808.2244898 0.692938089923469 230000
0 4918868.8531733 240000
13108.1128571429 4918868.8531733 240000
26924.1171428571 4918868.8531733 240000
41486.8014285714 4918868.8531733 240000
56839.8028571429 6504983.99791488 240000
73019.4857142857 6504983.99791488 240000
90076.76 15701565.586593 240000
108052.838571429 15701565.586593 240000
127003.48 7788225.60718594 240000
146979.594285714 7788225.60718594 240000
168034.515714286 1822168.95636245 240000
190226.427142857 1822168.95636245 240000
213620.784285714 25606.0277625327 240000
238278.194285714 25606.0277625327 240000
264268.961428571 831.598183035714 240000
291665.814285714 831.598183035714 240000
320543.905714286 63.3473938095238 240000
350983.237142857 63.3473938095238 240000
383068.658571429 10.5191726875 240000
416887.444285714 10.5191726875 240000
452536.565714286 3.24934590178571 240000
490110.57 3.24934590178571 240000
529718.55 1.55888137202381 240000
571467.174285714 1.55888137202381 240000
615475.232857143 1.01508883333333 240000
661859.091428571 1.01508883333333 240000
710754.51 0.817746925595238 240000
762292.4 0.817746925595238 240000
816615.794285714 0.752907383928571 240000
873877.422857143 0.752907383928571 240000
934232.44 0.743255696428571 240000
997852.97 0.743255696428571 240000
1064913.56142857 0.754902369047619 240000
1135600.88428571 0.754902369047619 240000
1210108.88142857 0.772180455357143 240000
1288646.04142857 0.772180455357143 240000
1371430.55 0.790635330357143 240000
1458687.86571429 0.790635330357143 240000
1550665.26571429 0.811802375 240000
1647617.3 0.811802375 240000
1749808.21571429 0.840257428571428 240000
1857526.50285714 0.840257428571428 240000
1971067.92428571 0.880379357142857 240000
2090750.06142857 0.880379357142857 240000
2216902.61714286 0.927072110119047 240000
2349874.68857143 0.927072110119047 240000
2490037.19142857 0.961097970238095 240000
2637778.01142857 0.961097970238095 240000
2793506.85285714 0.965370773809524 240000
2957655.23857143 0.965370773809524 240000
3130681.35857143 0.943633011904762 240000
3313060.37285714 0.943633011904762 240000
3505301.38142857 0.910632422619047 240000
3707935.30285714 0.910632422619047 240000
3921526.99571429 0.87048019047619 240000
4146667.98571428 0.87048019047619 240000
4383978.89 0.87048019047619 240000
4634123.96285714 0.87048019047619 240000
0 4234010.26918204 250000
13585.3714285714 4234010.26918204 250000
27894.0734693878 4234010.26918204 250000
42966.8571428571 4234010.26918204 250000
58841.9265306122 10115494.5649669 250000
75565.1265306122 10115494.5649669 250000
93182.3020408163 18964040.8215833 250000
111736.751020408 18964040.8215833 250000
131281.959183673 6340341.51385673 250000
151868.865306122 6340341.51385673 250000
173553.502040816 434517.281512653 250000
196394.448979592 434517.281512653 250000
220455.379591837 8730.06565387755 250000
245797.420408163 8730.06565387755 250000
272491.885714286 455.941104489796 250000
300610.089795918 455.941104489796 250000
330230.987755102 51.5945857142857 250000
361428.440816327 51.5945857142857 250000
394291.591836735 10.669572244898 250000
428907.036734694 10.669572244898 250000
465366.465306122 3.52205551020408 250000
503774.302040816 3.52205551020408 250000
544227.330612245 1.67345020408163 250000
586840.163265306 1.67345020408163 250000
631727.412244898 1.05675142857143 250000
679006.236734694 1.05675142857143 250000
728806.530612245 0.829596326530612 250000
781265.828571429 0.829596326530612 250000
836519.118367347 0.755459183673469 250000
894721.763265306 0.755459183673469 250000
956029.126530612 0.748322448979592 250000
1020606.75918367 0.748322448979592 250000
1088627.85306122 0.770183673469388 250000
1160278.33469388 0.770183673469388 250000
1235749.2244898 0.801261632653061 250000
1315244.27755102 0.801261632653061 250000
1398982.53061224 0.829049795918367 250000
1487185.56734694 0.829049795918367 250000
1580092.8 0.846432653061225 250000
1677953.82857143 0.846432653061225 250000
1781038.62857143 0.855638775510204 250000
1889619.72244898 0.855638775510204 250000
2003990.00816327 0.866298775510204 250000
2124462.75918367 0.866298775510204 250000
2251361.43673469 0.882620408163265 250000
2385027.33061225 0.882620408163265 250000
2525824.65306122 0.891444489795918 250000
2674130.35102041 0.891444489795918 250000
2830346.84081633 0.866436734693877 250000
2994894.36734694 0.866436734693877 250000
3168221.19183673 0.795048163265306 250000
3350790.85714286 0.795048163265306 250000
3543097.46938775 0.697086530612245 250000
3745663.15102041 0.697086530612245 250000
3959030.4 0.586475102040816 250000
4183779.91836735 0.586475102040816 250000
4420517.87755102 0.586475102040816 250000
4669883.55918367 0.586475102040816 250000
0 4829695.35251054 260000
14464.13 4829695.35251054 260000
29666.89 4829695.35251054 260000
45645.07 4829695.35251054 260000
62443.95 6418556.69028027 260000
80097.49 6418556.69028027 260000
98656.63 13309236.2105702 260000
118160.99 13309236.2105702 260000
138664.34 9379189.81267033 260000
160214.79 9379189.81267033 260000
182866.11 965352.148392292 260000
206674.9 965352.148392292 260000
231703.42 11763.1891018542 260000
258008.27 11763.1891018542 260000
285657.37 429.171009333333 260000
314721.47 429.171009333333 260000
345268.49 42.118607 260000
377380.5 42.118607 260000
411131.08 9.07403535416667 260000
446605.13 9.07403535416667 260000
483896.04 3.2577014375 260000
523088.71 3.2577014375 260000
564287.85 1.65801445833333 260000
607589.68 1.65801445833333 260000
653107.4 1.09173735416667 260000
700951.38 1.09173735416667 260000
751237.65 0.872606916666667 260000
804096.39 0.872606916666667 260000
859654.95 0.795819583333333 260000
918054.83 0.795819583333333 260000
979440.36 0.779087208333333 260000
1043961.53 0.779087208333333 260000
1111779.65 0.780289958333333 260000
1183064.52 0.780289958333333 260000
1257991.6 0.779600145833333 260000
1336750.5 0.779600145833333 260000
1419533.66 0.774883479166667 260000
1506544.84 0.774883479166667 260000
1598007.61 0.772059375 260000
1694142.71 0.772059375 260000
1795190.69 0.775944729166667 260000
1901403.42 0.775944729166667 260000
2013044.09 0.787541833333333 260000
2130390.04 0.787541833333333 260000
2253735.59 0.803478270833333 260000
2383383.55 0.803478270833333 260000
2519656.54 0.815104854166667 260000
2662896.99 0.815104854166667 260000
2813455.82 0.807269291666666 260000
2971712.25 0.807269291666666 260000
3138053.99 0.762325354166667 260000
3312897.05 0.762325354166667 260000
3496677.25 0.678869833333333 260000
3689850.22 0.678869833333333 260000
3892897.06 0.564785458333333 260000
4106321.51 0.564785458333333 260000
4330649.95 0.564785458333333 260000
4566448.38 0.564785458333333 260000
0 5889986.33711977 270000
14658.1859183673 5889986.33711977 270000
30077.285 5889986.33711977 270000
46294.07 5889986.33711977 270000
63353.7996938775 25349999.1650975 270000
81296.0755102041 25349999.1650975 270000
100166.15622449 8480865.54998542 270000
120017.786632653 8480865.54998542 270000
140896.225510204 6117052.11172636 270000
162855.217653061 6117052.11172636 270000
185954.165204082 220609.208537707 270000
210249.641632653 220609.208537707 270000
235806.706428571 8329.48163604656 270000
262684.761734694 8329.48163604656 270000
290957.353061224 464.659861659439 270000
320692.368571429 464.659861659439 270000
351971.839795918 46.4242950548469 270000
384869.312244898 46.4242950548469 270000
419475.303469388 9.4121045297619 270000
455871.845 9.4121045297619 270000
494155.111734694 3.38593982206633 270000
534424.107244898 3.38593982206633 270000
576777.835102041 1.76165069217687 270000
621326.613571428 1.76165069217687 270000
668183.589591837 1.15890162733844 270000
717470.396122449 1.15890162733844 270000
769311.494795918 0.901527700042517 270000
823837.004591837 0.901527700042517 270000
881188.359183674 0.795517268707483 270000
941512.649591837 0.795517268707483 270000
1004965.45285714 0.763600403061224 270000
1071702.34602041 0.763600403061224 270000
1141901.5355102 0.766122636904762 270000
1215735.57040816 0.766122636904762 270000
1293396.8005102 0.780366186437075 270000
1375083.23295918 0.780366186437075 270000
1461004.18959184 0.794173648809524 270000
1551377.47826531 0.794173648809524 270000
1646432.22153061 0.804492413903061 270000
1746414.51397959 0.804492413903061 270000
1851576.10755102 0.814887788903061 270000
1962188.55489796 0.814887788903061 270000
2078534.72336735 0.829974047406463 270000
2200908.795 0.829974047406463 270000
2329624.75255102 0.852520932185374 270000
2465010.72214286 0.852520932185374 270000
2607411.80193877 0.885091928571428 270000
2757195.7194898 0.885091928571428 270000
2914738.68836735 0.928117230654762 270000
3080448.03755102 0.928117230654762 270000
3254742.41071429 0.969074065263605 270000
3438071.56693878 0.969074065263605 270000
3630902.23734694 0.98594003082483 270000
3833723.78244898 0.98594003082483 270000
4047056.67816326 0.976811665816326 270000
4271444.02979592 0.976811665816326 270000
4507462.88673469 0.976811665816326 270000
4755710.09908163 0.976811665816326 270000
0 4687148.40784998 280000
14738.8247959184 4687148.40784998 280000
30242.4934693878 4687148.40784998 280000
46556.3301020408 4687148.40784998 280000
63717.1605102041 14334333.5910639 280000
81770.3087755102 14334333.5910639 280000
100763.931734694 12010660.7849513 280000
120743.353469388 12010660.7849513 280000
141765.229081633 6962260.21559334 280000
163877.715408163 6962260.21559334 280000
187143.133061224 1547482.36529238 280000
211618.137142857 1547482.36529238 280000
237367.881020408 18210.0145518408 280000
264454.685306122 18210.0145518408 280000
292952.201632653 659.968455553359 280000
322934.081632653 659.968455553359 280000
354473.976938775 60.7254760437925 280000
387654.03744898 60.7254760437925 280000
422562.078571429 11.7852467872024 280000
459285.915714286 11.7852467872024 280000
497921.86255102 3.91856193579932 280000
538566.232755102 3.91856193579932 280000
581323.838265306 1.88446082376701 280000
626307.989285714 1.88446082376701 280000
673631.996020408 1.17674417410714 280000
723420.499693878 1.17674417410714 280000
775798.141530612 0.894206360544218 280000
830898.061020408 0.894206360544218 280000
888867.561428571 0.786785926445578 280000
949853.946020408 0.786785926445578 280000
1014010.18357143 0.759697705782313 280000
1081506.23938776 0.759697705782313 280000
1152514.91153061 0.76610681420068 280000
1227217.49632653 0.76610681420068 280000
1305806.62112245 0.782873183460884 280000
1388483.41153061 0.782873183460884 280000
1475463.15693878 0.804649988307823 280000
1566966.8122449 0.804649988307823 280000
1663232.32887755 0.833721137542517 280000
1764506.15653061 0.833721137542517 280000
1871051.74142857 0.868145013605442 280000
1983138.19530612 0.868145013605442 280000
2101054.45918367 0.901158413690476 280000
2225109.30336735 0.901158413690476 280000
2355617.16367347 0.92778041007653 280000
2492915.13795918 0.92778041007653 280000
2637357.32061225 0.945378901147959 280000
2789311.96979592 0.945378901147959 280000
2949175.67122449 0.95144571832483 280000
3117356.34163265 0.95144571832483 280000
3294284.55979592 0.955122398384354 280000
3480422.06479592 0.955122398384354 280000
3676241.92673469 0.991163305484694 280000
3882248.37602041 0.991163305484694 280000
4098976.80336735 1.12769619982993 280000
4326979.59602041 1.12769619982993 280000
4566843.13428571 1.12769619982993 280000
4819187.79153061 1.12769619982993 280000
0 4023068.85737615 290000
15186.6321428571 4023068.85737615 290000
31150.0056122449 4023068.85737615 290000
47925.8326530612 4023068.85737615 290000
65558.7535714286 14557544.0964084 290000
84093.4086734694 14557544.0964084 290000
103571.462244898 14962769.6842964 290000
124043.506632653 14962769.6842964 290000
145563.110204082 9936587.19331124 290000
168177.889285714 9936587.19331124 290000
191947.364285714 6464197.03927741 290000
216931.055612245 6464197.03927741 290000
243188.483673469 58307.3128106218 290000
270785.120918367 58307.3128106218 290000
299792.391836735 1583.28338682079 290000
330278.744897959 1583.28338682079 290000
362321.556632653 100.085699141156 290000
395998.203571429 100.085699141156 290000
431394.990306122 14.5234569951105 290000
468595.245408163 14.5234569951105 290000
507697.17755102 4.16678817389456 290000
548793.043367347 4.16678817389456 290000
591987.003571429 1.89662400616497 290000
637383.218877551 1.89662400616497 290000
685097.754081632 1.15935835034014 290000
735249.65 1.15935835034014 290000
787957.947448979 0.87020696747449 290000
843356.567346939 0.87020696747449 290000
901582.406632653 0.757229792729592 290000
962778.314285714 0.757229792729592 290000
1027099.04336735 0.728659996811224 290000
1094702.32295918 0.728659996811224 290000
1165754.81020408 0.746559519557823 290000
1240432.09030612 0.746559519557823 290000
1318921.65255102 0.788137004676871 290000
1401416.93826531 0.788137004676871 290000
1488120.31683673 0.832076705994898 290000
1579252.01377551 0.832076705994898 290000
1675029.27857143 0.860299299532313 290000
1775699.12091837 0.860299299532313 290000
1881502.59846939 0.867578149447279 290000
1992707.55306122 0.867578149447279 290000
2109587.77857143 0.86359772215136 290000
2232431.94897959 0.86359772215136 290000
2361546.59438775 0.864602129039115 290000
2497250.14897959 0.864602129039115 290000
2639875.92704082 0.882706253188775 290000
2789784.02704082 0.882706253188775 290000
2947340.4994898 0.915492078018707 290000
3112935.20306122 0.915492078018707 290000
3286984.78061224 0.939300241284013 290000
3469914.80306122 0.939300241284013 290000
3662177.6255102 0.918108495960884 290000
3864255.36326531 0.918108495960884 290000
4076645.01173469 0.811343763818027 290000
4299873.32653061 0.811343763818027 290000
4534490.87142857 0.811343763818027 290000
4781083.92244898 0.811343763818027 290000
0 5041512.74380402 300000
15929.5514285714 5041512.74380402 300000
32666.8958163265 5041512.74380402 300000
50252.8942857143 5041512.74380402 300000
68731.551122449 12621094.1810219 300000
88143.7274489796 12621094.1810219 300000
108542.857040816 8738505.88974486 300000
129972.944183673 8738505.88974486 300000
152490.565816327 8817511.38047587 300000
176152.298877551 8817511.38047587 300000
201008.433979592 656162.737423217 300000
227128.120714286 656162.737423217 300000
254567.936020408 18956.6683858142 300000
283400.172653061 18956.6683858142 300000
313693.980204082 896.096149782313 300000
345524.794591837 896.096149782313 300000
378964.908571429 77.4098445427296 300000
414102.330714286 77.4098445427296 300000
451021.926428571 13.0167427410714 300000
489811.704285714 13.0167427410714 300000
530565.959183674 3.95222003805272 300000
573385.272346939 3.95222003805272 300000
618376.511326531 1.86308383248299 300000
665646.543673469 1.86308383248299 300000
715314.809591837 1.18681261118197 300000
767497.606122449 1.18681261118197 300000
822326.946122449 0.92401796917517 300000
879934.84244898 0.92401796917517 300000
940462.73744898 0.820450739583333 300000
1004058.35979592 0.820450739583333 300000
1070875.7244898 0.790839522321429 300000
1141081.41918367 0.790839522321429 300000
1214845.17469388 0.79620909289966 300000
1292346.15132653 0.79620909289966 300000
1373776.08204082 0.813083950680272 300000
1459332.98612245 0.813083950680272 300000
1549224.31234694 0.828675350127551 300000
1643673.22530612 0.828675350127551 300000
1742909.17591837 0.841365871811224 300000
1847174.1877551 0.841365871811224 300000
1956722.85704082 0.858666366284014 300000
2071825.49581633 0.858666366284014 300000
2192761.84561225 0.890078354166667 300000
2319827.36377551 0.890078354166667 300000
2453330.08030612 0.937769308460884 300000
2593600.02734694 0.937769308460884 300000
2740982.95285714 0.991275114795918 300000
2895830.89112245 0.991275114795918 300000
3058530.45122449 1.02676666666667 300000
3229474.52857143 1.02676666666667 300000
3409081.16387755 1.0153072172619 300000
3597790.4 1.0153072172619 300000
3796067.42510204 0.947211894770408 300000
4004390 0.947211894770408 300000
4223273.60346939 0.825499445578232 300000
4453249.43010204 0.825499445578232 300000
4694880.10612245 0.825499445578232 300000
4948756.54622449 0.825499445578232 300000
0 1730057.4958802 30000
5203.13724489796 1730057.4958802 30000
10774.9371428571 1730057.4958802 30000
16741.8376530612 1730057.4958802 30000
23131.011122449 2271228.37505358 30000
29973.3018367347 2271228.37505358 30000
37300.2884693878 21095.4367829898 30000
45146.487244898 21095.4367829898 30000
53547.8831632653 687.342075333546 30000
62545.6019387755 687.342075333546 30000
72180.0348979592 46.7232820140306 30000
82497.4484693877 46.7232820140306 30000
93545.5778571429 7.08503034693878 30000
105376.564591837 7.08503034693878 30000
118046.222142857 2.58042131505102 30000
131612.567142857 2.58042131505102 30000
146140.960102041 1.67373089285714 30000
161698.230306122 1.67373089285714 30000
178358.550918367 1.30629374936224 30000
196198.298265306 1.30629374936224 30000
215302.661326531 1.07287319132653 30000
235760.501020408 1.07287319132653 30000
257667.287755102 0.895100865433673 30000
281126.570204082 0.895100865433673 30000
306248.506530612 0.768544435586735 30000
333149.864387755 0.768544435586735 30000
361956.958469388 0.690059804209184 30000
392805.650510204 0.690059804209184 30000
425839.146122449 0.640318803571429 30000
461213.869897959 0.640318803571429 30000
499095.059081633 0.607684447704082 30000
539659.701122449 0.607684447704082 30000
583098.736836735 0.594910690688775 30000
629614.857244898 0.594910690688775 30000
679426.909897959 0.604884594387755 30000
732768.430102041 0.604884594387755 30000
789889.844081633 0.629743619897959 30000
851057.734591837 0.629743619897959 30000
916559.247244898 0.655350802933673 30000
986702.090510204 0.655350802933673 30000
1061814.53571429 0.672683883928571 30000
1142249.08897959 0.672683883928571 30000
1228381.75683673 0.682053447704082 30000
1320617.92132653 0.682053447704082 30000
1419388.66806122 0.691338862882653 30000
1525157.39571429 0.691338862882653 30000
1638419.81602041 0.718531099489796 30000
1759707.62571429 0.718531099489796 30000
1889587.77214286 0.778674396683673 30000
2028671.26591837 0.778674396683673 30000
2177608.77459184 0.863750158163265 30000
2337097.96653061 0.863750158163265 30000
2507887.9172449 0.93755612755102 30000
2690778.375 0.93755612755102 30000
2886627.10469388 0.91934331122449 30000
3096351.35663265 0.91934331122449 30000
3320935.21040816 0.91934331122449 30000
3561431.04367347 0.91934331122449 30000
0 1904139.07660201 40000
5555.11612244898 1904139.07660201 40000
11497.7428571429 1904139.07660201 40000
17854.1926530612 1904139.07660201 40000
24653.9673469388 4882259.98566913 40000
31926.5687755102 4882259.98566913 40000
39707.0802040816 2611476.2213274 40000
48028.9902040816 2611476.2213274 40000
56930.5714285714 42928.5500621076 40000
66452.4885714286 42928.5500621076 40000
76637.7983673469 390.35068895068 40000
87532.7469387755 390.35068895068 40000
99186.7697959184 24.997605605017 40000
111652.491836735 24.997605605017 40000
124987.322040816 5.71936460841837 40000
139251.061428571 5.71936460841837 40000
154509.09244898 2.39968039668367 40000
170829.189591837 2.39968039668367 40000
188287.100816327 1.35642335629252 40000
206960.966122449 1.35642335629252 40000
226936.101632653 0.950927587159864 40000
248302.60755102 0.950927587159864 40000
271158.55755102 0.80392837329932 40000
295606.809387755 0.80392837329932 40000
321758.194285714 0.751825073129252 40000
349731.516938775 0.751825073129252 40000
379653.555510204 0.709907880102041 40000
411660.656326531 0.709907880102041 40000
445897.936530612 0.664479038265306 40000
482520.87877551 0.664479038265306 40000
521695.33122449 0.631972200255102 40000
563599.102244898 0.631972200255102 40000
608421.960408163 0.616387389880952 40000
656368.823877551 0.616387389880952 40000
707655.773673469 0.614134884778912 40000
762515.635102041 0.614134884778912 40000
821198.775102041 0.62630937585034 40000
883969.912857143 0.62630937585034 40000
951114.498571429 0.655684965986395 40000
1022937.11877551 0.655684965986395 40000
1099764.68571429 0.699891209183673 40000
1181944.04530612 0.699891209183673 40000
1269849.95061224 0.743585821428571 40000
1363880.2777551 0.743585821428571 40000
1464461.60734694 0.764504550595238 40000
1572051.61653061 0.764504550595238 40000
1687137.48428571 0.755825096938776 40000
1810241.47285714 0.755825096938776 40000
1941923.31979592 0.732447881377551 40000
2082779.44061224 0.732447881377551 40000
2233449.30755102 0.719248467261905 40000
2394617.04428571 0.719248467261905 40000
2567013.81795918 0.719486010204082 40000
2751421.82591837 0.719486010204082 40000
2948679.07979592 0.675153520408163 40000
3159679.4055102 0.675153520408163 40000
3385380.41673469 0.675153520408163 40000
3626807.50163265 0.675153520408163 40000
0 1751390.73503497 50000
5979.945 1751390.73503497 50000
12364.335 1751390.73503497 50000
19178.835 1751390.73503497 50000
26455.305 3554738.71741156 50000
34222.95 3554738.71741156 50000
42514.515 459987.002577063 50000
51367.17 459987.002577063 50000
60818.085 2103.45464203125 50000
70907.97 2103.45464203125 50000
81679.305 93.1199101875 50000
93178.11 93.1199101875 50000
105453.945 15.197950125 50000
118559.025 15.197950125 50000
132549.99 4.8737134375 50000
147486.135 4.8737134375 50000
163432.065 2.48011109375 50000
180455.04 2.48011109375 50000
198628.515 1.638289875 50000
218029.485 1.638289875 50000
238741.14 1.200908125 50000
260852.865 1.200908125 50000
284458.47 0.9411495625 50000
309659.73 0.9411495625 50000
336562.845 0.77982696875 50000
365284.635 0.77982696875 50000
395946.345 0.6836440625 50000
428679.84 0.6836440625 50000
463625.835 0.63763328125 50000
500933.01 0.63763328125 50000
540760.665 0.62462378125 50000
583279.605 0.62462378125 50000
628672.14 0.62402271875 50000
677131.2 0.62402271875 50000
728863.875 0.6227155 50000
784093.185 0.6227155 50000
843054.54 0.622575375 50000
905999.28 0.622575375 50000
973197.33 0.63327096875 50000
1044935.43 0.63327096875 50000
1121521.56 0.6596495 50000
1203282.285 0.6596495 50000
1290568.065 0.69608015625 50000
1383751.485 0.69608015625 50000
1483230.795 0.727978875 50000
1589431.68 0.727978875 50000
1702809.915 0.73868553125 50000
1823847.825 0.73868553125 50000
1953064.905 0.72262278125 50000
2091012.51 0.72262278125 50000
2238281.82 0.69150028125 50000
2395501.185 0.69150028125 50000
2563344.975 0.6622491875 50000
2742529.155 0.6622491875 50000
2933821.02 0.639596875 50000
3138038.31 0.639596875 50000
3356054.52 0.639596875 50000
3588802.44 0.639596875 50000
0 2011361.09178556 60000
6106.85142857143 2011361.09178556 60000
12629.08 2011361.09178556 60000
19596.2914285714 2011361.09178556 60000
27037.1942857143 3311090.70550919 60000
34984.0857142857 3311090.70550919 60000
43472.8514285714 2373714.17530683 60000
52538.48 2373714.17530683 60000
62221.3428571429 10433.0063694405 60000
72564.5028571428 10433.0063694405 60000
83610.1257142857 240.547834095238 60000
95408.4514285714 240.547834095238 60000
108010.617142857 23.0387369761905 60000
121469.554285714 23.0387369761905 60000
135844.474285714 5.82981558333333 60000
151199.074285714 5.82981558333333 60000
167597.948571429 2.73278872619048 60000
185112.868571429 2.73278872619048 60000
203820.988571429 1.71124766666667 60000
223802.154285714 1.71124766666667 60000
245143.388571429 1.19868939285714 60000
267937.097142857 1.19868939285714 60000
292281.965714286 0.914207261904762 60000
318284.754285714 0.914207261904762 60000
346057.605714286 0.767307595238095 60000
375720.737142857 0.767307595238095 60000
407403.337142857 0.699319119047619 60000
441242.668571429 0.699319119047619 60000
477384.965714286 0.668608797619048 60000
515987.228571429 0.668608797619048 60000
557218.12 0.650983678571428 60000
601254.377142857 0.650983678571428 60000
648289.782857143 0.638791880952381 60000
698525.297142857 0.638791880952381 60000
752181.617142857 0.633792178571428 60000
809489.308571429 0.633792178571428 60000
870698.674285714 0.637395702380952 60000
936074.371428571 0.637395702380952 60000
1005900.79428571 0.65156869047619 60000
1080479.38285714 0.65156869047619 60000
1160134.90285714 0.679978214285714 60000
1245212.75428571 0.679978214285714 60000
1336082.56 0.718291821428571 60000
1433137.26857143 0.718291821428571 60000
1536798.53714286 0.756369928571428 60000
1647515.83428571 0.756369928571428 60000
1765769.13142857 0.798616011904762 60000
1892073.38857143 0.798616011904762 60000
2026974.06857143 0.860789880952381 60000
2171058.8 0.860789880952381 60000
2324950.2 0.938203964285714 60000
2489317.53714286 0.938203964285714 60000
2664873.14285714 0.996963083333333 60000
2852379.58857143 0.996963083333333 60000
3052648.78857143 0.991660595238095 60000
3266550.97142857 0.991660595238095 60000
3495013.78285714 0.991660595238095 60000
3739027.66857143 0.991660595238095 60000
0 1730446.55358755 70000
6592.16632653061 1730446.55358755 70000
13628.318877551 1730446.55358755 70000
21137.8607142857 1730446.55358755 70000
29152.1551020408 14053.2798308567 70000
37705.5056122449 14053.2798308567 70000
46834.1760204082 258.079648552296 70000
56577.3704081633 258.079648552296 70000
66975.2729591837 260.965452833759 70000
78072.9683673469 260.965452833759 70000
89916.5214285714 305.195561029974 70000
102557.87755102 305.195561029974 70000
116048.982142857 95.8192594770408 70000
130446.681122449 95.8192594770408 70000
145813.701020408 16.9285776838861 70000
162214.728571429 16.9285776838861 70000
179718.370918367 4.36379611713435 70000
198399.115816327 4.36379611713435 70000
218337.331632653 1.89438410395408 70000
239616.327040816 1.89438410395408 70000
262326.271428571 1.15354539009354 70000
286563.214795918 1.15354539009354 70000
312432.028061224 0.874496045918367 70000
340039.542346939 0.874496045918367 70000
369504.35 0.761753683035714 70000
400950.923979592 0.761753683035714 70000
434513.538265306 0.710063509778912 70000
470333.32755102 0.710063509778912 70000
508562.207653061 0.681505786564626 70000
549362.875510204 0.681505786564626 70000
592907.829081633 0.66897681547619 70000
639381.32755102 0.66897681547619 70000
688981.351530612 0.672807380952381 70000
741917.642857143 0.672807380952381 70000
798413.664795918 0.686104098639456 70000
858711.50255102 0.686104098639456 70000
923064.02244898 0.697409984056123 70000
991745.653061224 0.697409984056123 70000
1065046.50459184 0.704905722789116 70000
1143278.2494898 0.704905722789116 70000
1226772.1622449 0.716044174107143 70000
1315882.05969388 0.716044174107143 70000
1410986.26122449 0.73505815369898 70000
1512487.58877551 0.73505815369898 70000
1620815.32704082 0.763862944302721 70000
1736431.10408163 0.763862944302721 70000
1859822.03061225 0.802591268069728 70000
1991513.44132653 0.802591268069728 70000
2132063.99438776 0.838140385841837 70000
2282066.65153061 0.838140385841837 70000
2442160.43928571 0.858624518494898 70000
2613022.60816327 0.858624518494898 70000
2795376.47346939 0.8770565625 70000
2989997.29591837 0.8770565625 70000
3197709.34132653 0.854138509778912 70000
3419391.76122449 0.854138509778912 70000
3655986.43367347 0.854138509778912 70000
3908495.02295918 0.854138509778912 70000
0 2602945.594738 80000
6772.42836734694 2602945.594738 80000
13994.1057142857 2602945.594738 80000
21695.6626530612 2602945.594738 80000
29906.7087755102 4810976.87155972 80000
38664.0008163265 4810976.87155972 80000
48001.2324489796 4120543.03878284 80000
57957.2024489796 4120543.03878284 80000
68574.7936734694 2512173.83766683 80000
79895.8679591837 2512173.83766683 80000
91968.4132653061 10452.4266409456 80000
104841.438571429 10452.4266409456 80000
118568.036938775 246.21647846216 80000
133206.406530612 246.21647846216 80000
148814.745510204 21.3870422176871 80000
165458.399183673 21.3870422176871 80000
183205.775918367 4.56509285544218 80000
202131.410204082 4.56509285544218 80000
222311.878571429 1.9293116547619 80000
243830.904693877 1.9293116547619 80000
266777.317346939 1.23760223511905 80000
291246.071428571 1.23760223511905 80000
317337.226938776 0.952982160714286 80000
345160.033061224 0.952982160714286 80000
374827.823061224 0.800531051020408 80000
406463.119387755 0.800531051020408 80000
440197.633673469 0.717887957482993 80000
476169.203673469 0.717887957482993 80000
514526.898367347 0.677232201105442 80000
555429.996938775 0.677232201105442 80000
599044.925714286 0.659594073554422 80000
645553.426326531 0.659594073554422 80000
695147.450612245 0.653172280612245 80000
748030.181632653 0.653172280612245 80000
804421.13877551 0.651906640731292 80000
864553.114693878 0.651906640731292 80000
928673.19632653 0.656301282738095 80000
997046.848979592 0.656301282738095 80000
1069955.87428571 0.670852950680272 80000
1147700.4522449 0.670852950680272 80000
1230603.22530612 0.698594926020408 80000
1319004.19326531 0.698594926020408 80000
1413268.88142857 0.737304362244898 80000
1513786.29857143 0.737304362244898 80000
1620972 0.781055086734694 80000
1735267.06653061 0.781055086734694 80000
1857143.20959184 0.829704582057823 80000
1987104.81326531 0.829704582057823 80000
2125685.87122449 0.894303267006803 80000
2273460.19693878 0.894303267006803 80000
2431036.31857143 0.989858014455782 80000
2599064.62612245 0.989858014455782 80000
2778238.39244898 1.12929536819728 80000
2969297.85734694 1.12929536819728 80000
3173030.22755102 1.35502383630952 80000
3390276.82387755 1.35502383630952 80000
3621933.08122449 1.35502383630952 80000
3868956.71673469 1.35502383630952 80000
0 1869643.08133734 90000
7050.51224489796 1869643.08133734 90000
14568.8612244898 1869643.08133734 90000
22584.8183673469 1869643.08133734 90000
31133.4714285714 5196691.73941945 90000
40247.7816326531 5196691.73941945 90000
49967.0897959184 2876341.13585415 90000
60331.8 2876341.13585415 90000
71382.3163265306 48369.1557889796 90000
83166.4857142857 48369.1557889796 90000
95732.1551020408 1936.6640198682 90000
109130.36122449 1936.6640198682 90000
123417.457142857 140.354405136054 90000
138651.92244898 140.354405136054 90000
154896.489795918 18.7300275297619 90000
172218.144897959 18.7300275297619 90000
190688.126530612 5.17011647534014 90000
210382.989795918 5.17011647534014 90000
231383.542857143 2.33727865646258 90000
253778.036734694 2.33727865646258 90000
277655.785714286 1.35969259778912 90000
303117.8 1.35969259778912 90000
330268.279591837 0.965529073129252 90000
359218.867346939 0.965529073129252 90000
390089.712244898 0.793820586734694 90000
423006.279591837 0.793820586734694 90000
458106.793877551 0.715045918367347 90000
495534.795918367 0.715045918367347 90000
535443.395918367 0.685451700680272 90000
577999.526530612 0.685451700680272 90000
623377.563265306 0.682024885204082 90000
671763.57755102 0.682024885204082 90000
723359.589795918 0.685168163265306 90000
778376.126530612 0.685168163265306 90000
837040.726530612 0.68699343537415 90000
899594.751020408 0.68699343537415 90000
966297.636734694 0.69434768707483 90000
1037423.70612245 0.69434768707483 90000
1113265.35714286 0.717557882653061 90000
1194136.25306122 0.717557882653061 90000
1280370.25918367 0.760963473639456 90000
1372322.50612245 0.760963473639456 90000
1470371.51632653 0.820628163265306 90000
1574922.39387755 0.820628163265306 90000
1686406.8244898 0.881976356292517 90000
1805282.0122449 0.881976356292517 90000
1932041.3122449 0.923204468537415 90000
2067205.7244898 0.923204468537415 90000
2211332.4 0.927411011904762 90000
2365016.76734694 0.927411011904762 90000
2528891.46938776 0.885090837585034 90000
2703632.74285714 0.885090837585034 90000
2889961.48163265 0.799901135204082 90000
3088645.36326531 0.799901135204082 90000
3300504.16530612 0.673159910714286 90000
3526410.82857143 0.673159910714286 90000
3767297.83673469 0.673159910714286 90000
4024158.27959184 0.673159910714286 90000
0 2821014.18250367 hpsmc
8278.79183673469 2821014.18250367 hpsmc
17175.9673469388 2821014.18250367 hpsmc
26735.9346938775 2821014.18250367 hpsmc
37008.6530612245 3612.60805523809 hpsmc
48047.4122448979 3612.60805523809 hpsmc
59909.9428571428 91.2288023129252 hpsmc
72656.1959183673 91.2288023129252 hpsmc
86353.893877551 21.0972243537415 hpsmc
101072.979591837 21.0972243537415 hpsmc
116888.946938776 7.1237725170068 hpsmc
133885.06122449 7.1237725170068 hpsmc
152149.028571429 4.07203891156463 hpsmc
171774.106122449 4.07203891156463 hpsmc
192863.542857143 3.15623619047619 hpsmc
215525.028571429 3.15623619047619 hpsmc
239876.244897959 2.70964040816327 hpsmc
266043.755102041 2.70964040816327 hpsmc
294163.004081633 2.32234108843537 hpsmc
324378.318367347 2.32234108843537 hpsmc
356847.346938776 1.95295306122449 hpsmc
391738.840816327 1.95295306122449 hpsmc
429230.432653061 1.63821020408163 hpsmc
469518.628571429 1.63821020408163 hpsmc
512812.146938775 1.39657428571429 hpsmc
559333.028571428 1.39657428571429 hpsmc
609323.297959184 1.22616258503401 hpsmc
663041.632653061 1.22616258503401 hpsmc
720765.583673469 1.11667333333333 hpsmc
782794.906122449 1.11667333333333 hpsmc
849449.33877551 1.05706925170068 hpsmc
921075.265306122 1.05706925170068 hpsmc
998042.383673469 1.03951646258503 hpsmc
1080748.14693878 1.03951646258503 hpsmc
1169622.20408163 1.06056639455782 hpsmc
1265124.17959184 1.06056639455782 hpsmc
1367748.11428571 1.12054285714286 hpsmc
1478024.68571429 1.12054285714286 hpsmc
1596524.53877551 1.22351659863946 hpsmc
1723861.61632653 1.22351659863946 hpsmc
1860695.37959184 1.37896367346939 hpsmc
2007733.02857143 1.37896367346939 hpsmc
2165735.05306122 1.60446231292517 hpsmc
2335519.67346939 1.60446231292517 hpsmc
2517966.17142857 1.9283874829932 hpsmc
2714018.22040816 1.9283874829932 hpsmc
2924691.65714286 2.39132176870748 hpsmc
3151074.48163265 2.39132176870748 hpsmc
3394339.06938776 3.04033088435374 hpsmc
3655745.50204082 3.04033088435374 hpsmc
3936646.00816326 3.90125945578231 hpsmc
4238492.73469388 3.90125945578231 hpsmc
4562851.06938775 4.92588068027211 hpsmc
4911396.31020408 4.92588068027211 hpsmc
5285934.75918367 6.12368217687075 hpsmc
5688403.72244898 6.12368217687075 hpsmc
6120884.83265306 6.12368217687075 hpsmc
6585618.48163265 6.12368217687075 hpsmc
