0 4235097.17718752 100000
12709.3260204082 4235097.17718752 100000
26295.2209183673 4235097.17718752 100000
40814.8923469388 4235097.17718752 100000
56336.6204081633 6881812.18601942 100000
72924.9943877551 6881812.18601942 100000
90657.5214285714 151273.588035859 100000
109611.708673469 151273.588035859 100000
129870.599489796 4065.10053772215 100000
151524.618877551 4065.10053772215 100000
174669.728061224 277.936665881165 100000
199409.269897959 277.936665881165 100000
225852.123469388 42.900626477466 100000
254116.394897959 42.900626477466 100000
284327.571938775 12.3623277721088 100000
316620.369387755 12.3623277721088 100000
351136.883673469 5.47166596088435 100000
388030.283673469 5.47166596088435 100000
427462.965306122 3.27822919642857 100000
469613.933163265 3.27822919642857 100000
514665.882653061 2.37034989370748 100000
562821.808673469 2.37034989370748 100000
614293.933163265 1.9278633067602 100000
669311.086734694 1.9278633067602 100000
728118.708673469 1.68390803677721 100000
790975.156122449 1.68390803677721 100000
858160.931122449 1.53558335565476 100000
929973.144387755 1.53558335565476 100000
1006731.05153061 1.44072553146258 100000
1088776.05306122 1.44072553146258 100000
1176473.53979592 1.38329104698129 100000
1270207.35663265 1.38329104698129 100000
1370400.10204082 1.35760911670918 100000
1477490.98316327 1.35760911670918 100000
1591957.96071429 1.35851644238946 100000
1714310.36734694 1.35851644238946 100000
1845087.0622449 1.38556320578231 100000
1984871.19438775 1.38556320578231 100000
2134282.82091837 1.43967595556973 100000
2293984.44336735 1.43967595556973 100000
2464684.69846939 1.5158836235119 100000
2647142.04897959 1.5158836235119 100000
2842166.62908163 1.6049860809949 100000
3050622.08979592 1.6049860809949 100000
3273432.98061224 1.69192018388605 100000
3511590.28571429 1.69192018388605 100000
3766149.57857143 1.75522537308673 100000
4038242.09438775 1.75522537308673 100000
4329072.88469388 1.77005399659864 100000
4639933.73520408 1.77005399659864 100000
4972205.01122449 1.71005900829082 100000
5327359.34846939 1.71005900829082 100000
5706974.57091837 1.56744355867347 100000
6112735.53622449 1.56744355867347 100000
6546441.51734694 1.33289987032313 100000
7010015.42959184 1.33289987032313 100000
7505518.59387755 1.33289987032313 100000
8035148.89132653 1.33289987032313 100000
0 1856.67829168282 10000
9835.68112244898 1856.67829168282 10000
20392.4217346939 1856.67829168282 10000
31721.2465306122 1856.67829168282 10000
43879.8939795918 38.2159571407313 10000
56930.1308163265 38.2159571407313 10000
70936.4092857143 61.2710902168367 10000
85968.5526530612 61.2710902168367 10000
102100.41244898 31.2789318103742 10000
119415.239489796 31.2789318103742 10000
137997.627346939 13.854558332483 10000
157942.911632653 13.854558332483 10000
179347.770714286 7.09340594642857 10000
202319.625 7.09340594642857 10000
226975.294183673 4.46085344409014 10000
253436.968979592 4.46085344409014 10000
281837.582142857 3.15848449914966 10000
312318.122959184 3.15848449914966 10000
345030.322755102 2.40683536968537 10000
380139.340408163 2.40683536968537 10000
417821.076836735 2.02561320918367 10000
458262.175 2.02561320918367 10000
501665.390918367 1.82342785969388 10000
548248.250918367 1.82342785969388 10000
598243.051632653 1.65870817495748 10000
651899.545510204 1.65870817495748 10000
709486.283571429 1.51893855846088 10000
771291.958163265 1.51893855846088 10000
837625.402959184 1.41629891794218 10000
908816.935714286 1.41629891794218 10000
985223.729285714 1.3397730667517 10000
1067227.12612245 1.3397730667517 10000
1155236.66653061 1.28186955038265 10000
1249694.11693878 1.28186955038265 10000
1351069.44163265 1.24909793367347 10000
1459871.54479592 1.24909793367347 10000
1576641.55673469 1.25424236415816 10000
1701966.26142857 1.25424236415816 10000
1836471.3827551 1.30641679209184 10000
1980828.29826531 1.30641679209184 10000
2135760.75295918 1.40474842665816 10000
2302040.83102041 1.40474842665816 10000
2480501.04061224 1.52786228507653 10000
2672032.97112245 1.52786228507653 10000
2877595.34969388 1.63240136458333 10000
3098214.04122449 1.63240136458333 10000
3334994.13316326 1.67972229230442 10000
3589118.5927551 1.67972229230442 10000
3861856.32357143 1.68043003613946 10000
4154574.25030612 1.68043003613946 10000
4468731.9477551 1.69364498426871 10000
4805901.78214286 1.69364498426871 10000
5167770.25387755 1.77775740178571 10000
5556144.71132653 1.77775740178571 10000
5972968.12112245 2.01494390093537 10000
6420324.43918367 2.01494390093537 10000
6900448.01 2.01494390093537 10000
7415742.36520408 2.01494390093537 10000
0 3686281.75047338 110000
12908.8142857143 3686281.75047338 110000
26702.9551020408 3686281.75047338 110000
41440.8163265306 3686281.75047338 110000
57188.3265306122 7256599.27045371 110000
74017.0653061224 7256599.27045371 110000
91998.612244898 8895610.81906858 110000
111212.081632653 8895610.81906858 110000
131740.355102041 157840.328105914 110000
153677.616326531 157840.328105914 110000
177118.048979592 1467.48034891582 110000
202165.255102041 1467.48034891582 110000
228928.487755102 85.8415272619048 110000
257524.534693878 85.8415272619048 110000
288081.485714286 14.9097189583333 110000
320733.081632653 14.9097189583333 110000
355620.597959184 5.24420972789116 110000
392900.379591837 5.24420972789116 110000
432732.53877551 3.05621703656463 110000
475297.908163265 3.05621703656463 110000
520777.320408163 2.34651951105442 110000
569374.212244898 2.34651951105442 110000
621303.32244898 2.00849038265306 110000
676788.808163265 2.00849038265306 110000
736077.430612245 1.77106119047619 110000
799429.136734694 1.77106119047619 110000
867122.710204082 1.58265460034014 110000
939453.887755102 1.58265460034014 110000
1016742.89387755 1.4490118920068 110000
1099328.78979592 1.4490118920068 110000
1187573.24081633 1.37059613520408 110000
1281866.16734694 1.37059613520408 110000
1382620.09387755 1.33762400085034 110000
1490279.56734694 1.33762400085034 110000
1605315.50612245 1.34309842687075 110000
1728234.61836735 1.34309842687075 110000
1859579.40204082 1.38386426020408 110000
1999924.37755102 1.38386426020408 110000
2149885.50612245 1.44943964285714 110000
2310123.95714286 1.44943964285714 110000
2481344.2244898 1.52256934098639 110000
2664297.89387755 1.52256934098639 110000
2859791.17755102 1.59615818452381 110000
3068679.26326531 1.59615818452381 110000
3291881.38367347 1.67330638605442 110000
3530380.81632653 1.67330638605442 110000
3785224.88367347 1.75110602465986 110000
4057532.4877551 1.75110602465986 110000
4348501.64489796 1.81942450680272 110000
4659411.36938776 1.81942450680272 110000
4991625.44081633 1.86190526785714 110000
5346607.47346939 1.86190526785714 110000
5725915.26530612 1.85056790816327 110000
6131217.75102041 1.85056790816327 110000
6564295.00204082 1.73361140731293 110000
7027051.4122449 1.73361140731293 110000
7521519.46530612 1.73361140731293 110000
8049872.92040816 1.73361140731293 110000
0 4292260.87409892 120000
13191.0146938775 4292260.87409892 120000
27281.5044897959 4292260.87409892 120000
42337.0963265306 4292260.87409892 120000
58421.4869387755 809676.078853793 120000
75604.1636734694 809676.078853793 120000
93960.4044897959 4987.59769646003 120000
113573.208163265 4987.59769646003 120000
134523.643265306 551.974903845238 120000
156908.22 551.974903845238 120000
180821.518367347 183.165152056973 120000
206367.769387755 183.165152056973 120000
233660.855102041 53.0388756028911 120000
262820.448163265 53.0388756028911 120000
293970.081632653 14.472497289966 120000
327250.660408163 14.472497289966 120000
362805.019591837 5.9688304005102 120000
400787.575510204 5.9688304005102 120000
441368.186122449 3.46169636139456 120000
484720.569795918 3.46169636139456 120000
531035.816734694 2.45949821088435 120000
580514.668163265 2.45949821088435 120000
633377.167346939 2.01213320238095 120000
689851.078367347 2.01213320238095 120000
750183.467346939 1.76526814285714 120000
814640.702448979 1.76526814285714 120000
883500.733061224 1.59157792431973 120000
957066.60122449 1.59157792431973 120000
1035660.65102041 1.47111710459184 120000
1119626.45877551 1.47111710459184 120000
1209328.83306122 1.4017906079932 120000
1305161.5355102 1.4017906079932 120000
1407543.42040816 1.37616714880952 120000
1516922.29510204 1.37616714880952 120000
1633774.92 1.38443485629252 120000
1758614.72938775 1.38443485629252 120000
1891984.11061224 1.41459429506803 120000
2034467.9155102 1.41459429506803 120000
2186687.66979592 1.4594916462585 120000
2349311.22408163 1.4594916462585 120000
2523046.96326531 1.52067107312925 120000
2708657.31795918 1.52067107312925 120000
2906949.11346939 1.59918212414966 120000
3118794.80204082 1.59918212414966 120000
3345115.09102041 1.68930254846939 120000
3586902.10530612 1.68930254846939 120000
3845211.66653061 1.77951546173469 120000
4121174.87428571 1.77951546173469 120000
4415994.24571428 1.85771687585034 120000
4730963.01755102 1.85771687585034 120000
5067455.49510204 1.91466191751701 120000
5426942.49387755 1.91466191751701 120000
5810997.13020408 1.96042786054422 120000
6221294.82122449 1.96042786054422 120000
6659632.58693877 2.06521783588435 120000
7127925.18979592 2.06521783588435 120000
7628220.57632653 2.06521783588435 120000
8162703.73755102 2.06521783588435 120000
0 4948776.7730001 130000
13598.62 4948776.7730001 130000
28108.8114285714 4948776.7730001 130000
43595.3971428571 4948776.7730001 130000
60119.1485714286 9070075.74950079 130000
77752.9914285714 9070075.74950079 130000
96571.8771428571 5122404.887601 130000
116652.782857143 5122404.887601 130000
138080.788571429 195316.457881696 130000
160949.077142857 195316.457881696 130000
185350.831428571 3929.39710355952 130000
211391.388571429 3929.39710355952 130000
239180.137142857 192.64221275 130000
268834.568571429 192.64221275 130000
300480.277142857 24.4649439107143 130000
334248.934285714 24.4649439107143 130000
370284.365714286 7.30440075595238 130000
408740.525714286 7.30440075595238 130000
449777.445714286 3.73041194047619 130000
493567.311428571 3.73041194047619 130000
540298.514285714 2.50828163095238 130000
590167.548571429 2.50828163095238 130000
643381.037142857 1.94475745833333 130000
700169.911428571 1.94475745833333 130000
760769.154285714 1.64837013690476 130000
825436.031428571 1.64837013690476 130000
894446.04 1.49330170833333 130000
968086.831428572 1.49330170833333 130000
1046672.39142857 1.41929561309524 130000
1130530.88571429 1.41929561309524 130000
1220020.86571429 1.39252242261905 130000
1315517.08857143 1.39252242261905 130000
1417424.69714286 1.39348463690476 130000
1526173.14285714 1.39348463690476 130000
1642220.23714286 1.41218029166667 130000
1766058.22857143 1.41218029166667 130000
1898209.75142857 1.44479851190476 130000
2039231.87714286 1.44479851190476 130000
2189720.16571429 1.48439700595238 130000
2350312.71714286 1.48439700595238 130000
2521684.09428571 1.51744991071429 130000
2704559.50285714 1.51744991071429 130000
2899710.74 1.5369305297619 130000
3107962.27142857 1.5369305297619 130000
3330193.25714286 1.55068006547619 130000
3567343.62857143 1.55068006547619 130000
3820412.06285714 1.57044766071429 130000
4090468.13714286 1.57044766071429 130000
4378654.35428571 1.59571422619048 130000
4686186.14285714 1.59571422619048 130000
5014359.96 1.61151057738095 130000
5364565.44571429 1.61151057738095 130000
5738279.34571429 1.59562138095238 130000
6137079.69142857 1.59562138095238 130000
6562651.87714286 1.50004986904762 130000
7016790.68571429 1.50004986904762 130000
7501416.49428572 1.50004986904762 130000
8018573.24857143 1.50004986904762 130000
0 6845489.0033704 140000
13660.6969387755 6845489.0033704 140000
28257.4416326531 6845489.0033704 140000
43848.2370408163 6845489.0033704 140000
60505.0868367347 5682058.80394011 140000
78299.9946938776 5682058.80394011 140000
97308.9644897959 4604154.27248335 140000
117618.000612245 4604154.27248335 140000
139313.10744898 32178.7333841852 140000
162490.289897959 32178.7333841852 140000
187251.553163265 1008.68794021152 140000
213702.902653061 1008.68794021152 140000
241962.344387755 92.9842188507653 140000
272151.884591837 92.9842188507653 140000
304401.529897959 19.6397144751276 140000
338855.287653061 19.6397144751276 140000
375663.165510204 7.12095079528061 140000
414985.171632653 7.12095079528061 140000
456991.314693878 3.87461017410714 140000
501867.604183674 3.87461017410714 140000
549810.050102041 2.70212952338435 140000
601026.663061225 2.70212952338435 140000
655741.454489796 2.08731482355442 140000
714192.436530612 2.08731482355442 140000
776637.622346939 1.7158292045068 140000
843347.025714286 1.7158292045068 140000
914612.661530612 1.51066040391156 140000
990748.545816327 1.51066040391156 140000
1072082.69530612 1.41603474298469 140000
1158973.12826531 1.41603474298469 140000
1251797.86397959 1.38623738945578 140000
1350962.92316327 1.38623738945578 140000
1456902.32795918 1.39508367410714 140000
1570078.10193878 1.39508367410714 140000
1690984.27030612 1.43437317857143 140000
1820148.86 1.43437317857143 140000
1958133.89969388 1.49992652295918 140000
2105547.42040816 1.49992652295918 140000
2263027.45469388 1.57814718027211 140000
2431266.03785714 1.57814718027211 140000
2610995.2072449 1.65219679145408 140000
2802999.00285714 1.65219679145408 140000
3008119.46765306 1.71715010522959 140000
3227250.6472449 1.71715010522959 140000
3461350.5905102 1.77629062244898 140000
3711439.3494898 1.77629062244898 140000
3978610.98 1.83655619706633 140000
4264031.54153061 1.83655619706633 140000
4568947.09765306 1.91461434608844 140000
4894689.71632653 1.91461434608844 140000
5242683.47020408 2.01888216560374 140000
5614446.43673469 2.01888216560374 140000
6011602.69877551 2.09443602019558 140000
6435886.34479592 2.09443602019558 140000
6889151.46938775 1.93466120216837 140000
7373376.17346939 1.93466120216837 140000
7890674.56489796 1.93466120216837 140000
8443308.75908163 1.93466120216837 140000
0 4107266.73628251 150000
14110.967755102 4107266.73628251 150000
29175.0685714286 4107266.73628251 150000
45257.0987755102 4107266.73628251 150000
62423.9448979592 11429221.0684776 150000
80748.7640816326 11429221.0684776 150000
100310.984081633 2796489.54425835 150000
121196.303265306 2796489.54425835 150000
143488.329795918 13121.3615732449 150000
167287.393469388 13121.3615732449 150000
192691.733877551 581.147283436224 150000
219812.131836735 581.147283436224 150000
248763.548571429 79.4535821862245 150000
279669.306122449 79.4535821862245 150000
312663.17755102 20.6990950637755 150000
347883.116326531 20.6990950637755 150000
385479.617142857 7.82823232653061 150000
425615.715918367 7.82823232653061 150000
468460.719183673 4.08324415561224 150000
514200.655102041 4.08324415561224 150000
563025.732244898 2.69365470918367 150000
615147.06122449 2.69365470918367 150000
670788.293877551 2.023861875 150000
730187.713469387 2.023861875 150000
793594.054285714 1.69111880357143 150000
861283.223265306 1.69111880357143 150000
933541.578367347 1.54605428571429 150000
1010678.46979592 1.54605428571429 150000
1093022.05959184 1.49159140561224 150000
1180925.5922449 1.49159140561224 150000
1274763.21428571 1.46936992346939 150000
1374936.24489796 1.46936992346939 150000
1481871.08571429 1.45558764030612 150000
1596027.58163265 1.45558764030612 150000
1717888.56979592 1.44794533163265 150000
1847978.69142857 1.44794533163265 150000
1986849.76040816 1.45199510204082 150000
2135097.48489796 1.45199510204082 150000
2293353.10653061 1.47707755102041 150000
2462293.85142857 1.47707755102041 150000
2642638.74979592 1.53556407397959 150000
2835161.17714286 1.53556407397959 150000
3040678.40326531 1.63622917346939 150000
3260072.49428571 1.63622917346939 150000
3494277.77142857 1.77387346683673 150000
3744293.3522449 1.77387346683673 150000
4011189.42122449 1.92455105357143 150000
4296103.04938775 1.92455105357143 150000
4600252.82571428 2.04184198469388 150000
4924936.76693877 2.04184198469388 150000
5271538.58816326 2.06496922193877 150000
5641542.33428571 2.06496922193877 150000
6036526.10938775 1.96165217602041 150000
6458174.61795918 1.96165217602041 150000
6908289.61591837 1.69917479846939 150000
7388792.00081633 1.69917479846939 150000
7901734.35306122 1.69917479846939 150000
8449307.20653061 1.69917479846939 150000
0 6309247.53918472 160000
14504.3726530612 6309247.53918472 160000
29978.0216326531 6309247.53918472 160000
46483.9716326531 6309247.53918472 160000
64089.593877551 7353743.9167613 160000
82873.1259183674 7353743.9167613 160000
102908.45877551 4721426.86284312 160000
124280.349795918 4721426.86284312 160000
147080.076122449 83995.8962608078 160000
171401.088163265 83995.8962608078 160000
197345.529387755 3849.32486772917 160000
225022.063061224 3849.32486772917 160000
254545.872244898 246.543370599065 160000
286038.659795918 246.543370599065 160000
319635.168163265 29.5327240990646 160000
355472.313061225 29.5327240990646 160000
393702.223061225 8.15929821003401 160000
434483.546530612 8.15929821003401 160000
477985.798163265 3.95078352763605 160000
524391.532244898 3.95078352763605 160000
573896.342653061 2.56464322193878 160000
626702.343061225 2.56464322193878 160000
683035.553061225 2.01559038052721 160000
743126.33877551 2.01559038052721 160000
807228.972244898 1.75855195408163 160000
875608.591836735 1.75855195408163 160000
948554.241836735 1.60668598554422 160000
1026365.83285714 1.60668598554422 160000
1109373.70122449 1.50516280229592 160000
1197919.04959184 1.50516280229592 160000
1292375.67959184 1.43890990391156 160000
1393134.77897959 1.43890990391156 160000
1500620.1344898 1.4101186662415 160000
1615279.43877551 1.4101186662415 160000
1737590.81020408 1.41959048086735 160000
1868064.96612245 1.41959048086735 160000
2007247.39612245 1.45636846853742 160000
2155718.36204082 1.45636846853742 160000
2314099.4177551 1.50550690263605 160000
2483051.23591837 1.50550690263605 160000
2663280.1277551 1.55390280442177 160000
2855535.86979592 1.55390280442177 160000
3060624.74346939 1.59414896130952 160000
3279400.84204082 1.59414896130952 160000
3512776.93693878 1.63151554166667 160000
3761730.99755102 1.63151554166667 160000
4027299.67142857 1.68442549659864 160000
4310593.49714286 1.68442549659864 160000
4612794.73102041 1.77058641071429 160000
4935166.04020408 1.77058641071429 160000
5279050.50265306 1.87824906845238 160000
5645888.99326531 1.87824906845238 160000
6037209.31755102 1.9465122372449 160000
6454647.94428571 1.9465122372449 160000
6899947.8322449 1.84814934396259 160000
7374967.12326531 1.84814934396259 160000
7881690.00857143 1.84814934396259 160000
8422231.07530612 1.84814934396259 160000
0 5777973.318017 170000
15127.5981632653 5777973.318017 170000
31250.2520408163 5777973.318017 170000
48439.0370408163 5777973.318017 170000
66762.7358163265 14654051.2705916 170000
86292.4237755102 14654051.2705916 170000
107112.932857143 5914030.38875051 170000
129306.802244898 5914030.38875051 170000
152963.449387755 88706.4067368555 170000
178181.462755102 88706.4067368555 170000
205064.016326531 2176.15126644962 170000
233718.869591837 2176.15126644962 170000
264265.245816327 144.262744699617 170000
296826.95377551 144.262744699617 170000
331536.973265306 24.0627036245748 170000
368537.455102041 24.0627036245748 170000
407977.428367347 8.20330579846939 170000
450021.971428571 8.20330579846939 170000
494838.455408163 4.32748927678571 170000
542612.593469388 4.32748927678571 170000
593536.977040816 2.91339913159014 170000
647822.539591837 2.91339913159014 170000
705689.385612245 2.22958969897959 170000
767373.668877551 2.22958969897959 170000
833127.59244898 1.83475816411565 170000
903221.701428571 1.83475816411565 170000
977938.004693878 1.60627556505102 170000
1057583.73142857 1.60627556505102 170000
1142484.45285714 1.48723380952381 170000
1232988.6677551 1.48723380952381 170000
1329460.92418367 1.43905729294218 170000
1432300.16153061 1.43905729294218 170000
1541921.36846939 1.43357856356293 170000
1658778.5105102 1.43357856356293 170000
1783343.89520408 1.45047330272109 170000
1916126.51418367 1.45047330272109 170000
2057669.75040816 1.47711702763605 170000
2208551.37816327 1.47711702763605 170000
2369388.14857143 1.50918693962585 170000
2540835.78959184 1.50918693962585 170000
2723595.88428571 1.55257255335884 170000
2918411.28530612 1.55257255335884 170000
3126082.16418367 1.6183889545068 170000
3347452.25479592 1.6183889545068 170000
3583429.48816327 1.70892889817177 170000
3834972.23591837 1.70892889817177 170000
4103114.53061224 1.80677699872449 170000
4388945.43091837 1.80677699872449 170000
4693634.24193878 1.87934747427721 170000
5018423.63693877 1.87934747427721 170000
5364643.41387755 1.91277393303571 170000
5733703.61714286 1.91277393303571 170000
6127112.87959184 1.94179161479592 170000
6546478.42255102 1.94179161479592 170000
6993510.64132653 2.02098719727891 170000
7470036.86173469 2.02098719727891 170000
7978001.34010204 2.02098719727891 170000
8519481.31255102 2.02098719727891 170000
0 3820691.98428873 180000
15115.0469387755 3820691.98428873 180000
31230.9242857143 3820691.98428873 180000
48413.746122449 3820691.98428873 180000
66738.7457142857 23406745.923861 180000
86276.5967346939 23406745.923861 180000
107111.651632653 6419928.51895224 180000
129325.983061224 6419928.51895224 180000
153013.062653061 362837.433446808 180000
178273.201428571 362837.433446808 180000
205204.430612245 6510.47278749787 180000
233923.019795918 6510.47278749787 180000
264545.238571429 318.671440829082 180000
297198.755510204 318.671440829082 180000
332015.79877551 39.6476030956633 180000
369139.995510204 39.6476030956633 180000
408726.371836735 10.4483616887755 180000
450939.073061224 10.4483616887755 180000
495946.804081633 4.65017572789116 180000
543941.067755102 4.65017572789116 180000
595115.646734694 2.83215722236395 180000
649684.841836735 2.83215722236395 180000
707869.793265306 2.08111170408163 180000
769912.159387755 2.08111170408163 180000
836069.557142857 1.72902572193878 180000
906611.00244898 1.72902572193878 180000
981830.588979592 1.5600358494898 180000
1062036.08918367 1.5600358494898 180000
1147558.07346939 1.48777581802721 180000
1238749.91020408 1.48777581802721 180000
1335987.76571429 1.46431291836735 180000
1439672.88408163 1.46431291836735 180000
1550231.58714286 1.46360998129252 180000
1668119.83408163 1.46360998129252 180000
1793823.22142857 1.47603961862245 180000
1927859.26285714 1.47603961862245 180000
2070784.22857143 1.49754569345238 180000
2223181.74632653 1.49754569345238 180000
2385683.31959184 1.53152890136054 180000
2558959.20836735 1.53152890136054 180000
2743720.70897959 1.58644823511905 180000
2940733.83285714 1.58644823511905 180000
3150805.6277551 1.66770871088435 180000
3374804.69591837 1.66770871088435 180000
3613654.35469388 1.7770771704932 180000
3868339.47591837 1.7770771704932 180000
4139908.76571429 1.90662657355442 180000
4429481.60387755 1.90662657355442 180000
4738250.32367347 2.0378668252551 180000
5067491.61081633 2.0378668252551 180000
5418559.66408163 2.15843003273809 180000
5792902.15387755 2.15843003273809 180000
6192062.50204082 2.27830455187075 180000
6617684.44142857 2.27830455187075 180000
7071523.41489796 2.47215369897959 180000
7555448.85510204 2.47215369897959 180000
8071460.14306122 2.47215369897959 180000
8621677.48897959 2.47215369897959 180000
0 5555812.48912397 190000
15584.6987755102 5555812.48912397 190000
32197.8174489796 5555812.48912397 190000
49907.9173469388 5555812.48912397 190000
68783.5597959184 9341427.31229371 190000
88902.7628571428 9341427.31229371 190000
110348.272959184 8999158.2908953 190000
133209.929081633 8999158.2908953 190000
157577.570204082 465580.557354113 190000
183550.492040816 465580.557354113 190000
211237.447040816 7240.61064326275 190000
240747.187653061 7240.61064326275 190000
272205.015612245 289.018804225765 190000
305736.232653061 289.018804225765 190000
341475.597244898 34.5527906568877 190000
379574.417142857 34.5527906568877 190000
420181.635918367 9.97406241007653 190000
463467.474795918 9.97406241007653 190000
509606.883367347 4.79592882079082 190000
558788.996326531 4.79592882079082 190000
611212.405102041 3.00180893558673 190000
667089.88622449 3.00180893558673 190000
726653.129693877 2.20028171492347 190000
790143.282244898 2.20028171492347 190000
857818.039897959 1.80128631696429 190000
929954.012142857 1.80128631696429 190000
1006846.72193878 1.59761681887755 190000
1088808.24153061 1.59761681887755 190000
1176171.92081633 1.49837035841837 190000
1269294.75153061 1.49837035841837 190000
1368557.3672449 1.46042521045918 190000
1474364.04336735 1.46042521045918 190000
1587147.4255102 1.46267118494898 190000
1707363.80112245 1.46267118494898 190000
1835504.92040816 1.4942330369898 190000
1972095.63214286 1.4942330369898 190000
2117689.15530612 1.54564418112245 190000
2272881.26418367 1.54564418112245 190000
2438305.56 1.60349772576531 190000
2614633.47091837 1.60349772576531 190000
2802586.07295918 1.65168766964286 190000
3002929.36163265 1.65168766964286 190000
3216478.98030612 1.68331847704082 190000
3444109.67693877 1.68331847704082 190000
3686743.48316326 1.72128825191326 190000
3945375.72030612 1.72128825191326 190000
4221056.08591837 1.81361947512755 190000
4514909.93142857 1.81361947512755 190000
4828135.89795918 1.98673189923469 190000
5162013.00887755 1.98673189923469 190000
5517898.30561224 2.18394422066326 190000
5897245.76112245 2.18394422066326 190000
6301601.55153061 2.26052899553571 190000
6732615.87704082 2.26052899553571 190000
7192042.96193877 2.04503365369898 190000
7681755.23969387 2.04503365369898 190000
8203755.17387755 2.04503365369898 190000
8760163.4372449 2.04503365369898 190000
0 7039070.32509542 200000
15811.875 7039070.32509542 200000
32660.3571428571 7039070.32509542 200000
50615.3571428571 7039070.32509542 200000
69746.7857142857 10149632.6384732 200000
90131.7857142857 10149632.6384732 200000
111854.732142857 10999023.0598828 200000
135002.410714286 10999023.0598828 200000
159668.839285714 3581387.74638281 200000
185952.857142857 3581387.74638281 200000
213962.946428571 25111.4070987723 200000
243807.589285714 25111.4070987723 200000
275609.732142857 731.661418526786 200000
309499.553571429 731.661418526786 200000
345609.642857143 62.8159921875 200000
384089.464285714 62.8159921875 200000
425093.303571429 12.7024553571429 200000
468787.5 12.7024553571429 200000
515345.625 4.83880078125 200000
564958.125 4.83880078125 200000
617825.089285714 2.79857310267857 200000
674161.071428571 2.79857310267857 200000
734190.267857143 2.07940178571429 200000
798156.160714286 2.07940178571429 200000
866319.107142857 1.77858482142857 200000
938951.517857143 1.77858482142857 200000
1016347.5 1.63149609375 200000
1098820.44642857 1.63149609375 200000
1186703.03571429 1.54522767857143 200000
1280349.64285714 1.54522767857143 200000
1380138.75 1.49294029017857 200000
1486470.53571429 1.49294029017857 200000
1599778.92857143 1.46721595982143 200000
1720519.55357143 1.46721595982143 200000
1849176.96428571 1.4641171875 200000
1986276.69642857 1.4641171875 200000
2132365.98214286 1.48432700892857 200000
2288037.85714286 1.48432700892857 200000
2453919.10714286 1.531828125 200000
2630682.32142857 1.531828125 200000
2819036.25 1.60442075892857 200000
3019747.5 1.60442075892857 200000
3233621.25 1.69032756696429 200000
3461522.94642857 1.69032756696429 200000
3704373.48214286 1.77984542410714 200000
3963151.60714286 1.77984542410714 200000
4238901.16071429 1.86768582589286 200000
4532740.71428571 1.86768582589286 200000
4845849.10714286 1.92904854910714 200000
5179496.78571429 1.92904854910714 200000
5535026.51785714 1.91873270089286 200000
5913875.08928571 1.91873270089286 200000
6317573.30357143 1.81944642857143 200000
6747748.39285714 1.81944642857143 200000
7206140.89285714 1.63644308035714 200000
7694595 1.63644308035714 200000
8215089.91071429 1.63644308035714 200000
8769720.53571428 1.63644308035714 200000
0 902424.533604923 20000
10245.8773469388 902424.533604923 20000
21229.8893877551 902424.533604923 20000
33008.8157142857 902424.533604923 20000
45636.5969387755 381.818221586735 20000
59175.6906122449 381.818221586735 20000
73691.3932653061 171.615639111607 20000
89256.098877551 171.615639111607 20000
105943.620918367 53.5042847397959 20000
123836.289795918 53.5042847397959 20000
143019.274897959 15.9621893705357 20000
163587.682040816 15.9621893705357 20000
185640.875510204 7.29899582971939 20000
209285.317040816 7.29899582971939 20000
234635.985306122 4.77339818303571 20000
261816.375918367 4.77339818303571 20000
290958.501428571 3.38485030739796 20000
322204.310816326 3.38485030739796 20000
355705.689489796 2.57083796938775 20000
391624.459285714 2.57083796938775 20000
430136.636938775 2.13951712308673 20000
471428.175612245 2.13951712308673 20000
515700.642857143 1.86250664668367 20000
563166.962142857 1.86250664668367 20000
614059.929795918 1.64407378252551 20000
668626.537040816 1.64407378252551 20000
727130.808979592 1.48379564094388 20000
789859.48255102 1.48379564094388 20000
857113.489591836 1.37414892602041 20000
929223.57122449 1.37414892602041 20000
1006537.50244898 1.30211573341837 20000
1089431.44806122 1.30211573341837 20000
1178308.54316327 1.26589212818878 20000
1273600.31265306 1.26589212818878 20000
1375770.92969388 1.26562005931122 20000
1485314.37673469 1.26562005931122 20000
1602765.80142857 1.29398323979592 20000
1728692.99969388 1.29398323979592 20000
1863710.61061224 1.33908752806122 20000
2008473.01897959 1.33908752806122 20000
2163684.29173469 1.38800669515306 20000
2330096.75846939 1.38800669515306 20000
2508522.36734694 1.42819895727041 20000
2699824.16816327 1.42819895727041 20000
2904934.76571428 1.46277536288265 20000
3124850.64183673 1.46277536288265 20000
3360637.83336735 1.5206461875 20000
3613443.28806122 1.5206461875 20000
3884496.28408163 1.62584516772959 20000
4175112.68846939 1.62584516772959 20000
4486704.89357143 1.75715388839286 20000
4820786.0755102 1.75715388839286 20000
5178981.55010204 1.87128973979592 20000
5563028.77285714 1.87128973979592 20000
5974797.21183673 1.99969146364796 20000
6416284.08918367 1.99969146364796 20000
6889637.09295918 1.99969146364796 20000
7397155.79663265 1.99969146364796 20000
0 5007358.94499453 210000
16298.232244898 5007358.94499453 210000
33655.8997959184 5007358.94499453 210000
52140.7864285714 5007358.94499453 210000
71825.6969387755 13429928.5648041 210000
92785.9466326531 13429928.5648041 210000
115109.403367347 8372613.15604346 210000
138881.424489796 8372613.15604346 210000
164197.409387755 2811285.17717027 210000
191157.778469388 2811285.17717027 210000
219867.973163265 19054.912535449 210000
250440.966428571 19054.912535449 210000
282999.773265306 509.987119258291 210000
317672.429693878 509.987119258291 210000
354594.503265306 49.6701828762755 210000
393914.114081633 49.6701828762755 210000
435789.424285714 12.0734933711735 210000
480381.106530612 12.0734933711735 210000
527867.407040816 5.14056776594388 210000
578436.614081633 5.14056776594388 210000
632289.568469388 3.02733011096939 210000
689639.663571429 3.02733011096939 210000
750712.845306122 2.20324990625 210000
815750.122653061 2.20324990625 210000
885010.078163265 1.83848846428571 210000
958766.35744898 1.83848846428571 210000
1037312.69020408 1.64975562946429 210000
1120957.86918367 1.64975562946429 210000
1210033.28173469 1.53856094834184 210000
1304890.39928571 1.53856094834184 210000
1405908.30887755 1.48224706632653 210000
1513483.67112245 1.48224706632653 210000
1628043.2727551 1.47214749298469 210000
1750039.00561224 1.47214749298469 210000
1879957.90867347 1.49161440752551 210000
2018309.6155102 1.49161440752551 210000
2165643.92785714 1.52511925829082 210000
2322543.28408163 1.52511925829082 210000
2489630.29071429 1.56829480357143 210000
2667562.70142857 1.56829480357143 210000
2857048.48010204 1.62825938584184 210000
3058838.26928571 1.62825938584184 210000
3273725.39020408 1.71123174808673 210000
3502565.92683673 1.71123174808673 210000
3746263.66285714 1.80207560586735 210000
4005782.63418367 1.80207560586735 210000
4282149.6394898 1.8631646875 210000
4576461.77173469 1.8631646875 210000
4889878.88663265 1.86001085905612 210000
5223643.68673469 1.86001085905612 210000
5579079.21091837 1.79422503125 210000
5957591.34489796 1.79422503125 210000
6360676.3527551 1.70423370089286 210000
6789930.91897959 1.70423370089286 210000
7247054.65897959 1.60853619005102 210000
7733857.65061225 1.60853619005102 210000
8252262.94469388 1.60853619005102 210000
8804326.64908163 1.60853619005102 210000
0 4155089.87736459 220000
16739.923877551 4155089.87736459 220000
34551.2446938775 4155089.87736459 220000
53504.5178571429 4155089.87736459 220000
73670.2987755102 14108326.8016083 220000
95129.5955102041 14108326.8016083 220000
117960.802959184 8543042.02991495 220000
142257.995 8543042.02991495 220000
168110.019183673 7445520.28395995 220000
195618.788877551 7445520.28395995 220000
224888.830612245 30531.4214081486 220000
256032.510408163 30531.4214081486 220000
289172.646938775 764.84720253784 220000
324437.285204082 764.84720253784 220000
361959.696530612 64.5131050707908 220000
401883.604897959 64.5131050707908 220000
444368.413265306 14.1612652555272 220000
489573.524591837 14.1612652555272 220000
537674.020816326 5.57491162202381 220000
588855.436530612 5.57491162202381 220000
643313.758979592 3.12792376403061 220000
701263.26755102 3.12792376403061 220000
762923.467959184 2.21890225765306 220000
828534.77122449 2.21890225765306 220000
898348.041020408 1.81107457738095 220000
972635.046326531 1.81107457738095 220000
1051678.00877551 1.60206506887755 220000
1135785.28163265 1.60206506887755 220000
1225280.89714286 1.49728266602891 220000
1320509.79285714 1.49728266602891 220000
1421837.81163265 1.45692562585034 220000
1529656.92795918 1.45692562585034 220000
1644382.63479592 1.45402392580782 220000
1766459.16989796 1.45402392580782 220000
1896354.2894898 1.46927282227891 220000
2034569.72091837 1.46927282227891 220000
2181638.5494898 1.49696690880102 220000
2338130.44479592 1.49696690880102 220000
2504643.82122449 1.54564251870748 220000
2681826.74326531 1.54564251870748 220000
2870356.02020408 1.62420618346088 220000
3070965.95091837 1.62420618346088 220000
3284424.80540816 1.72289120535714 220000
3511558.34326531 1.72289120535714 220000
3753239.36102041 1.81193474362245 220000
4010403.37112245 1.81193474362245 220000
4284040.76244898 1.87335496853741 220000
4575207.25295918 1.87335496853741 220000
4885023.88969388 1.91928131292517 220000
5214687.50142857 1.91928131292517 220000
5565468.0855102 1.97613939030612 220000
5938719.2605102 1.97613939030612 220000
6335880.87938775 2.06534080718537 220000
6758484.25581633 2.06534080718537 220000
7208157.3905102 2.16141266581633 220000
7686635.42387755 2.16141266581633 220000
8195763.24918367 2.16141266581633 220000
8737505.96520408 2.16141266581633 220000
0 5348645.29610268 230000
16822.3342857143 5348645.29610268 230000
34727.7967346939 5348645.29610268 230000
53794.4975510204 5348645.29610268 230000
74090.132244898 14516407.1298164 230000
95698.0183673469 14516407.1298164 230000
118701.473469388 11062566.4664367 230000
143191.626122449 11062566.4664367 230000
169264.812244898 1116620.80211696 230000
197019.971428571 1116620.80211696 230000
226569.061632653 19060.7803286488 230000
258029.248163265 19060.7803286488 230000
291520.3 756.995892029762 230000
327175.004489796 756.995892029762 230000
365133.96 65.0101573282313 230000
405542.972244898 65.0101573282313 230000
448566.072653061 13.2900389761905 230000
494364.688979592 13.2900389761905 230000
543126.285714286 5.44562103146259 230000
595035.723673469 5.44562103146259 230000
650298.693061225 3.22105326785714 230000
709133.90244898 3.22105326785714 230000
771767.871428571 2.29168287159864 230000
838450.552653061 2.29168287159864 230000
909439.709795919 1.84195252295918 230000
985013.935918367 1.84195252295918 230000
1065472.65346939 1.61262855782313 230000
1151128.30326531 1.61262855782313 230000
1242319.36285714 1.50624679931973 230000
1339399.93183673 1.50624679931973 230000
1442755.35387755 1.47827900680272 230000
1552783.99102041 1.47827900680272 230000
1669923.26040816 1.4947472414966 230000
1794631.40857143 1.4947472414966 230000
1927395.32244898 1.52940864455782 230000
2068735.73673469 1.52940864455782 230000
2219209.83755102 1.56932621343537 230000
2379403.45142857 1.56932621343537 230000
2549946.66734694 1.61652321938776 230000
2731508.62938776 1.61652321938776 230000
2924797.53673469 1.67683623044218 230000
3130576.26571429 1.67683623044218 230000
3349651.95510204 1.7459203664966 230000
3582876.00612245 1.7459203664966 230000
3831170.11918367 1.81804754591837 230000
4095505.4644898 1.81804754591837 230000
4376918.30408163 1.8983166292517 230000
4676512.5955102 1.8983166292517 230000
4995462.5955102 1.98626654931973 230000
5335015.46367347 1.98626654931973 230000
5696506.8844898 2.06637832738095 230000
6081353.25632653 2.06637832738095 230000
6491062.10612245 2.11306002295918 230000
6927239.90040816 2.11306002295918 230000
7391599.85632653 2.05538865561225 230000
7885956.73428571 2.05538865561225 230000
8412252.87469388 2.05538865561225 230000
8972550.38693877 2.05538865561225 230000
0 5558598.06420823 240000
17230.9428571429 5558598.06420823 240000
35572.2647959184 5558598.06420823 240000
55096.2073469388 5558598.06420823 240000
75875.0120408163 9237358.50646076 240000
97994.2984693878 9237358.50646076 240000
121537.010612245 12638999.4036232 240000
146596.794897959 12638999.4036232 240000
173269.973367347 2810858.23654076 240000
201660.894897959 2810858.23654076 240000
231879.259591837 36207.8390430466 240000
264045.47 36207.8390430466 240000
298282.604285714 1229.66575741794 240000
334724.443061224 1229.66575741794 240000
373512.79377551 101.581915444728 240000
414800.166326531 101.581915444728 240000
458747.09744898 18.8376312876276 240000
505524.826326531 18.8376312876276 240000
555312.618979592 6.44981415497449 240000
608308.470714286 6.44981415497449 240000
664715.728061224 3.33154973511905 240000
724759.14244898 3.33154973511905 240000
788666.140918367 2.24166138392857 240000
856690.906632653 2.24166138392857 240000
929095.649591837 1.79014624340986 240000
1006163.98469388 1.79014624340986 240000
1088198.25612245 1.59889013562925 240000
1175511.5105102 1.59889013562925 240000
1268451.57744898 1.53075678465136 240000
1367374.31336735 1.53075678465136 240000
1472670.35765306 1.52740669515306 240000
1584746.40336735 1.52740669515306 240000
1704038.57530612 1.55700008142007 240000
1831017.78122449 1.55700008142007 240000
1966170.98255102 1.59404058843537 240000
2110030.62612245 1.59404058843537 240000
2263155.91489796 1.62501080017007 240000
2426140.83479592 1.62501080017007 240000
2599624.85714286 1.65191185161565 240000
2784279.56061224 1.65191185161565 240000
2980827.3605102 1.68200134098639 240000
3190033.48193878 1.68200134098639 240000
3412713.98663265 1.72195157631803 240000
3649733.09734694 1.72195157631803 240000
3902019.25153061 1.77339022172619 240000
4170554.39887755 1.77339022172619 240000
4456382.02816326 1.8326271619898 240000
4760617.86969388 1.8326271619898 240000
5084449.89530612 1.89619524957483 240000
5429135.6427551 1.89619524957483 240000
5796018.26938776 1.94179771577381 240000
6186531.90336735 1.94179771577381 240000
6602196.29244898 1.9087594787415 240000
7044630.18204081 1.9087594787415 240000
7515556.66642857 1.69585320854592 240000
8016813.89122449 1.69585320854592 240000
8550352.3777551 1.69585320854592 240000
9118253.75234694 1.69585320854592 240000
0 5845797.16239343 250000
17641.4632653061 5845797.16239343 250000
36412.2673469388 5845797.16239343 250000
56378.6816326531 5845797.16239343 250000
77623.5428571429 16796293.8737725 250000
100224.165306122 16796293.8737725 250000
124271.669387755 10843240.1813364 250000
149851.653061224 10843240.1813364 250000
177069.042857143 757931.285717908 250000
206023.242857143 757931.285717908 250000
236830.224489796 17620.9590795408 250000
269603.197959184 17620.9590795408 250000
304471.940816327 867.65764432398 250000
341566.230612245 867.65764432398 250000
381032.412244898 86.798050625 250000
423016.830612245 86.798050625 250000
467687.920408163 18.6201562755102 250000
515211.355102041 18.6201562755102 250000
565769.375510204 6.82678239795918 250000
619560.789795918 6.82678239795918 250000
676787.167346939 3.53616789540816 250000
737672.167346939 3.53616789540816 250000
802444.971428571 2.3389699872449 250000
871356.851020408 2.3389699872449 250000
944670.12244898 1.81968720663265 250000
1022669.19183673 1.81968720663265 250000
1105652.27142857 1.57387494897959 250000
1193934.14081633 1.57387494897959 250000
1287859.95306122 1.47633469387755 250000
1387785.90612245 1.47633469387755 250000
1494095.81020408 1.47212382653061 250000
1607198.32653061 1.47212382653061 250000
1727526.96734694 1.5167118494898 250000
1855545.61836735 1.5167118494898 250000
1991740.25510204 1.5750599744898 250000
2136641.03265306 1.5750599744898 250000
2290794.67346939 1.62892110969388 250000
2454800.36326531 1.62892110969388 250000
2629284.9 1.67702969387755 250000
2814916.5 1.67702969387755 250000
3012410.32040816 1.728175625 250000
3222520.1755102 1.728175625 250000
3446055.10408163 1.79350159438776 250000
3683871.08571429 1.79350159438776 250000
3936884.84693877 1.8817975 250000
4206060.05510204 1.8817975 250000
4492434.93061224 2.00045536989796 250000
4797108.44081633 2.00045536989796 250000
5121245.82244898 2.14090390306122 250000
5466095.14897959 2.14090390306122 250000
5832976.28571429 2.24449584183673 250000
6223297.45714286 2.24449584183673 250000
6638558.00816326 2.25500575255102 250000
7080351.16530612 2.25500575255102 250000
7550369.55918367 2.3817862244898 250000
8050419.03061224 2.3817862244898 250000
8582418.63061224 2.3817862244898 250000
9148408.90408163 2.3817862244898 250000
0 5715953.42244689 260000
18054.3323469388 5715953.42244689 260000
37249.3585714286 5715953.42244689 260000
57659.2237755102 5715953.42244689 260000
79363.7765306122 12333001.9411847 260000
102440.013673469 12333001.9411847 260000
126979.190714286 14468370.4656984 260000
153069.711428571 14468370.4656984 260000
180814.238265306 6252185.30055612 260000
210312.581938775 6252185.30055612 260000
241681.663571429 73686.3659261407 260000
275032.700816327 73686.3659261407 260000
310496.873469388 2030.01368694643 260000
348208.213061224 2030.01368694643 260000
388303.602857143 134.358630522747 260000
430939.888265306 134.358630522747 260000
476273.914693877 21.8462067349065 260000
524476.78622449 21.8462067349065 260000
575733.865612245 7.08240193452381 260000
630233.367346939 7.08240193452381 260000
688183.468061224 3.53051290327381 260000
749803.751326531 3.53051290327381 260000
815322.355918367 2.31231125318878 260000
884990.234489796 2.31231125318878 260000
959066.894897959 1.81110105739796 260000
1037834.65887755 1.81110105739796 260000
1121590.10683673 1.60590686394558 260000
1210646.92959184 1.60590686394558 260000
1305338.78010204 1.54321622959184 260000
1406027.82867347 1.54321622959184 260000
1513090.50428571 1.54127942644558 260000
1626931.75326531 1.54127942644558 260000
1747979.33581633 1.5550212230017 260000
1876689.5294898 1.5550212230017 260000
2013547.12918367 1.56727774107143 260000
2159068.29887755 1.56727774107143 260000
2313803.42336735 1.58063336522109 260000
2478334.25653061 1.58063336522109 260000
2653279.62479592 1.60414235310374 260000
2839301.13061224 1.60414235310374 260000
3037097.44897959 1.64726295812075 260000
3247415.73438775 1.64726295812075 260000
3471048.76908163 1.72364786011905 260000
3708840.66653061 1.72364786011905 260000
3961684.01969388 1.84918359778912 260000
4230534.15969388 1.84918359778912 260000
4516403.45234694 2.02768436628401 260000
4820372.70510204 2.02768436628401 260000
5143582.61183674 2.21714054889456 260000
5487253.715 2.21714054889456 260000
5852680.70214286 2.31301230463435 260000
6241243.81285714 2.31301230463435 260000
6654403.13530612 2.22608192538265 260000
7093715.71663265 2.22608192538265 260000
7560844.11816327 1.91556366390306 260000
8057539.305 1.91556366390306 260000
8585683.42204082 1.91556366390306 260000
9147258.42489796 1.91556366390306 260000
0 4778306.41682626 270000
18221.4632653061 4778306.41682626 270000
37590.9857142857 4778306.41682626 270000
58180.8632653061 4778306.41682626 270000
80069.1755102041 24635182.236142 270000
103336.893877551 24635182.236142 270000
128067.881632653 8215210.14402358 270000
154360.46122449 8215210.14402358 270000
182307.171428571 3156766.74018378 270000
212015.010204082 3156766.74018378 270000
243596.759183673 40972.6357906888 270000
277168.091836735 40972.6357906888 270000
312853.357142857 1292.48734244898 270000
350788.471428571 1292.48734244898 270000
391112.242857143 104.156928405612 270000
433977.93877551 104.156928405612 270000
479544.610204082 19.672785752551 270000
527982.875510204 19.672785752551 270000
579472.028571429 6.84110971938776 270000
634208.714285714 6.84110971938776 270000
692389.57755102 3.54527134353742 270000
754240.181632653 3.54527134353742 270000
819986.089795918 2.37635478741497 270000
889876 2.37635478741497 270000
964170.17755102 1.87888657312925 270000
1043143.34693878 1.87888657312925 270000
1127093.36734694 1.65634768707483 270000
1216332.55714286 1.65634768707483 270000
1311196.36938776 1.56493552295918 270000
1412037.60816327 1.56493552295918 270000
1519232.2122449 1.53326388605442 270000
1633179.25510204 1.53326388605442 270000
1754309.62040816 1.53130587159864 270000
1883068.65102041 1.53130587159864 270000
2019945.06734694 1.55712756377551 270000
2165442.04897959 1.55712756377551 270000
2320109.04489796 1.60686113095238 270000
2484521.53061224 1.60686113095238 270000
2659295.46734694 1.66513766581633 270000
2845078.62653061 1.66513766581633 270000
3042570.83265306 1.71851615221088 270000
3252503.72040816 1.71851615221088 270000
3475666.76122449 1.75923080357143 270000
3712892.80408163 1.75923080357143 270000
3965063.85918367 1.78147384778912 270000
4233125.55714286 1.78147384778912 270000
4518078.47346939 1.78240767006803 270000
4820983.9122449 1.78240767006803 270000
5142978.36530612 1.76712913265306 270000
5485259.05306122 1.76712913265306 270000
5849109.95102041 1.77055716411565 270000
6235884.43877551 1.77055716411565 270000
6647031.32653061 1.89058043792517 270000
7084083.2877551 1.89058043792517 270000
7548677.10204082 2.64657885629252 270000
8042542.0877551 2.64657885629252 270000
8567526.12857143 2.64657885629252 270000
9125589.88979592 2.64657885629252 270000
0 6661213.84275698 280000
18788.8040816327 6661213.84275698 280000
38753.4081632653 6661213.84275698 280000
59968.7994897959 6661213.84275698 280000
82512.9647959184 11145603.4673481 280000
106469.889795918 11145603.4673481 280000
131929.559183673 8052919.12498835 280000
158981.957653061 8052919.12498835 280000
187729.067857143 4261275.62741523 280000
218275.871938776 4261275.62741523 280000
250736.350510204 61065.9613846482 280000
285230.483163265 61065.9613846482 280000
321884.248469388 1827.42636658907 280000
360835.622959184 1827.42636658907 280000
402225.582653061 139.601754166667 280000
446210.101020408 139.601754166667 280000
492948.151020408 24.0665501031037 280000
542613.703061225 24.0665501031037 280000
595389.726020408 7.63335159013605 280000
651474.18622449 7.63335159013605 280000
711068.049489796 3.7130559204932 280000
774396.27755102 3.7130559204932 280000
841692.830612245 2.39661734268707 280000
913203.666836735 2.39661734268707 280000
989192.741326531 1.86154585671769 280000
1069945.00561224 1.86154585671769 280000
1155751.41020408 1.63046016369048 280000
1246935.9 1.63046016369048 280000
1343828.41887755 1.5396631079932 280000
1446794.90459184 1.5396631079932 280000
1556207.29387755 1.51686073660714 280000
1672473.51734694 1.51686073660714 280000
1796022.50204082 1.52523431228741 280000
1927313.16989796 1.52523431228741 280000
2066825.43928571 1.54973639455782 280000
2215075.22244898 1.54973639455782 280000
2372614.4255102 1.59024200467687 280000
2540018.9505102 1.59024200467687 280000
2717909.69183673 1.65096917517007 280000
2906946.5372449 1.65096917517007 280000
3107819.36938776 1.73476742134354 280000
3321278.06071429 1.73476742134354 280000
3548105.47806122 1.84082438137755 280000
3789144.47806122 1.84082438137755 280000
4045276.91071429 1.95824190901361 280000
4317456.61377551 1.95824190901361 280000
4606685.41683673 2.0565814317602 280000
4914028.13877551 2.0565814317602 280000
5240624.58571429 2.0933001860119 280000
5587677.55306122 2.0933001860119 280000
5956470.82244898 2.04903896471088 280000
6348363.1627551 2.04903896471088 280000
6764806.32704082 1.94031995748299 280000
7207330.05510204 1.94031995748299 280000
7677575.06785714 1.7617628295068 280000
8177278.06989796 1.7617628295068 280000
8708277.74846939 1.7617628295068 280000
9272538.76938775 1.7617628295068 280000
0 3815715.51112422 290000
19042.4497959184 3815715.51112422 290000
39272.3816326531 3815715.51112422 290000
60763.0591836735 3815715.51112422 290000
83596.9040816326 19501188.0346098 290000
107853.285306122 19501188.0346098 290000
133620.729795918 24655853.4542625 290000
160999.975102041 24655853.4542625 290000
190085.653469388 14260894.017179 290000
220984.607755102 14260894.017179 290000
253809.786122449 239782.019856015 290000
288683.294693878 239782.019856015 290000
325733.344897959 3836.68239946684 290000
365094.253469388 3836.68239946684 290000
406909.495102041 190.067948081633 290000
451334.755102041 190.067948081633 290000
498531.824081633 25.016943375 290000
548671.650612245 25.016943375 290000
601937.393877551 7.30557114795918 290000
658527.476326531 7.30557114795918 290000
718646.425714286 3.6533770255102 290000
782517.085714286 3.6533770255102 290000
850371.457959184 2.46142411989796 290000
922459.86 2.46142411989796 290000
999041.767346939 1.94192616581633 290000
1080404.12938775 1.94192616581633 290000
1166840.00081633 1.67675236989796 290000
1258666.85755102 1.67675236989796 290000
1356223.54408163 1.54327511479592 290000
1459864.16816327 1.54327511479592 290000
1569970.31142857 1.50071604336735 290000
1686944.92408163 1.50071604336735 290000
1811215.37755102 1.51990323979592 290000
1943239.56979592 1.51990323979592 290000
2083496.76734694 1.57263146173469 290000
2232505.92122449 1.57263146173469 290000
2390807.35102041 1.63732226785714 290000
2558984.11346939 1.63732226785714 290000
2737652.8444898 1.70261724489796 290000
2927463.75918367 1.70261724489796 290000
3129118.9677551 1.76422995918367 290000
3343348.05428571 1.76422995918367 290000
3570944.70857143 1.8186435 290000
3812736.19959184 1.8186435 290000
4069610.84938775 1.86384820408163 290000
4342508.87510204 1.86384820408163 290000
4632431.54693878 1.90139583673469 290000
4940438.1355102 1.90139583673469 290000
5267658.12244898 1.92437341071429 290000
5615288.1477551 1.92437341071429 290000
5984601.1677551 1.91856701020408 290000
6376955.61306122 1.91856701020408 290000
6793783.17795918 1.88915978571429 290000
7236610.18897959 1.88915978571429 290000
7707060.65755102 1.83017998469388 290000
8206859.33265306 1.83017998469388 290000
8737831.70081633 1.83017998469388 290000
9301928.40734694 1.83017998469388 290000
0 7320338.50329392 300000
19675.8824489796 7320338.50329392 300000
40559.0318367347 7320338.50329392 300000
62723.2969387755 7320338.50329392 300000
86242.5265306122 13457541.8680671 300000
111206.623469388 13457541.8680671 300000
137699.068979592 17313065.997119 300000
165812.976734694 17313065.997119 300000
195654.303673469 8161234.28055461 300000
227319.374285714 8161234.28055461 300000
260930.199591837 144302.748563627 300000
296595.947346939 144302.748563627 300000
334451.471836735 4103.50225807696 300000
374621.994897959 4103.50225807696 300000
417258.424897959 257.714419878401 300000
462508.459387755 257.714419878401 300000
510529.428367347 34.603582957483 300000
561491.505102041 34.603582957483 300000
615580.916938776 9.22824733928572 300000
672980.680408163 9.22824733928572 300000
733902.709387755 4.06526806462585 300000
798555.706938775 4.06526806462585 300000
867170.851836735 2.47497749489796 300000
939992.166122449 2.47497749489796 300000
1017276.51510204 1.85929008588435 300000
1099293.60734694 1.85929008588435 300000
1186342.04877551 1.61011736054422 300000
1278720.44530612 1.61011736054422 300000
1376762.72183673 1.52705755569728 300000
1480812.43571429 1.52705755569728 300000
1591238.83081633 1.51773949914966 300000
1708433.62673469 1.51773949914966 300000
1832811.01877551 1.53943257695578 300000
1964810.88877551 1.53943257695578 300000
2104898.80510204 1.58012298469388 300000
2253569.23346939 1.58012298469388 300000
2411355.16938776 1.63817855739796 300000
2578808.87326531 1.63817855739796 300000
2756524.34612245 1.7079134744898 300000
2945130.90795918 1.7079134744898 300000
3145299.61938776 1.77709987712585 300000
3357730.43836735 1.77709987712585 300000
3583181.11755102 1.8333359872449 300000
3822451.15020408 1.8333359872449 300000
4076381.77020408 1.86565820493197 300000
4345875.21693878 1.86565820493197 300000
4631881.89204082 1.85805927295918 300000
4935419.62428571 1.85805927295918 300000
5257557.6155102 1.79590990943878 300000
5599438.91632653 1.79590990943878 300000
5962267.58285714 1.68821377848639 300000
6347337.57408163 1.68821377848639 300000
6756000.64367347 1.56337322619048 300000
7189711.29142857 1.56337322619048 300000
7650001.0767347 1.42024439923469 300000
8138501.09428572 1.42024439923469 300000
8656935.55244898 1.42024439923469 300000
9207141.03816327 1.42024439923469 300000
0 90306.8589570663 30000
10460.1281632653 90306.8589570663 30000
21665.5258163265 90306.8589570663 30000
33673.296122449 90306.8589570663 30000
46537.613877551 290.690729489796 30000
60322.9031632653 290.690729489796 30000
75090.6596938775 178.706319985969 30000
90914.0926530612 178.706319985969 30000
107867.875408163 69.5141178985969 30000
126034.002244898 69.5141178985969 30000
145495.931632653 20.0928735860969 30000
166348.835510204 20.0928735860969 30000
188692.278367347 8.31062111989796 30000
212631.681428571 8.31062111989796 30000
238279.786836735 4.76779384247449 30000
265761.050204082 4.76779384247449 30000
295205.783877551 3.35973720982143 30000
326753.085306122 3.35973720982143 30000
360553.765408163 2.64628931186225 30000
396770.348571429 2.64628931186225 30000
435572.680102041 2.18023659821429 30000
477148.175510204 2.18023659821429 30000
521693.035408163 1.85459604846939 30000
569419.566428571 1.85459604846939 30000
620556.18122449 1.63750031505102 30000
675344.470102041 1.63750031505102 30000
734047.986122449 1.49980299170918 30000
796944.924183674 1.49980299170918 30000
864333.977755102 1.40387760841837 30000
936537.267244898 1.40387760841837 30000
1013898.87581633 1.32646804783163 30000
1096787.7777551 1.32646804783163 30000
1185596.37428571 1.27354695918367 30000
1280749.27867347 1.27354695918367 30000
1382700.38785714 1.25789239540816 30000
1491934.34663265 1.25789239540816 30000
1608970.94020408 1.27909865561224 30000
1734368.02255102 1.27909865561224 30000
1868722.98061224 1.31897020727041 30000
2012675.66265306 1.31897020727041 30000
2166911.30663265 1.35047455931122 30000
2332164.9327551 1.35047455931122 30000
2509224.27183673 1.363752875 30000
2698931.2294898 1.363752875 30000
2902190.67122449 1.38773803380102 30000
3119968.95826531 1.38773803380102 30000
3353305.66102041 1.46696257206633 30000
3603310.63071429 1.46696257206633 30000
3871174.24867347 1.60679516326531 30000
4158173.28306122 1.60679516326531 30000
4465673.8172449 1.76671757461735 30000
4795141.49908163 1.76671757461735 30000
5148144.46928571 1.92180207908163 30000
5526363.61071429 1.92180207908163 30000
5931601.33346939 2.12172720854592 30000
6365788.89581633 2.12172720854592 30000
6830992.26091837 2.12172720854592 30000
7329426.73867347 2.12172720854592 30000
0 3504951.159018 40000
10644.0791836735 3504951.159018 40000
22050.9889795918 3504951.159018 40000
34279.9783673469 3504951.159018 40000
47385.8526530612 1928057.81425306 40000
61435.2669387755 1928057.81425306 40000
76491.913877551 4129.13216251275 40000
92632.8171428571 4129.13216251275 40000
109932.037959184 118.171716403912 40000
128474.006122449 118.171716403912 40000
148349.076326531 21.6438929438775 40000
169652.046938775 21.6438929438775 40000
192486.603673469 10.7547328248299 40000
216960.875918367 10.7547328248299 40000
243194.842857143 6.36467042431973 40000
271312.927346939 6.36467042431973 40000
301451.402040816 3.93192275170068 40000
333756.908163265 3.93192275170068 40000
368382.011836735 2.73672579676871 40000
405495.572653061 2.73672579676871 40000
445276.81877551 2.12216575595238 40000
487915.346938776 2.12216575595238 40000
533618.528571428 1.7892235212585 40000
582605.584897959 1.7892235212585 40000
635112.030612245 1.60948927295918 40000
691391.155102041 1.60948927295918 40000
751715.503673469 1.49886957653061 40000
816373.915102041 1.49886957653061 40000
885678.927755102 1.40963505867347 40000
959962.335918367 1.40963505867347 40000
1039585.55836735 1.33533622108844 40000
1124927.78857143 1.33533622108844 40000
1216403.76938776 1.28807590221088 40000
1314453.4244898 1.28807590221088 40000
1419547.78326531 1.27530959863946 40000
1532193.4244898 1.27530959863946 40000
1652933.95755102 1.29482781717687 40000
1782350.02244898 1.29482781717687 40000
1921065.21469388 1.34320214030612 40000
2069747.56653061 1.34320214030612 40000
2229113.99061224 1.41856869387755 40000
2399931.76122449 1.41856869387755 40000
2583022.95795918 1.51395955102041 40000
2779271.87183673 1.51395955102041 40000
2989622.04285714 1.62463170748299 40000
3215085.14734694 1.62463170748299 40000
3456751.36653061 1.75224536904762 40000
3715781.98040816 1.75224536904762 40000
3993424.18 1.86512084693878 40000
4291018.47346939 1.86512084693878 40000
4609995.72367347 1.87852901445578 40000
4951893.44163265 1.87852901445578 40000
5318357.2677551 1.75323902380952 40000
5711154.30285714 1.75323902380952 40000
6132176.07061224 1.5395631335034 40000
6583451.84857143 1.5395631335034 40000
7067153.11183673 1.5395631335034 40000
7585611.3077551 1.5395631335034 40000
0 3470114.18805315 50000
11194.9659183673 3470114.18805315 50000
23181.2073469388 3470114.18805315 50000
36015.696122449 3470114.18805315 50000
49756.9866326531 3632426.32955461 50000
64471.5460204082 3632426.32955461 50000
80225.8414285714 7465.10781323235 50000
97095.8353061224 7465.10781323235 50000
115157.490102041 238.290483454082 50000
134497.846122449 238.290483454082 50000
155207.10877551 42.139001440051 50000
177380.231122449 42.139001440051 50000
201121.661530612 15.6920714802296 50000
226543.761122449 15.6920714802296 50000
253762.056122449 7.19114150956633 50000
282907.898265306 7.19114150956633 50000
314114.221836735 4.04173309970238 50000
347526.621530612 4.04173309970238 50000
383304.935 2.79001766709184 50000
421612.165 2.79001766709184 50000
462630.304897959 2.18422373044218 50000
506550.843367347 2.18422373044218 50000
553576.346938776 1.84307518516156 50000
603929.955306122 1.84307518516156 50000
657844.303469388 1.62912417814626 50000
715571.017040816 1.62912417814626 50000
777383.877346939 1.48338112011054 50000
843567.743571429 1.48338112011054 50000
914432.795714286 1.39218661755952 50000
990311.369489796 1.39218661755952 50000
1071557.95632653 1.34684982780612 50000
1158550.78591837 1.34684982780612 50000
1251696.57387755 1.33273545089286 50000
1351432.10428571 1.33273545089286 50000
1458222.64714286 1.34116912903912 50000
1572566.70602041 1.34116912903912 50000
1694999.18316327 1.36693174085884 50000
1826092.96204082 1.36693174085884 50000
1966458.90734694 1.39976308056973 50000
2116755.36030612 1.39976308056973 50000
2277681.80846939 1.42835450233844 50000
2449991.54612245 1.42835450233844 50000
2634490.09173469 1.45072122342687 50000
2832039.93561224 1.45072122342687 50000
3043563.705 1.47610138541667 50000
3270050.49428571 1.47610138541667 50000
3512557.44755102 1.51672678890306 50000
3772219.25387755 1.51672678890306 50000
4050248.14734694 1.58259717814626 50000
4347943.40234694 1.58259717814626 50000
4666697.66377551 1.68139781653912 50000
5008000.11214286 1.68139781653912 50000
5373442.79377551 1.81387052487245 50000
5764738.02887755 1.81387052487245 50000
6183710.49877551 2.02985576934524 50000
6632320.98418367 2.02985576934524 50000
7112664.78265306 2.02985576934524 50000
7626985.95153061 2.02985576934524 50000
0 4000032.49148155 60000
11232.8595918367 4000032.49148155 60000
23270.082244898 4000032.49148155 60000
36169.6824489796 4000032.49148155 60000
49994.3785714286 784661.891542518 60000
64808.4569387755 784661.891542518 60000
80684.0436734694 1762.23180259949 60000
97697.9687755102 1762.23180259949 60000
115930.198163265 127.926519947704 60000
135466.969591837 127.926519947704 60000
156405.496530612 38.6358143852041 60000
178842.99244898 38.6358143852041 60000
202887.646530612 16.0138284693878 60000
228655.487755102 16.0138284693878 60000
256270.384897959 7.24937435459184 60000
285862.478571429 7.24937435459184 60000
317574.453061224 3.98599397193878 60000
351558.400408163 3.98599397193878 60000
387975.820408163 2.72074890816326 60000
427003.89244898 2.72074890816326 60000
468827.635714286 2.14224710076531 60000
513646.181020408 2.14224710076531 60000
561677.474693878 1.82558141071429 60000
613148.870816326 1.82558141071429 60000
668306.538979592 1.63049135586735 60000
727417.032244898 1.63049135586735 60000
790762.583265306 1.50289541071429 60000
858645.808163265 1.50289541071429 60000
931391.274489796 1.43274557015306 60000
1009348.63714286 1.43274557015306 60000
1092891.07040816 1.40772682142857 60000
1182419.97183673 1.40772682142857 60000
1278360.25836735 1.40712577040816 60000
1381174.47795918 1.40712577040816 60000
1491354.96979592 1.41809495153061 60000
1609428.56816327 1.41809495153061 60000
1735961.30632653 1.43637474234694 60000
1871558.41653061 1.43637474234694 60000
2016869.03387755 1.46321297704082 60000
2172590.90020408 1.46321297704082 60000
2339467.22816327 1.50411057908163 60000
2518299.24489796 1.50411057908163 60000
2709943.05612245 1.5566078125 60000
2915315.91795918 1.5566078125 60000
3135402.50877551 1.60664857653061 60000
3371254.92918367 1.60664857653061 60000
3624003.6777551 1.63967698341837 60000
3894860.78693878 1.63967698341837 60000
4185121.39102041 1.64436452806122 60000
4496176.26979592 1.64436452806122 60000
4829514.9844898 1.61092126530612 60000
5186733.71755102 1.61092126530612 60000
5569543.11244898 1.53805689540816 60000
5979777.68142857 1.53805689540816 60000
6419402.07734694 1.42439292091837 60000
6890520.50142857 1.42439292091837 60000
7395389.24693878 1.42439292091837 60000
7936427.67489796 1.42439292091837 60000
0 4150004.49109717 70000
11744.6491836735 4150004.49109717 70000
24312.5448979592 4150004.49109717 70000
37762.2514285714 4150004.49109717 70000
52157.3528571428 3723497.22246846 70000
67561.4332653061 3723497.22246846 70000
84046.4430612245 15670.3580134668 70000
101689.35244898 15670.3580134668 70000
120570.478163265 610.872776716837 70000
140776.83 610.872776716837 70000
162402.110816327 90.8038517946428 70000
185543.37 90.8038517946428 70000
210309.369795918 21.3388979732143 70000
236813.892244898 21.3388979732143 70000
265179.085714286 7.61135968239796 70000
295535.464897959 7.61135968239796 70000
328021.910816326 3.99875897066326 70000
362787.344081633 3.99875897066326 70000
399994.071428571 2.80800760331633 70000
439811.092653061 2.80800760331633 70000
482424.140204082 2.27450787627551 70000
528027.312857143 2.27450787627551 70000
576831.442040816 1.9278456505102 70000
629059.072040816 1.9278456505102 70000
684954.499591837 1.68918921428571 70000
744772.061020408 1.68918921428571 70000
808789.518367347 1.53826765561224 70000
877298.019795918 1.53826765561224 70000
950615.485714285 1.43543853061224 70000
1029078.24244898 1.43543853061224 70000
1113049.38857143 1.36076209438775 70000
1202913.77510204 1.36076209438775 70000
1299084.69857143 1.31464620535714 70000
1402005.57428571 1.31464620535714 70000
1512149.93632653 1.30116596173469 70000
1630024.78408163 1.30116596173469 70000
1756172.2555102 1.32169483545918 70000
1891174.64693878 1.32169483545918 70000
2035651.06653061 1.37315820153061 70000
2190269.14714286 1.37315820153061 70000
2355738.35326531 1.44758713392857 70000
2532820.02061224 1.44758713392857 70000
2722332.37591837 1.53445051913265 70000
2925143.84387755 1.53445051913265 70000
3142191.45306122 1.62113611989796 70000
3374470.79632653 1.62113611989796 70000
3623054.43673469 1.69833639795918 70000
3889085.2144898 1.69833639795918 70000
4173786.28653061 1.78029502423469 70000
4478469.49285714 1.78029502423469 70000
4804537.02979592 1.89400385969388 70000
5153489.81632653 1.89400385969388 70000
5526935.86040816 2.00104403571429 70000
5926590.25897959 2.00104403571429 70000
6354295.27714286 1.94497570408163 70000
6812018.67489796 1.94497570408163 70000
7301868.76653061 1.94497570408163 70000
7826097.76714286 1.94497570408163 70000
0 3678255.29823934 80000
11906.8912244898 3678255.29823934 80000
24653.0346938775 3678255.29823934 80000
38294.267755102 3678255.29823934 80000
52896.58 4199376.69206249 80000
68527.6530612245 4199376.69206249 80000
85256.8606122449 70965.2502646667 80000
103163.728571429 70965.2502646667 80000
122331.166938776 797.640473791241 80000
142847.161836735 797.640473791241 80000
164806.46755102 57.3088549102891 80000
188312.298571429 57.3088549102891 80000
213471.253469388 15.2211232971939 80000
240401.775102041 15.2211232971939 80000
269225.690408163 7.55417967602041 80000
300080.054693878 7.55417967602041 80000
333103.615306122 4.50293304719388 80000
368452.04 4.50293304719388 80000
406289.456734694 3.03237332355442 80000
446788.453673469 3.03237332355442 80000
490136.847346939 2.29738956887755 80000
536535.990612245 2.29738956887755 80000
586200.772653061 1.91083579421769 80000
639361.311020408 1.91083579421769 80000
696261.259591837 1.69927429081633 80000
757166.26877551 1.69927429081633 80000
822357.217346939 1.57481411352041 80000
892136.980612245 1.57481411352041 80000
966825.354285714 1.48340865858844 80000
1046770.89877551 1.48340865858844 80000
1132342.47897959 1.40680503571429 80000
1223936.03244898 1.40680503571429 80000
1321974.56938776 1.35755254761905 80000
1426913.24877551 1.35755254761905 80000
1539235.99428571 1.34955412967687 80000
1659462.26244898 1.34955412967687 80000
1788150.42673469 1.38070530612245 80000
1925894.39346939 1.38070530612245 80000
2073332.06204082 1.43694803784014 80000
2231145.32489796 1.43694803784014 80000
2400063.45163265 1.50418550977891 80000
2580869.85714286 1.50418550977891 80000
2774400.40959184 1.57825107142857 80000
2981548.50653061 1.57825107142857 80000
3203275.22714286 1.65661723681973 80000
3440604.25612245 1.65661723681973 80000
3694637.11204082 1.7259168835034 80000
3966544.68714286 1.7259168835034 80000
4257587.55183673 1.76168944642857 80000
4569112.57061224 1.76168944642857 80000
4902559.67020408 1.73034439030612 80000
5259473.68387755 1.73034439030612 80000
5641502.65938775 1.62362244090136 80000
6050418.16346939 1.62362244090136 80000
6488108.51367347 1.45356881377551 80000
6956600.77489796 1.45356881377551 80000
7458060.75938775 1.45356881377551 80000
7994811.63918367 1.45356881377551 80000
0 4384839.2119322 90000
12297.012244898 4384839.2119322 90000
25444.4255102041 4384839.2119322 90000
39499.1704081633 4384839.2119322 90000
54527.0729591837 9124424.90839866 90000
70592.1801020408 9124424.90839866 90000
87769.2132653061 922112.275332795 90000
106132.893877551 922112.275332795 90000
125765.059693878 13730.1524659343 90000
146754.664795918 13730.1524659343 90000
169196.000510204 522.773942126913 90000
193186.916326531 522.773942126913 90000
218835.93622449 48.5707669557823 90000
246260.479591837 48.5707669557823 90000
275577.965816326 11.043163693665 90000
306923.605102041 11.043163693665 90000
340434.386734694 4.8165929517432 90000
376261.532653061 4.8165929517432 90000
414565.160204082 2.98869035395408 90000
455517.840306122 2.98869035395408 90000
499299.260204082 2.29949636798469 90000
546106.897959184 2.29949636798469 90000
596150.685204082 1.94297582164116 90000
649654.78622449 1.94297582164116 90000
706854.039795918 1.68981250531463 90000
768009.970918367 1.68981250531463 90000
833391.220918367 1.51469156994048 90000
903291.338265306 1.51469156994048 90000
978023.44132653 1.41144553252551 90000
1057920.21836735 1.41144553252551 90000
1143341.04387755 1.3663865837585 90000
1234664.8622449 1.3663865837585 90000
1332300.8622449 1.35929620216837 90000
1436686.69795918 1.35929620216837 90000
1548286.70969388 1.36782096832483 90000
1667600.81938775 1.36782096832483 90000
1795160.97244898 1.38040797087585 90000
1931540.03316326 1.38040797087585 90000
2077342.88928571 1.40276139030612 90000
2233226.02193878 1.40276139030612 90000
2399881.49387755 1.44509241390306 90000
2578058.29846939 1.44509241390306 90000
2768549.90612245 1.50523278592687 90000
2972206.71785714 1.50523278592687 90000
3189941.40255102 1.57112181547619 90000
3422727.11785714 1.57112181547619 90000
3671601.06836735 1.6422406037415 90000
3937676.95918367 1.6422406037415 90000
4222144.99591837 1.73360756483844 90000
4526275.44285714 1.73360756483844 90000
4851425.73928571 1.82707606611395 90000
5199052.95306122 1.82707606611395 90000
5570704.88520408 1.83302487032313 90000
5968046.75612245 1.83302487032313 90000
6392854.08928571 1.62232971513605 90000
6847021.60663265 1.62232971513605 90000
7332582.79846939 1.62232971513605 90000
7851704.58622449 1.62232971513605 90000
0 1458.34805802572 hpsmc
8434.03928571429 1458.34805802572 hpsmc
17495.9647959184 1458.34805802572 hpsmc
27234.4235714286 1458.34805802572 hpsmc
37698.0626530612 405.272512794855 hpsmc
48942.3170408163 405.272512794855 hpsmc
61024.8843877551 171.572383261692 hpsmc
74006.8563265306 171.572383261692 hpsmc
87958.3751020408 23.408866477466 hpsmc
102948.451632653 23.408866477466 hpsmc
119057.410102041 7.2537121747449 hpsmc
136365.574693878 7.2537121747449 hpsmc
154965.714183673 4.23799396534864 hpsmc
174951.728673469 4.23799396534864 hpsmc
196427.700204082 3.25980426530612 hpsmc
219504.49877551 3.25980426530612 hpsmc
244300.913673469 2.73140171067177 hpsmc
270947.04744898 2.73140171067177 hpsmc
299578.659285714 2.31294288244048 hpsmc
330346.215612245 2.31294288244048 hpsmc
363405.839489796 1.94861095790816 hpsmc
398930.623877551 1.94861095790816 hpsmc
437102.712346939 1.64627337032313 hpsmc
478121.218367347 1.64627337032313 hpsmc
522197.7 1.41039414562075 hpsmc
569560.685204082 1.41039414562075 hpsmc
620453.409183673 1.2384395837585 hpsmc
675139.471020408 1.2384395837585 hpsmc
733902.833673469 1.12497460352891 hpsmc
797047.823979592 1.12497460352891 hpsmc
864899.132653061 1.06299912202381 hpsmc
937808.602244898 1.06299912202381 hpsmc
1016152.9644898 1.04598915625 hpsmc
1100338.36561224 1.04598915625 hpsmc
1190799.235 1.0699968480017 hpsmc
1288003.94183673 1.0699968480017 hpsmc
1392454.79510204 1.13473229485544 hpsmc
1504691.43755102 1.13473229485544 hpsmc
1625296.50234694 1.24390530505952 hpsmc
1754891.0877551 1.24390530505952 hpsmc
1894147.20173469 1.4067479744898 hpsmc
2043784.36795918 1.4067479744898 hpsmc
2204576.41377551 1.64139452465986 hpsmc
2377354.86418367 1.64139452465986 hpsmc
2563013.46714286 1.97622475297619 hpsmc
2762512.71887755 1.97622475297619 hpsmc
2976884.38918367 2.44642527147109 hpsmc
3207236.04673469 2.44642527147109 hpsmc
3454760.10969388 3.08373921704932 hpsmc
3720737.23969388 3.08373921704932 hpsmc
4006540.86714286 3.89398349362245 hpsmc
4313650.76714286 3.89398349362245 hpsmc
4643655.32214286 4.83655054953231 hpsmc
4998260.57255102 4.83655054953231 hpsmc
5379300.39867347 6.00742165625 hpsmc
5788746.70265306 6.00742165625 hpsmc
6228715.06510204 6.00742165625 hpsmc
6701481.715 6.00742165625 hpsmc
