0 5813810.66861279 100000
12578.4683673469 5813810.66861279 100000
26024.1025510204 5813810.66861279 100000
40397.147755102 5813810.66861279 100000
55759.6747959184 3923159.06346238 100000
72181.0569387755 3923159.06346238 100000
89734.3186734694 6800.98257037139 100000
108496.135714286 6800.98257037139 100000
128550.48622449 282.615725380315 100000
149986.825204082 282.615725380315 100000
172901.910102041 115.166204022321 100000
197394.323979592 115.166204022321 100000
223573.603571429 45.275605846301 100000
251558.413673469 45.275605846301 100000
281471.070306122 13.4732769957483 100000
313443.01755102 13.4732769957483 100000
347620.304387755 5.20050750127551 100000
384152.631020408 5.20050750127551 100000
423200.651326531 2.98704013159014 100000
464939.624081633 2.98704013159014 100000
509553.936122449 2.24337318027211 100000
557244.404795918 2.24337318027211 100000
608219.149897959 1.90567675191327 100000
662706.372959184 1.90567675191327 100000
720948.880408163 1.7027029005102 100000
783204.083571429 1.7027029005102 100000
849747.649897959 1.56445841326531 100000
920877.154183673 1.56445841326531 100000
996908.427346939 1.46592099234694 100000
1078177.38204082 1.46592099234694 100000
1165047.31510204 1.40462606122449 100000
1257901.60510204 1.40462606122449 100000
1357154.66602041 1.3850235497449 100000
1463246.47040816 1.3850235497449 100000
1576649.85183673 1.39313231079932 100000
1697865.02806122 1.39313231079932 100000
1827432.38030612 1.40162901445578 100000
1965928.80204082 1.40162901445578 100000
2113967.69897959 1.39704216369048 100000
2272206.29153061 1.39704216369048 100000
2441347.44040816 1.39348982653061 100000
2622145.12346939 1.39348982653061 100000
2815398.95887755 1.41551888095238 100000
3021968.81 1.41551888095238 100000
3242771.13418367 1.48381959906463 100000
3478789.93642857 1.48381959906463 100000
3731069.46693878 1.62212874340986 100000
4000732.4772449 1.62212874340986 100000
4288976.56897959 1.85555989243197 100000
4597081.49632653 1.85555989243197 100000
4926414.64285714 2.16673549957483 100000
5278441.97520408 2.16673549957483 100000
5654724.39183674 2.46788164944728 100000
6056932.32795918 2.46788164944728 100000
6486856.70918367 2.78177665816327 100000
6946401.64908163 2.78177665816327 100000
7437613.65897959 2.78177665816327 100000
7962670.69428571 2.78177665816327 100000
0 407680.91872386 10000
9799.35795918367 407680.91872386 10000
20310.2651020408 407680.91872386 10000
31581.4206122449 407680.91872386 10000
43668.2874489796 291.524995073342 10000
56631.7395918367 291.524995073342 10000
70534.0037755102 30.591051692602 10000
85444.0705102041 30.591051692602 10000
101433.635816327 13.4711467691327 10000
118581.159489796 13.4711467691327 10000
136971.865102041 10.8657629885204 10000
156695.034489796 10.8657629885204 10000
177846.713265306 8.02710222704082 10000
200529.710816327 8.02710222704082 10000
224856.305816327 5.13074082397959 10000
250945.540714286 5.13074082397959 10000
278925.927244898 3.26298058163265 10000
308931.388163265 3.26298058163265 10000
341112.079285714 2.35971218112245 10000
375623.56744898 2.35971218112245 10000
412634.947040816 1.94138393877551 10000
452327.487244898 1.94138393877551 10000
494894.632040816 1.74171446747449 10000
540547.41122449 1.74171446747449 10000
589506.323877551 1.63393370471939 10000
642012.160408163 1.63393370471939 10000
698321.944285714 1.54012859311224 10000
758710.284795918 1.54012859311224 10000
823473.435306122 1.43555780548469 10000
892929.293265306 1.43555780548469 10000
967416.04744898 1.34030975510204 10000
1047298.94173469 1.34030975510204 10000
1132968.92234694 1.28063070918367 10000
1224845.34336735 1.28063070918367 10000
1323377.3194898 1.25750423341837 10000
1429047.78428571 1.25750423341837 10000
1542373.49020408 1.25530318813775 10000
1663909.06683673 1.25530318813775 10000
1794248.37367347 1.26367899681122 10000
1934029.91112245 1.26367899681122 10000
2083938.17326531 1.28166500318878 10000
2244706.35336735 1.28166500318878 10000
2417120.40214286 1.31283755357143 10000
2602025.79153061 1.31283755357143 10000
2800326.16193878 1.36619528762755 10000
3012991.43877551 1.36619528762755 10000
3241063.24346939 1.45542357780612 10000
3485657.59897959 1.45542357780612 10000
3747971.69357143 1.59619747385204 10000
4029287.93908163 1.59619747385204 10000
4330984.79295918 1.78824078826531 10000
4654536.75826531 1.78824078826531 10000
5001529.26397959 1.94455727678571 10000
5373657.3122449 1.94455727678571 10000
5772745.76969388 1.82006435204082 10000
6200743.95642857 1.82006435204082 10000
6659748.64285714 1.82006435204082 10000
7152005.40244898 1.82006435204082 10000
0 3505061.79679719 110000
12834.9015306122 3505061.79679719 110000
26555.4168367347 3505061.79679719 110000
41226.5280612245 3505061.79679719 110000
56911.3607142857 8573488.88784848 110000
73678.6102040816 8573488.88784848 110000
91606.2551020408 4990916.76723601 110000
110774.130612245 4990916.76723601 110000
131265.785204082 17791.6286666932 110000
153174.050510204 17791.6286666932 110000
176597.328061224 435.501011189413 110000
201639.589285714 435.501011189413 110000
228412.232142857 47.2149922480867 110000
257037.794387755 47.2149922480867 110000
287640.670408163 13.0263551690051 110000
320358.251020408 13.0263551690051 110000
355339.066836735 5.54263253507653 110000
392737.218367347 5.54263253507653 110000
432719.80255102 3.21843015625 110000
475466.912755102 3.21843015625 110000
521169.782142857 2.34855521045918 110000
570030.783673469 2.34855521045918 110000
622270.856632653 1.94992070790816 110000
678122.080102041 1.94992070790816 110000
737833.242857143 1.72402653380102 110000
801671.7 1.72402653380102 110000
869923.372959184 1.57201086734694 110000
942894.606122449 1.57201086734694 110000
1020908.45357143 1.46800849489796 110000
1104315.81887755 1.46800849489796 110000
1193489.88520408 1.4096715497449 110000
1288826.11530612 1.4096715497449 110000
1390755.24795918 1.39291930803571 110000
1499728.44489796 1.39291930803571 110000
1616235.85714286 1.40592734056122 110000
1740797.34183673 1.40592734056122 110000
1873968.03214286 1.4374668877551 110000
2016345.76377551 1.4374668877551 110000
2168565.50510204 1.48497734375 110000
2331306.78367347 1.48497734375 110000
2505299.25612245 1.54338004464286 110000
2691318.99489796 1.54338004464286 110000
2890197.77142857 1.60175180165816 110000
3102824.9127551 1.60175180165816 110000
3330151.01479592 1.65806965880102 110000
3573189.79897959 1.65806965880102 110000
3833031.10867347 1.7227771747449 110000
4110833.48265306 1.7227771747449 110000
4407839.00816326 1.81293602997449 110000
4725377.03418367 1.81293602997449 110000
5064866.02806122 1.93527651785714 110000
5427822.85867347 1.93527651785714 110000
5815868.36632653 2.03706640306122 110000
6230740.35918367 2.03706640306122 110000
6674291.75663265 1.9861598565051 110000
7148503.58571428 1.9861598565051 110000
7655496.12091837 1.9861598565051 110000
8197538.16734694 1.9861598565051 110000
0 5725296.17758951 120000
13155.147755102 5725296.17758951 120000
27209.3330612245 5725296.17758951 120000
42227.8706122449 5725296.17758951 120000
58272.2330612245 8298465.33602624 120000
75417.3402040816 8298465.33602624 120000
93736.1908163265 2353045.39330096 120000
113309.467755102 2353045.39330096 120000
134223.616938775 19788.1036945123 120000
156568.926326531 19788.1036945123 120000
180443.367959184 674.989252982143 120000
205954.518979592 674.989252982143 120000
233211.87755102 67.9111770782313 120000
262336.467959184 67.9111770782313 120000
293453.156530612 14.7734713767007 120000
326702.177755102 14.7734713767007 120000
362229.529183673 5.76080802763605 120000
400186.971428571 5.76080802763605 120000
440745.475306122 3.38392147236395 120000
484079.853673469 3.38392147236395 120000
530382.208571429 2.46129539158163 120000
579854.247142857 2.46129539158163 120000
632714.965714286 1.99888576870748 120000
689194.886734694 1.99888576870748 120000
749543.742857143 1.74116887457483 120000
814024.713877551 1.74116887457483 120000
882920.189795918 1.58101580442177 120000
956533.691836735 1.58101580442177 120000
1035186.03040816 1.47012890348639 120000
1119226.83122449 1.47012890348639 120000
1209021.08816327 1.39752633843537 120000
1304964.53142857 1.39752633843537 120000
1407477.8644898 1.36452080654762 120000
1517010.60612245 1.36452080654762 120000
1634044.93244898 1.36750239030612 120000
1759091.83489796 1.36750239030612 120000
1892702.64632653 1.39679394940476 120000
2035461.35693878 1.39679394940476 120000
2187996.14040816 1.44329064753401 120000
2350975.51183673 1.44329064753401 120000
2525116.01183673 1.50628410841837 120000
2711180.2855102 1.50628410841837 120000
2909986.68755102 1.59179753146258 120000
3122405.44020408 1.59179753146258 120000
3349370.15938775 1.70306463435374 120000
3591875.93367347 1.70306463435374 120000
3850988.92938775 1.83947309183673 120000
4127842.54857143 1.83947309183673 120000
4423656.63918367 1.98303334821429 120000
4739725.96897959 1.98303334821429 120000
5077437.51469388 2.08208196088435 120000
5438276.22510204 2.08208196088435 120000
5823821.17897959 2.11429507185374 120000
6235768.63734694 2.11429507185374 120000
6675924.35938775 2.11551171811224 120000
7146218.97061224 2.11551171811224 120000
7648719.48897959 2.11551171811224 120000
8185629.32489796 2.11551171811224 120000
0 4759755.23460309 130000
13594.1583673469 4759755.23460309 130000
28111.8220408163 4759755.23460309 130000
43615.092244898 4759755.23460309 130000
60168.0734693877 7300002.2944494 130000
77846.8897959184 7300002.2944494 130000
96723.6587755102 7512922.96766144 130000
116882.51755102 7512922.96766144 130000
138409.606530612 105962.037808041 130000
161397.075918367 105962.037808041 130000
185945.088979592 1692.36333844898 130000
212157.815510204 1692.36333844898 130000
240151.444897959 90.7997278163265 130000
270042.166530612 90.7997278163265 130000
301964.199183673 14.9970993163265 130000
336049.758367347 14.9970993163265 130000
372451.092244898 5.8566755 130000
411320.448979592 5.8566755 130000
452828.106122449 3.52967834693878 130000
497154.35755102 3.52967834693878 130000
544487.510204082 2.56905420408163 130000
595031.897142857 2.56905420408163 130000
649005.874285714 2.06136417346939 130000
706645.826938775 2.06136417346939 130000
768194.150204082 1.75231041836735 130000
833921.284897959 1.75231041836735 130000
904107.688163265 1.57146564285714 130000
979057.856326531 1.57146564285714 130000
1059094.31510204 1.48125610204082 130000
1144561.62612245 1.48125610204082 130000
1235830.39346939 1.43803982653061 130000
1333291.25387755 1.43803982653061 130000
1437366.89632653 1.41498558163265 130000
1548506.0522449 1.41498558163265 130000
1667185.49877551 1.40865860204082 130000
1793920.07510204 1.40865860204082 130000
1929254.66938775 1.42184676530612 130000
2073774.23510204 1.42184676530612 130000
2228101.7877551 1.45373624489796 130000
2392900.40816327 1.45373624489796 130000
2568885.26204082 1.50716917346939 130000
2756811.58040816 1.50716917346939 130000
2957490.68571429 1.58959936734694 130000
3171787.98857143 1.58959936734694 130000
3400628.99755102 1.6938735 130000
3645001.32244898 1.6938735 130000
3905954.67428571 1.78721731632653 130000
4184618.89469388 1.78721731632653 130000
4482193.93959184 1.83131002040816 130000
4799961.89877551 1.83131002040816 130000
5139295.00897959 1.8175626122449 130000
5501657.65714286 1.8175626122449 130000
5888608.38367347 1.77055265306122 130000
6301821.91836735 1.77055265306122 130000
6743075.15755102 1.69632332653061 130000
7214273.20653061 1.69632332653061 130000
7717449.37959184 1.69632332653061 130000
8254771.20979592 1.69632332653061 130000
0 4322872.95018 140000
13953.1731632653 4322872.95018 140000
28851.2751020408 4322872.95018 140000
44758.263877551 4322872.95018 140000
61738.0975510204 11474927.7318055 140000
79867.1131632653 11474927.7318055 140000
99223.7109183673 6761662.29364838 140000
119888.354183673 6761662.29364838 140000
141951.822142857 137904.74399564 140000
165506.957142857 137904.74399564 140000
190654.854183673 1627.57905995642 140000
217502.797755102 1627.57905995642 140000
246168.388163265 88.4945226386054 140000
276771.288877551 88.4945226386054 140000
309443.542346939 17.4722978501275 140000
344327.506836735 17.4722978501275 140000
381569.666938775 7.04199745365646 140000
421330.949387755 7.04199745365646 140000
463780.533571429 3.84787256016156 140000
509102.041020408 3.84787256016156 140000
557489.409081633 2.5755584587585 140000
609148.954081633 2.5755584587585 140000
664301.434489796 2.00288021364796 140000
723186.177244898 2.00288021364796 140000
786050.761938775 1.71525376318027 140000
853169.589285714 1.71525376318027 140000
924827.375816327 1.56212836458333 140000
1001331.53285714 1.56212836458333 140000
1083010.10336735 1.48442017984694 140000
1170211.76193878 1.48442017984694 140000
1263312.00428571 1.44915298278061 140000
1362709.02091837 1.44915298278061 140000
1468827.82346939 1.43503750744048 140000
1582126.43418367 1.43503750744048 140000
1703085.57010204 1.43884576296769 140000
1832227.21153061 1.43884576296769 140000
1970102.22306122 1.4658732017432 140000
2117300.66938775 1.4658732017432 140000
2274458.00479592 1.51476587287415 140000
2442242.69418367 1.51476587287415 140000
2621374.78153061 1.57003285884354 140000
2812623.82673469 1.57003285884354 140000
3016806.84244898 1.61053963095238 140000
3234800.67306122 1.61053963095238 140000
3467537.86836735 1.63471302721088 140000
3716016.99938776 1.63471302721088 140000
3981300.59520408 1.66312020642007 140000
4264525.45877551 1.66312020642007 140000
4566906.79326531 1.70584917729592 140000
4889740.26520408 1.70584917729592 140000
5234408.19397959 1.76020493282313 140000
5602387.8044898 1.76020493282313 140000
5995253.29030612 1.84453673129252 140000
6414692.31897959 1.84453673129252 140000
6862497.77938775 2.05594649213435 140000
7340592.53969388 2.05594649213435 140000
7851021.19469388 2.05594649213435 140000
8395970.69744898 2.05594649213435 140000
0 5712917.68605194 150000
14298.9918367347 5712917.68605194 150000
29557.2183673469 5712917.68605194 150000
45838.6285714286 5712917.68605194 150000
63211.4346938775 9114649.9284592 150000
81752.3755102041 9114649.9284592 150000
101533.926530612 5918815.34373042 150000
122643.484693878 5918815.34373042 150000
145170.578571429 326461.711337953 150000
169206.868367347 326461.711337953 150000
194856.804081633 2945.33276100553 150000
222226.967346939 2945.33276100553 150000
251432.466326531 152.687092782738 150000
282596.935714286 152.687092782738 150000
315852.536734694 25.1108902253401 150000
351337.825510204 25.1108902253401 150000
389206.279591837 8.24129151785714 150000
429611.376530612 8.24129151785714 150000
472730.041836735 4.11961546981292 150000
518739.201020408 4.11961546981292 150000
567834.964285714 2.66036636904762 150000
620224.1 2.66036636904762 150000
676128.297959184 2.02077887329932 150000
735779.906122449 2.02077887329932 150000
799434.720408163 1.7156134545068 150000
867361.326530612 1.7156134545068 150000
939841.1 1.5636768962585 150000
1017185.25918367 1.5636768962585 150000
1099715.68061224 1.48387389880952 150000
1187784.08367347 1.48387389880952 150000
1281759.24081633 1.44332402848639 150000
1382037.63571429 1.44332402848639 150000
1489043.46326531 1.42416598001701 150000
1603228.62959184 1.42416598001701 150000
1725070.62040816 1.42082642219388 150000
1855087.42244898 1.42082642219388 150000
1993824.73367347 1.44082380102041 150000
2141868.75306122 1.44082380102041 150000
2299844.04897959 1.49245372023809 150000
2468415.69081633 1.49245372023809 150000
2648295.64387755 1.57579167517007 150000
2840240.6377551 1.57579167517007 150000
3045062.8244898 1.67641361819728 150000
3263623.38367347 1.67641361819728 150000
3496845.3122449 1.76497407312925 150000
3745713.42448979 1.76497407312925 150000
4011272.22040816 1.82531704081633 150000
4294647.20204082 1.82531704081633 150000
4597029.95204082 1.88528697278912 150000
4919697.31836735 1.88528697278912 150000
5264007.15102041 1.97927865008503 150000
5631415.35510204 1.97927865008503 150000
6023467.36428571 2.05133227465986 150000
6441819.45714286 2.05133227465986 150000
6888234.49387755 1.89630484906463 150000
7364594.70612245 1.89630484906463 150000
7872908.09183673 1.89630484906463 150000
8415319.07346939 1.89630484906463 150000
0 4060174.56493237 160000
14756.34 4060174.56493237 160000
30491.7 4060174.56493237 160000
47272.68 4060174.56493237 160000
65170.32 8783570.07163075 160000
84257.88 8783570.07163075 160000
104613.06 5859864.64340863 160000
126322.44 5859864.64340863 160000
149474.82 99836.19913325 160000
174163.44 99836.19913325 160000
200494.86 2803.102873625 160000
228577.86 2803.102873625 160000
258525.66 233.048047375 160000
290462.58 233.048047375 160000
324524.04 38.279941 160000
360849.9 38.279941 160000
399588.9 10.096268625 160000
440903.1 10.096268625 160000
484963.44 4.239621875 160000
531954.18 4.239621875 160000
582066.24 2.613545875 160000
635508.3 2.613545875 160000
692502.36 2.01839625 160000
753285.96 2.01839625 160000
818109.96 1.73651175 160000
887240.76 1.73651175 160000
960966.96 1.585158625 160000
1039594.92 1.585158625 160000
1123446.54 1.50585375 160000
1212872.58 1.50585375 160000
1308243.78 1.466851125 160000
1409953.08 1.466851125 160000
1518422.28 1.454483875 160000
1634099.82 1.454483875 160000
1757467.44 1.46276725 160000
1889033.52 1.46276725 160000
2029344.18 1.48291375 160000
2178983.28 1.48291375 160000
2338565.76 1.51053425 160000
2508755.4 1.51053425 160000
2690258.16 1.550850375 160000
2883822.18 1.550850375 160000
3090253.32 1.615975 160000
3310404.06 1.615975 160000
3545189.04 1.7138585 160000
3795578.4 1.7138585 160000
4062608.88 1.830755375 160000
4347388.26 1.830755375 160000
4651097.58 1.930100375 160000
4974991.14 1.930100375 160000
5320414.26 1.964945125 160000
5688794.4 1.964945125 160000
6081658.92 1.897225875 160000
6500637.3 1.897225875 160000
6947461.14 1.6786715 160000
7423986.36 1.6786715 160000
7932182.1 1.6786715 160000
8474155.14 1.6786715 160000
0 4233911.65178001 170000
15013.9071428571 4233911.65178001 170000
31021.7663265306 4233911.65178001 170000
48082.7142857143 4233911.65178001 170000
66274.0836734694 13664986.1491571 170000
85661.8346938776 13664986.1491571 170000
106332.397959184 9171227.08645808 170000
128367.655102041 9171227.08645808 170000
151856.31122449 3796823.46619676 170000
176896.169387755 3796823.46619676 170000
203589.581632653 17758.6510115689 170000
232043.448979592 17758.6510115689 170000
262376.044897959 376.453597110969 170000
294712.466326531 376.453597110969 170000
329182.359183673 35.3512150063776 170000
365929.016326531 35.3512150063776 170000
405100.279591837 8.87100301020408 170000
446857.637755102 8.87100301020408 170000
491371.67755102 4.11728142857143 170000
538824.358163265 4.11728142857143 170000
589409.01122449 2.72060727678571 170000
643332.615306122 2.72060727678571 170000
700818.070408163 2.12516480229592 170000
762095.1 2.12516480229592 170000
827420.721428572 1.80256159438776 170000
897056.501020408 1.80256159438776 170000
971291.298979592 1.61279332908163 170000
1050425.34795918 1.61279332908163 170000
1134783.9 1.50659360969388 170000
1224710.40306122 1.50659360969388 170000
1320573.3244898 1.45393443239796 170000
1422766.15102041 1.45393443239796 170000
1531705.11428571 1.42910458545918 170000
1647833.73979592 1.42910458545918 170000
1771629.67040816 1.41991659438776 170000
1903597.84285714 1.41991659438776 170000
2044277.31122449 1.43133169005102 170000
2194243.52142857 1.43133169005102 170000
2354110.58571429 1.4761344005102 170000
2524531.28265306 1.4761344005102 170000
2706201.60612245 1.55831929846939 170000
2899865.31428571 1.55831929846939 170000
3106313.92959184 1.65284804209184 170000
3326391.2877551 1.65284804209184 170000
3560995.8122449 1.71724453443878 170000
3811087.3377551 1.71724453443878 170000
4077689.38469388 1.74441994897959 170000
4361891.43367347 1.74441994897959 170000
4664855.74897959 1.76965730867347 170000
4987817.37857143 1.76965730867347 170000
5332100.0755102 1.81234663903061 170000
5699111.74897959 1.81234663903061 170000
6090351.2877551 1.83705802295918 170000
6507417.65816327 1.83705802295918 170000
6952016.72755102 1.74597418367347 170000
7425965.81326531 1.74597418367347 170000
7931200.50612245 1.74597418367347 170000
8469790.59183673 1.74597418367347 170000
0 3905037.01277769 180000
15422.0391836735 3905037.01277769 180000
31857.0163265306 3905037.01277769 180000
49370.7371428571 3905037.01277769 180000
68033.707755102 10141508.981226 180000
87921.1346938775 10141508.981226 180000
109112.924897959 6123340.40538901 180000
131696.035918367 6123340.40538901 180000
155762.125714286 267828.853745015 180000
181405.20244898 267828.853745015 180000
208733.375510204 5565.5358534898 180000
237852.404081633 5565.5358534898 180000
268884.49877551 322.299956727891 180000
301951.870204082 322.299956727891 180000
337190.830204082 41.4476116326531 180000
374740.040816327 41.4476116326531 180000
414754.615510204 10.9175645969388 180000
457394.368163265 10.9175645969388 180000
502833.213877551 4.8079251037415 180000
551254.468571428 4.8079251037415 180000
602850.848979592 2.88482654761905 180000
657836.223673469 2.88482654761905 180000
716426.811428571 2.11895379251701 180000
778864.683265306 2.11895379251701 180000
845398.960816326 1.76357845408163 180000
916299.91755102 1.76357845408163 180000
991851.928163265 1.57206130272109 180000
1072362.86938775 1.57206130272109 180000
1158157.06938776 1.46674278231293 180000
1249582.35836735 1.46674278231293 180000
1347007.71836735 1.42282334353741 180000
1450823.28326531 1.42282334353741 180000
1561454.44 1.42043396938776 180000
1679345.37714286 1.42043396938776 180000
1804970.83591837 1.43730647619048 180000
1938840.81061224 1.43730647619048 180000
2081498.19836735 1.45993208673469 180000
2233514.09877551 1.45993208673469 180000
2395506.6155102 1.49745701190476 180000
2568131.4555102 1.49745701190476 180000
2752081.92897959 1.57592934693878 180000
2948105.40081633 1.57592934693878 180000
3156991.53959184 1.70674758163265 180000
3379586.41877551 1.70674758163265 180000
3616787.81632653 1.86106785714286 180000
3869554.6155102 1.86106785714286 180000
4138909.15510204 1.99026543027211 180000
4425939.57959184 1.99026543027211 180000
4731806.88979592 2.05836748979592 180000
5057744.94285714 2.05836748979592 180000
5405072.20326531 2.03212844047619 180000
5775191.74285714 2.03212844047619 180000
6169600.64163265 1.90505094727891 180000
6589892.33795918 1.90505094727891 180000
7037763.67918367 1.6954470170068 180000
7515026.67265306 1.6954470170068 180000
8023608.48571428 1.6954470170068 180000
8565563.19673469 1.6954470170068 180000
0 3809222.53519219 190000
15752.8689795918 3809222.53519219 190000
32536.3444897959 3809222.53519219 190000
50415.4414285714 3809222.53519219 190000
69467.2144897959 7546.62684519643 190000
89763.9024489796 7546.62684519643 190000
111387.375918367 10560.0681983571 190000
134426.729387755 10560.0681983571 190000
158973.465306122 7067.82735819643 190000
185126.31 7067.82735819643 190000
212988.805714286 1313.54524128444 190000
242674.126530612 1313.54524128444 190000
274302.670408163 203.931111730867 190000
307999.65122449 203.931111730867 190000
343899.914693878 42.5337094285714 190000
382150.346326531 42.5337094285714 190000
422900.239591837 12.3507336811224 190000
466318.151632653 12.3507336811224 190000
512577.455510204 5.08732546683673 190000
561861.156122449 5.08732546683673 190000
614369.114081633 2.91083135969388 190000
670313.229795918 2.91083135969388 190000
729915.035510204 2.11645565816326 190000
793417.735102041 2.11645565816326 190000
861074.164285714 1.77555886989796 190000
933156.422448979 1.77555886989796 190000
1009953.46469388 1.61017722321429 190000
1091775.9177551 1.61017722321429 190000
1178951.26408163 1.52339537755102 190000
1271826.24979592 1.52339537755102 190000
1370778.9244898 1.47549203954082 190000
1476206.60142857 1.47549203954082 190000
1588528.2655102 1.45368495918367 190000
1708199.02102041 1.45368495918367 190000
1835700.45979592 1.45568155867347 190000
1971540.66122449 1.45568155867347 190000
2116266.23204082 1.48073436734694 190000
2270462.30632653 1.48073436734694 190000
2434742.91367347 1.53210416326531 190000
2609770.24285714 1.53210416326531 190000
2796249.82591837 1.60949496811224 190000
2994928.13020408 1.60949496811224 190000
3206602.19020408 1.69811288265306 190000
3432124.42346939 1.69811288265306 190000
3672400.22265306 1.78522080612245 190000
3928392.77142857 1.78522080612245 190000
4201132.67632653 1.87750584183673 190000
4491715.55877551 1.87750584183673 190000
4801306.87102041 1.98588407142857 190000
5131151.52795918 1.98588407142857 190000
5482573.90714286 2.10700943494898 190000
5856987.48061224 2.10700943494898 190000
6255892.40693877 2.23116481377551 190000
6680892.38693877 2.23116481377551 190000
7133697.07163265 2.31389326147959 190000
7616122.0622449 2.31389326147959 190000
8130105.76591837 2.31389326147959 190000
8677714.21163265 2.31389326147959 190000
0 5608172.91163603 200000
16041.6233673469 5608172.91163603 200000
33127.6682653061 5608172.91163603 200000
51322.3308163265 5608172.91163603 200000
70697.2143877551 17579777.3784024 200000
91333.7986734694 17579777.3784024 200000
113311.094285714 12178839.2926522 200000
136715.519081633 12178839.2926522 200000
161638.429081633 3573574.00659021 200000
188183.525714286 3573574.00659021 200000
216452.041326531 23972.8363480251 200000
246557.553673469 23972.8363480251 200000
278621.047755102 666.442508376275 200000
312765.977653061 666.442508376275 200000
349128.142857143 67.1382235393282 200000
387855.688265306 67.1382235393282 200000
429096.75877551 14.3063785155187 200000
473019.251938775 14.3063785155187 200000
519793.534387755 5.18028758290816 200000
569607.256326531 5.18028758290816 200000
622660.413367347 2.8861352400085 200000
679157.939285714 2.8861352400085 200000
739326.989591837 2.09871424383503 200000
803404.596122449 2.09871424383503 200000
871645.074285714 1.7740711605017 200000
944322.492142857 1.7740711605017 200000
1021718.325 1.61421870046769 200000
1104143.67714286 1.61421870046769 200000
1191924.46734694 1.52146353380102 200000
1285411.30520408 1.52146353380102 200000
1384969.61479592 1.47137718409864 200000
1490996.91826531 1.47137718409864 200000
1603912.9594898 1.45378497746599 200000
1724164.6422449 1.45378497746599 200000
1852230.96836735 1.46583718218537 200000
1988615.6305102 1.46583718218537 200000
2133864.29571429 1.50692167176871 200000
2288549.79091837 1.50692167176871 200000
2453284.44836735 1.56615391135204 200000
2628722.57469388 1.56615391135204 200000
2815557.98183673 1.62290678146258 200000
3014536.33244898 1.62290678146258 200000
3226440.32540816 1.6588782144983 200000
3452111.91755102 1.6588782144983 200000
3692444.91642857 1.67769981802721 200000
3948394.85663265 1.67769981802721 200000
4220974.06163265 1.71355294090136 200000
4511263.98918367 1.71355294090136 200000
4820415.23132653 1.80662703061224 200000
5149652.45255102 1.80662703061224 200000
5500279.32795918 1.96943210076531 200000
5873688.41959184 1.96943210076531 200000
6271361.17642857 2.22356747172619 200000
6694867.93438775 2.22356747172619 200000
7145892.60714286 2.98506825467687 200000
7626222.80979592 2.98506825467687 200000
8137759.73520408 2.98506825467687 200000
8682532.96846939 2.98506825467687 200000
0 3807960.13163037 20000
10484.897755102 3807960.13163037 20000
21715.2373469388 3807960.13163037 20000
33742.6830612245 3807960.13163037 20000
46623.3275510204 4091033.88357469 20000
60420.6440816326 4091033.88357469 20000
75196.6297959184 6087.1337631824 20000
91023.6146938775 6087.1337631824 20000
107973.92877551 147.450760177296 20000
126127.282653061 147.450760177296 20000
145572.243673469 20.3941692602041 20000
166395.903061224 20.3941692602041 20000
188700.113265306 8.21175529081633 20000
212589.678979592 8.21175529081633 20000
238173.833265306 4.93329963265306 20000
265576.570408163 4.93329963265306 20000
294926.313061224 3.37356714795918 20000
326358.864489796 3.37356714795918 20000
360026.265306122 2.5714883380102 20000
396083.508367347 2.5714883380102 20000
434701.823877551 2.14185982397959 20000
476064.251020408 2.14185982397959 20000
520364.161836735 1.86050165943878 20000
567811.165714286 1.86050165943878 20000
618626.681020408 1.64059016709184 20000
673052.791836735 1.64059016709184 20000
731344.867346939 1.47406202806122 20000
793777.466326531 1.47406202806122 20000
860645.813265306 1.36418931377551 20000
932262.846122449 1.36418931377551 20000
1008966.59693878 1.30011022321429 20000
1091118.71571429 1.30011022321429 20000
1179105.94653061 1.26920698469388 20000
1273343.07979592 1.26920698469388 20000
1374272.9522449 1.26150039540816 20000
1482373.82755102 1.26150039540816 20000
1598152.01571429 1.27108904081633 20000
1722153.68204082 1.27108904081633 20000
1854963.37102041 1.29806517857143 20000
1997206.95857143 1.29806517857143 20000
2149554.60428571 1.33980254081633 20000
2312723.70367347 1.33980254081633 20000
2487481.84040816 1.38480889923469 20000
2674652.69081633 1.38480889923469 20000
2875118.97612245 1.42390769260204 20000
3089825.41469388 1.42390769260204 20000
3319781.67428571 1.45539522959184 20000
3566071.22877551 1.45539522959184 20000
3829854.31040816 1.48003724872449 20000
4112375.29040816 1.48003724872449 20000
4414964.15510204 1.48851572704082 20000
4739045.36265306 1.48851572704082 20000
5086145.22367347 1.46425503954082 20000
5457900.75795918 1.46425503954082 20000
5856062.64673469 1.37929189158163 20000
6282505.5655102 1.37929189158163 20000
6739238.51693877 1.37929189158163 20000
7228413.68755102 1.37929189158163 20000
0 4879410.89097165 210000
16088.8184693878 4879410.89097165 210000
33234.4059183674 4879410.89097165 210000
51507.7028571429 4879410.89097165 210000
70984.542244898 8279097.18127007 210000
91740.7570408163 8279097.18127007 210000
113861.965102041 7423649.42634898 210000
137438.676734694 7423649.42634898 210000
162566.294693878 609561.659369478 210000
189345.114183673 609561.659369478 210000
217885.215306122 11423.9232188348 210000
248304.016836735 11423.9232188348 210000
280723.83 566.521878748087 210000
315274.304693878 566.521878748087 210000
352094.875714286 63.1933427264031 210000
391339.655204082 63.1933427264031 210000
433165.201530612 14.1193223622449 210000
477742.750408163 14.1193223622449 210000
525250.87622449 5.39790521109694 210000
575882.830714286 5.39790521109694 210000
629844.096734694 2.95755166007653 210000
687357.280714286 2.95755166007653 210000
748649.881530612 2.07770586670918 210000
813973.860306122 2.07770586670918 210000
883595.855510204 1.74079450255102 210000
957794.736734694 1.74079450255102 210000
1036876.28204082 1.61175616071429 210000
1121156.05438775 1.61175616071429 210000
1210978.97142857 1.55332706951531 210000
1306709.52061224 1.55332706951531 210000
1408736.65163265 1.52092478762755 210000
1517473.77642857 1.52092478762755 210000
1633363.66163265 1.50959061415816 210000
1756873.53612245 1.50959061415816 210000
1888504.87591837 1.5205629502551 210000
2028795.85040816 1.5205629502551 210000
2178311.53744898 1.55163509757653 210000
2337661.04693878 1.55163509757653 210000
2507490.18214286 1.60038631313776 210000
2688488.77836735 1.60038631313776 210000
2881393.14918367 1.67261109119898 210000
3086981.19397959 1.67261109119898 210000
3306091.9677551 1.77611186862245 210000
3539613.45 1.77611186862245 210000
3788492.32959184 1.89878493048469 210000
4053738.8972449 1.89878493048469 210000
4336429.49173469 2.00814135778061 210000
4637713.83857143 2.00814135778061 210000
4958810.15755102 2.07674776211735 210000
5301027.17877551 2.07674776211735 210000
5665749.46530612 2.09023257461735 210000
6054456.98295918 2.09023257461735 210000
6468729.9927551 2.03931033482143 210000
6910249.05091837 2.03931033482143 210000
7380804.79377551 1.87315563265306 210000
7882307.72265306 1.87315563265306 210000
8416795.54255102 1.87315563265306 210000
8986433.16214286 1.87315563265306 210000
0 5852810.93582295 220000
16570.9742857143 5852810.93582295 220000
34212.6173469388 5852810.93582295 220000
52991.6855102041 5852810.93582295 220000
72982.637755102 11848193.0046067 220000
94262.5006122449 11848193.0046067 220000
116918.570816327 10510998.179654 220000
141035.57755102 10510998.179654 220000
166708.520204082 3343291.57303413 220000
194037.533265306 3343291.57303413 220000
223133.021428571 25150.5089521535 220000
254105.389387755 25150.5089521535 220000
287075.312040816 701.845441889456 220000
322173.734489796 701.845441889456 220000
359539.304489796 63.2127209897959 220000
399315.804897959 63.2127209897959 220000
441657.28877551 13.7701238116497 220000
486733.214489796 13.7701238116497 220000
534718.175510204 5.39475633588435 220000
585799.603061225 5.39475633588435 220000
640180.333673469 3.07356718494898 220000
698068.338979592 3.07356718494898 220000
759692.131020408 2.21576978528912 220000
825293.059591837 2.21576978528912 220000
895130.447346939 1.84276346173469 220000
969471.319591837 1.84276346173469 220000
1048613.5122449 1.65779815603742 220000
1132862.56387755 1.65779815603742 220000
1222549.68857143 1.54818512372449 220000
1318024.07326531 1.54818512372449 220000
1419660.58040816 1.48067457908163 220000
1527857.18040816 1.48067457908163 220000
1643034.95163265 1.45352272704082 220000
1765648.35061224 1.45352272704082 220000
1896174.94183673 1.46609302891156 220000
2035125.66795918 1.46609302891156 220000
2183044.84979592 1.51013187797619 220000
2340507.61877551 1.51013187797619 220000
2508137.88979592 1.57242708460884 220000
2686582.68571429 1.57242708460884 220000
2876548.08306122 1.64373546513605 220000
3078770.96897959 1.64373546513605 220000
3294047.28428571 1.72570453146259 220000
3523216.61816327 1.72570453146259 220000
3767177.61346939 1.82555017176871 220000
4026882.83163265 1.82555017176871 220000
4303349.02285714 1.94117555272109 220000
4597659.69367347 1.94117555272109 220000
4910965.10693878 2.04783055229592 220000
5244489.9844898 2.04783055229592 220000
5599543.77734694 2.10358385289116 220000
5977510.3955102 2.10358385289116 220000
6379871.31591837 2.07279998596939 220000
6808200.44734694 2.07279998596939 220000
7264174.40061224 1.89938331079932 220000
7749575.05612245 1.89938331079932 220000
8266307.53673469 1.89938331079932 220000
8816387.37 1.89938331079932 220000
0 5252015.12675988 230000
16821.7081632653 5252015.12675988 230000
34731.8797959184 5252015.12675988 230000
53798.2183673469 5252015.12675988 230000
74098.8432653061 14790020.5003757 230000
95706.6659183673 14790020.5003757 230000
118712.825612245 11477068.9597454 230000
143205.857653061 11477068.9597454 230000
169282.109285714 4122601.84349011 230000
197040.531734694 4122601.84349011 230000
226593.096122449 40995.1791504517 230000
258054.37755102 40995.1791504517 230000
291549.367040816 1350.07846353316 230000
327208.263571429 1350.07846353316 230000
365169.078061225 107.788854551658 230000
405582.841326531 107.788854551658 230000
448608.396122449 18.2488408784014 230000
494415.001122449 18.2488408784014 230000
543179.726938776 5.93973712351191 230000
595092.664081633 5.93973712351191 230000
650362.130918367 3.09908291156463 230000
709201.65377551 3.09908291156463 230000
771842.986836735 2.14447484311224 230000
838528.300204082 2.14447484311224 230000
909525.80377551 1.75498459566327 230000
985106.311428571 1.75498459566327 230000
1065571.88479592 1.59920694153912 230000
1151235.00142857 1.59920694153912 230000
1242434.17867347 1.5486517627551 230000
1339523.5577551 1.5486517627551 230000
1442885.92367347 1.53583801318027 230000
1552924.89326531 1.53583801318027 230000
1670075.33112245 1.53129189880952 230000
1794792.93367347 1.53129189880952 230000
1927567.24908163 1.53267526296769 230000
2068919.07326531 1.53267526296769 230000
2219403.05387755 1.54711649978742 230000
2379610.29428571 1.54711649978742 230000
2550165.74959184 1.57748541177721 230000
2731741.24653061 1.57748541177721 230000
2925047.67153061 1.61878018813776 230000
3130842.78265306 1.61878018813776 230000
3349931.20959184 1.67243844260204 230000
3583174.86959184 1.67243844260204 230000
3831487.7594898 1.75554336628401 230000
4095843.76765306 1.75554336628401 230000
4377276.67397959 1.88044216241497 230000
4676890.56581633 1.88044216241497 230000
4995862.44193878 2.03344766326531 230000
5335439.60857143 2.03344766326531 230000
5696955.30326531 2.1778220567602 230000
6081828.69489796 2.1778220567602 230000
6491564.88367347 2.27538449213435 230000
6927773.12897959 2.27538449213435 230000
7392161.64142857 2.34365758205782 230000
7886550.6027551 2.34365758205782 230000
8412882.58173469 2.34365758205782 230000
8973214.7222449 2.34365758205782 230000
0 4491962.20389783 240000
17672.5546938776 4491962.20389783 240000
36458.737755102 4491962.20389783 240000
56434.0968367347 4491962.20389783 240000
77668.5834693878 10948993.3780781 240000
100246.139489796 10948993.3780781 240000
124247.908673469 13891997.0981628 240000
149766.227040816 13891997.0981628 240000
176896.228673469 8288500.77031014 240000
205738.64377551 8288500.77031014 240000
236405.394795918 65455.3181843822 240000
269005.606122449 65455.3181843822 240000
303667.988571429 1384.28350051275 240000
340515.656836735 1384.28350051275 240000
379694.110102041 96.1900233044218 240000
421346.049489796 96.1900233044218 240000
465628.166428571 17.0175751955782 240000
512705.546530612 17.0175751955782 240000
562757.265714286 5.9888536590136 240000
615970.794081633 5.9888536590136 240000
672544.793979592 3.26389761330782 240000
732691.918061224 3.26389761330782 240000
796636.01122449 2.29840909991497 240000
864620.504795918 2.29840909991497 240000
936897.224285714 1.87120344387755 240000
1013740.37969388 1.87120344387755 240000
1095435.37326531 1.64900240688775 240000
1182289.99173469 1.64900240688775 240000
1274628.81020408 1.5283593337585 240000
1372801.58632653 1.5283593337585 240000
1477172.06806122 1.47562753826531 240000
1588134.78204082 1.47562753826531 240000
1706106.63938775 1.47330164987245 240000
1831529.73377551 1.47330164987245 240000
1964874.1394898 1.5062779672619 240000
2106637.91142857 1.5062779672619 240000
2257355.47928571 1.56160962797619 240000
2417592.05142857 1.56160962797619 240000
2587949.21102041 1.62632645238095 240000
2769064.91602041 1.62632645238095 240000
2961621.89336735 1.68535388562925 240000
3166336.44673469 1.68535388562925 240000
3383980.84102041 1.72637462903912 240000
3615369.31204082 1.72637462903912 240000
3861374.85489796 1.74808875 240000
4122915.23367347 1.74808875 240000
4400972.56785714 1.75680937414966 240000
4696590.53428571 1.75680937414966 240000
5010879.96326531 1.76011458397109 240000
5345018.83857143 1.76011458397109 240000
5700260.69163265 1.77186644111395 240000
6077937.39959184 1.77186644111395 240000
6479464.78142857 1.82119975807823 240000
6906353.79020408 1.82119975807823 240000
7360202.11887755 2.01748375297619 240000
7842713.78673469 2.01748375297619 240000
8355699.13938775 2.01748375297619 240000
8901083.24295918 2.01748375297619 240000
0 4949895.93951084 250000
17702.8289795918 4949895.93951084 250000
36528.6297959184 4949895.93951084 250000
56552.6387755102 4949895.93951084 250000
77847.3057142857 18314600.6925143 250000
100496.226530612 18314600.6925143 250000
124582.997142857 9365865.78855744 250000
150202.359591837 9365865.78855744 250000
177446.269387755 2427436.29357188 250000
206420.614693878 2427436.29357188 250000
237236.856734694 37594.555795375 250000
270012.029795918 37594.555795375 250000
304868.74122449 1723.90587365731 250000
341937.957959184 1723.90587365731 250000
381364.579591837 131.659124590136 250000
423293.505714286 131.659124590136 250000
467889.141632653 19.8634003214286 250000
515315.892653061 19.8634003214286 250000
565754.883265306 6.06607395833333 250000
619401.170612245 6.06607395833333 250000
676452.598367347 3.15123522193878 250000
737129.30244898 3.15123522193878 250000
801662.564897959 2.23607471088435 250000
870294.813877551 2.23607471088435 250000
943285.196734694 1.85381495833333 250000
1020915.15306122 1.85381495833333 250000
1103474.48204082 1.66453406122449 250000
1191280.84816327 1.66453406122449 250000
1284663.06204082 1.57044801615646 250000
1383980.58612245 1.57044801615646 250000
1489604.02897959 1.53291112670068 250000
1601940.22408163 1.53291112670068 250000
1721412.72408163 1.52979950085034 250000
1848475.73346939 1.52979950085034 250000
1983611.32204082 1.54356960629252 250000
2127329.42489796 1.54356960629252 250000
2280181.77510204 1.56518843962585 250000
2442742.39795918 1.56518843962585 250000
2615629.90326531 1.59934085544218 250000
2799499.12571429 1.59934085544218 250000
2995052.27102041 1.65323700170068 250000
3203027.76979592 1.65323700170068 250000
3424216.99673469 1.72277255102041 250000
3659455.91102041 1.72277255102041 250000
3909641.7755102 1.79457796173469 250000
4175719.22408163 1.79457796173469 250000
4458702.55387755 1.85062786394558 250000
4759661.79265306 1.85062786394558 250000
5079742.2044898 1.87239763435374 250000
5420155.93020408 1.87239763435374 250000
5782198.70653061 1.86928020323129 250000
6167238.72 1.86928020323129 250000
6576738.89918367 1.91059051955782 250000
7012256.91469388 1.91059051955782 250000
7475442.39265306 2.28492027040816 250000
7968053.63387755 2.28492027040816 250000
8491960.40040816 2.28492027040816 250000
9049149.48857143 2.28492027040816 250000
0 8501031.89994218 260000
18078.506122449 8501031.89994218 260000
37301.9081632653 8501031.89994218 260000
57741.5836734694 8501031.89994218 260000
79474.6204081633 6374579.48685411 260000
102586.671428571 6374579.48685411 260000
127160.534693878 2897745.09945461 260000
153290.428571429 2897745.09945461 260000
181073.426530612 200420.788066832 260000
210618.02244898 200420.788066832 260000
242029.855102041 12079.4470965901 260000
275434.548979592 12079.4470965901 260000
310952.018367347 803.879342414966 260000
348719.308163265 803.879342414966 260000
388879.173469388 83.5583501828231 260000
431580.079591837 83.5583501828231 260000
476984.767346939 16.8126966326531 260000
525264.542857143 16.8126966326531 260000
576602.132653061 6.19680863945578 260000
631191.683673469 6.19680863945578 260000
689235.908163265 3.44493638180272 260000
750954.648979592 3.44493638180272 260000
816582.024489796 2.39642989795918 260000
886366.428571429 2.39642989795918 260000
960567.675510204 1.90301473214286 260000
1039468.42040816 1.90301473214286 260000
1123362.73877551 1.66106267857143 260000
1212573.25714286 1.66106267857143 260000
1307428.3122449 1.55343722789116 260000
1408293.35714286 1.55343722789116 260000
1515542.41020408 1.51987788265306 260000
1629580.89591837 1.51987788265306 260000
1750842.78979592 1.5276937244898 260000
1879782.05306122 1.5276937244898 260000
2016886.90816327 1.56037869472789 260000
2162671.27346939 1.56037869472789 260000
2317686.18367347 1.61094968962585 260000
2482519.78979592 1.61094968962585 260000
2657785.93877551 1.67271506377551 260000
2844152.7244898 1.67271506377551 260000
3042319.64693878 1.73002528911565 260000
3253034.74285714 1.73002528911565 260000
3477088.8755102 1.76852158163265 260000
3715332.86530612 1.76852158163265 260000
3968660.35918367 1.79283158588435 260000
4238030.67142857 1.79283158588435 260000
4524454.50816326 1.81943756802721 260000
4829016.80816327 1.81943756802721 260000
5152862.46734694 1.84270070153061 260000
5497213.46938775 1.84270070153061 260000
5863368.88571429 1.81892602891156 260000
6252707.73061224 1.81892602891156 260000
6666700.38163265 1.71529772108844 260000
7106905.7244898 1.71529772108844 260000
7574985.42857143 1.52591523384354 260000
8072701.09183673 1.52591523384354 260000
8601934.22653061 1.52591523384354 260000
9164674.83877551 1.52591523384354 260000
0 3019159.03916084 270000
18259.0404081633 3019159.03916084 270000
37671.557244898 3019159.03916084 270000
58309.8234693877 3019159.03916084 270000
80251.893877551 10971162.0326996 270000
103578.714183673 10971162.0326996 270000
128379.902857143 20852876.047701 270000
154747.969285714 20852876.047701 270000
182781.204693878 11642241.9083477 270000
212586.573061224 11642241.9083477 270000
244271.038367347 214167.757037801 270000
277958.910102041 214167.757037801 270000
313774.497755102 3356.71989599766 270000
351850.783571429 3356.71989599766 270000
392332.313469388 158.590879116922 270000
435372.306122449 158.590879116922 270000
481129.762040816 20.991470198767 270000
529775.245408163 20.991470198767 270000
581496.665918367 6.37679978018707 270000
636481.933265306 6.37679978018707 270000
694942.084489796 3.33434308567177 270000
757093.938469388 3.33434308567177 270000
823171.659591837 2.35078640688775 270000
893420.975918367 2.35078640688775 270000
968110.742857143 1.91704626509354 270000
1047515.59765306 1.91704626509354 270000
1131936.19581633 1.69215690710034 270000
1221687.64744898 1.69215690710034 270000
1317108.19 1.57981461479592 270000
1418556.29734694 1.57981461479592 270000
1526413.57071429 1.53498128911565 270000
1641078.95683673 1.53498128911565 270000
1762991.87530612 1.52731433269558 270000
1892600.41846939 1.52731433269558 270000
2030396.04244898 1.54134130952381 270000
2176896.22163265 1.54134130952381 270000
2332647.33959184 1.57551437372449 270000
2498239.14367347 1.57551437372449 270000
2674287.3994898 1.63086341496599 270000
2861454.12734694 1.63086341496599 270000
3060441.82040816 1.70160057376701 270000
3271999.22653061 1.70160057376701 270000
3496918.45734694 1.78104662414966 270000
3736046.55193877 1.78104662414966 270000
3990273.91316327 1.85861357759354 270000
4260560.32591837 1.85861357759354 270000
4547917.61163265 1.91137886054422 270000
4853424.08285714 1.91137886054422 270000
5178224.54326531 1.92261730569728 270000
5523541.85132653 1.92261730569728 270000
5890668.24755102 1.89497892155612 270000
6280985.59091837 1.89497892155612 270000
6695950.90428571 1.8375339644983 270000
7137128.1744898 1.8375339644983 270000
7606171.00683673 1.73505693112245 270000
8104837.07969388 1.73505693112245 270000
8634999.70816327 1.73505693112245 270000
9198647.84408163 1.73505693112245 270000
0 7475481.20820155 280000
18629.5297959184 7475481.20820155 280000
38429.1591836735 7475481.20820155 280000
59470.1632653061 7475481.20820155 280000
81829.7567346939 12702720.3104232 280000
105594.063673469 12702720.3104232 280000
130846.238367347 20362814.9580905 280000
157684.284081633 20362814.9580905 280000
186206.204081633 7960787.62961099 280000
216515.94122449 7960787.62961099 280000
248729.31755102 108925.478765514 280000
282962.155102041 108925.478765514 280000
319342.155102041 2629.37232664966 280000
358005.928163265 2629.37232664966 280000
399093.054693878 179.793833108844 280000
442760.933877551 179.793833108844 280000
489163.995102041 26.7961406564626 280000
538480.426122449 26.7961406564626 280000
590888.414693878 7.67684820408163 280000
646586.937142857 7.67684820408163 280000
705777.939591837 3.57475572108844 280000
768681.186938775 3.57475572108844 280000
835531.293061225 2.29675354421769 280000
906577.720816326 2.29675354421769 280000
982075.872653061 1.81157551020408 280000
1062313.81877551 1.81157551020408 280000
1147582.59918367 1.62218914965986 280000
1238202.95183673 1.62218914965986 280000
1334507.49387755 1.55806011904762 280000
1436852.60081633 1.55806011904762 280000
1545618.40653061 1.54121271428571 280000
1661205.83346939 1.54121271428571 280000
1784045.50204082 1.5448074047619 280000
1914591.79102041 1.5448074047619 280000
2053325.80734694 1.57018059863946 280000
2200764.2955102 1.57018059863946 280000
2357450.72816327 1.61784582312925 280000
2523967.18530612 1.61784582312925 280000
2700928.41469388 1.675299 280000
2888990.74122449 1.675299 280000
3088849.09714286 1.72975144557823 280000
3301248.90122449 1.72975144557823 280000
3526968.24 1.78700044897959 280000
3766850.5355102 1.78700044897959 280000
4021780.78693878 1.86129484353742 280000
4292700.41959184 1.86129484353742 280000
4580616.19428571 1.94359531292517 280000
4886594.2677551 1.94359531292517 280000
5211769.10204082 2.00390073129252 280000
5557337.52489796 2.00390073129252 280000
5924588.4277551 2.03098155782313 280000
6314873.0677551 2.03098155782313 280000
6729643.67510204 2.03642618367347 280000
7170432.66448979 2.03642618367347 280000
7638873.42367347 1.99107492517007 280000
8136700.31346939 1.99107492517007 280000
8665754.60734694 1.99107492517007 280000
9227999.34040816 1.99107492517007 280000
0 7262705.50279135 290000
19314.3593877551 7262705.50279135 290000
39825.3489795918 7262705.50279135 290000
61604.6419387755 7262705.50279135 290000
84736.3763265306 9667815.65765586 290000
109304.690204082 9667815.65765586 290000
135390.605408163 9084708.49730098 290000
163096.957346939 9084708.49730098 290000
192517.232755102 2260290.90778468 290000
223763.615714286 2260290.90778468 290000
256945.174081633 52419.2061307625 290000
292183.440612245 52419.2061307625 290000
329606.180510204 2141.83569717878 290000
369347.391428571 2141.83569717878 290000
411553.535918367 171.197576416029 290000
456374.192755102 171.197576416029 290000
503971.405612245 27.7295093820153 290000
554519.683061224 27.7295093820153 290000
608202.882346939 8.06379568303571 290000
665211.093163265 8.06379568303571 290000
725753.10255102 3.64553469579082 290000
790047.04622449 3.64553469579082 290000
858326.641020408 2.30417534056122 290000
930838.068673469 2.30417534056122 290000
1007839.97581633 1.83454083354592 290000
1089619.05510204 1.83454083354592 290000
1176465.11540816 1.66756963010204 290000
1268692.89540816 1.66756963010204 290000
1366635.83112245 1.6087573849915 290000
1470652.28836735 1.6087573849915 290000
1581113.09785714 1.58619721811224 290000
1698420.25255102 1.58619721811224 290000
1822997.55897959 1.58343156887755 290000
1955293.75346939 1.58343156887755 290000
2095791.85081633 1.59880494302721 290000
2244999.79561224 1.59880494302721 290000
2403453.57846939 1.62472154336735 290000
2571726.58469388 1.62472154336735 290000
2750429.59428571 1.65375436819728 290000
2940207.66571429 1.65375436819728 290000
3141749.48459184 1.68715639944728 290000
3355781.13122449 1.68715639944728 290000
3583078.5455102 1.73318563201531 290000
3824461.2944898 1.73318563201531 290000
4080805.0372449 1.80068435289116 290000
4353038.40867347 1.80068435289116 290000
4642143.0194898 1.88736733078231 290000
4949165.92112245 1.88736733078231 290000
5275216.4894898 1.96485744642857 290000
5621475.77367347 1.96485744642857 290000
5989196.49591837 1.98155521598639 290000
6379706.16785714 1.98155521598639 290000
6794416.43918367 1.91604308822279 290000
7234832.44632653 1.91604308822279 290000
7702543.46377551 1.76712001828231 290000
8199244.71765306 1.76712001828231 290000
8726724.92081633 1.76712001828231 290000
9286900.55132653 1.76712001828231 290000
0 2752924.42350278 300000
19330.0048979592 2752924.42350278 300000
39872.7404081633 2752924.42350278 300000
61714.1722448979 2752924.42350278 300000
84927.9853061224 31773536.7039189 300000
109603.215510204 31773536.7039189 300000
135831.968979592 13162778.4502119 300000
163709.422040816 13162778.4502119 300000
193346.102040816 8564016.61460186 300000
224846.395918367 8564016.61460186 300000
258330.041632653 104177.765579541 300000
293922.91755102 104177.765579541 300000
331757.04244898 2490.54827816497 300000
371970.575510204 2490.54827816497 300000
414717.026938775 174.754378884354 300000
460152.977142857 174.754378884354 300000
508450.35755102 28.3030281207483 300000
559790.310204081 28.3030281207483 300000
614360.11755102 8.16763833333333 300000
672365.483265306 8.16763833333333 300000
734024.391836734 3.74269390816326 300000
799564.038367347 3.74269390816326 300000
869230.039183673 2.43281692176871 300000
943280.291428571 2.43281692176871 300000
1021994.18367347 1.93506008503401 300000
1105663.38530612 1.93506008503401 300000
1194601.05714286 1.70263923979592 300000
1289135.71102041 1.70263923979592 300000
1389623.49061224 1.58948303061224 300000
1496435.89061224 1.58948303061224 300000
1609972.03755102 1.55550610544218 300000
1730658.68979592 1.55550610544218 300000
1858941.02693878 1.57804012414966 300000
1995301.07102041 1.57804012414966 300000
2140245.40571429 1.63111627721088 300000
2294314.38693877 1.63111627721088 300000
2458082.14285714 1.69145218367347 300000
2632162.71428571 1.69145218367347 300000
2817200.84408163 1.74747061564626 300000
3013887.32816326 1.74747061564626 300000
3222955.94530612 1.80085378911565 300000
3445189.59755102 1.80085378911565 300000
3681411.09959184 1.85909811904762 300000
3932504.67020408 1.85909811904762 300000
4199406.72163265 1.92949534013605 300000
4483112 1.92949534013605 300000
4784676.6555102 2.01370208333333 300000
5105227.45306122 2.01370208333333 300000
5445958.70204082 2.08804579591837 300000
5808141.46693878 2.08804579591837 300000
6193123.56734694 2.10614081122449 300000
6602344.92897959 2.10614081122449 300000
7037328.37306122 2.05660178911565 300000
7499694.96734694 2.05660178911565 300000
7991173.23673469 1.93330111394558 300000
8513589.95265306 1.93330111394558 300000
9068897.76489796 1.93330111394558 300000
9659162.92081632 1.93330111394558 300000
0 4027804.47586284 30000
10341.3453061224 4027804.47586284 30000
21427.5085714286 4027804.47586284 30000
33311.5885714286 4027804.47586284 30000
46052.4244897959 12088.9677304694 30000
59711.7257142857 12088.9677304694 30000
74355.5069387755 61.7244862244898 30000
90054.0881632653 61.7244862244898 30000
106884.964897959 79.5787521632653 30000
124927.067755102 79.5787521632653 30000
144269.373061224 24.1656145 30000
165006.59755102 24.1656145 30000
187236.328163265 9.67663593877551 30000
211069.067755102 9.67663593877551 30000
236619.624489796 5.0054655 30000
264009.982040816 5.0054655 30000
293375.04 3.19147858163265 30000
324855.438367347 3.19147858163265 30000
358603.297959184 2.41419741836735 30000
394785.090612245 2.41419741836735 30000
433571.593469388 2.05461466326531 30000
475155.110204082 2.05461466326531 30000
519733.684897959 1.85950656122449 30000
567525.453061224 1.85950656122449 30000
618760.031020408 1.70415078571429 30000
673687.126530612 1.70415078571429 30000
732570.798367347 1.54541056122449 30000
795698.066938775 1.54541056122449 30000
863374.608979592 1.40878286734694 30000
935927.627755102 1.40878286734694 30000
1013708.72326531 1.32721824489796 30000
1097093.8922449 1.32721824489796 30000
1186487.83346939 1.29886302040816 30000
1282322.51265306 1.29886302040816 30000
1385064.33795918 1.29720368367347 30000
1495208.41959184 1.29720368367347 30000
1613288.6155102 1.30116815306122 30000
1739877.53142857 1.30116815306122 30000
1875587.95591837 1.31118695918367 30000
2021077.16571429 1.31118695918367 30000
2177051.23102041 1.34255290816327 30000
2344263.58040816 1.34255290816327 30000
2523523.61142857 1.40656742857143 30000
2715700.99591837 1.40656742857143 30000
2921727.11510204 1.50301525510204 30000
3142597.92979592 1.50301525510204 30000
3379384.02612245 1.62374919387755 30000
3633232.05061224 1.62374919387755 30000
3905371.88571429 1.75079459183673 30000
4197120.95510204 1.75079459183673 30000
4509891.39918367 1.8581252755102 30000
4845200.12081633 1.8581252755102 30000
5204670.22040816 1.92258826530612 30000
5590042.47673469 1.92258826530612 30000
6003183.95755102 1.90729246938775 30000
6446093.76 1.90729246938775 30000
6920918.79673469 1.90729246938775 30000
7429959.53632653 1.90729246938775 30000
0 3637640.30884187 40000
10958.0013265306 3637640.30884187 40000
22695.087755102 3637640.30884187 40000
35268.2279591837 3637640.30884187 40000
48735.9303061224 1679952.82936935 40000
63161.322244898 1679952.82936935 40000
78615.2296938776 2603.39372805952 40000
95166.938877551 2603.39372805952 40000
112898.053571429 67.3080482497874 40000
131890.17755102 67.3080482497874 40000
152234.152755102 16.4734702808248 40000
174026.979897959 16.4734702808248 40000
197368.739081633 10.3747396241497 40000
222373.367653061 10.3747396241497 40000
249157.882346939 6.50532852508503 40000
277846.998367347 6.50532852508503 40000
308579.288163265 4.07544138605442 40000
341497.943265306 4.07544138605442 40000
376758.472755102 2.85480094919218 40000
414530.242959184 2.85480094919218 40000
454988.778979592 2.23232837606293 40000
498326.542551021 2.23232837606293 40000
544749.852653061 1.87291250191327 40000
594475.806122449 1.87291250191327 40000
647741.515816326 1.63223268728741 40000
704797.951836735 1.63223268728741 40000
765914.560612245 1.47006763732993 40000
831382.344285714 1.47006763732993 40000
901507.701938776 1.37343901573129 40000
976623.20744898 1.37343901573129 40000
1057086.06979592 1.32891620110544 40000
1143275.05367347 1.32891620110544 40000
1235596.63826531 1.31971011479592 40000
1334489.63632653 1.31971011479592 40000
1440420.57510204 1.32924017835884 40000
1553889.85510204 1.32924017835884 40000
1675436.36918367 1.35029549213435 40000
1805631.34377551 1.35029549213435 40000
1945092.19612245 1.37547911011905 40000
2094479.45489796 1.37547911011905 40000
2254496.76020408 1.39867716454082 40000
2425903.18112245 1.39867716454082 40000
2609507.05693878 1.43394256972789 40000
2806178.31469388 1.43394256972789 40000
3016846.9294898 1.50727690603741 40000
3242509.08326531 1.50727690603741 40000
3484230.24418367 1.62523028784014 40000
3743152.86510204 1.62523028784014 40000
4020504.08204082 1.76191661181973 40000
4317594.1744898 1.76191661181973 40000
4635827.34326531 1.87393575680272 40000
4976707.86928571 1.87393575680272 40000
5341849.35173469 1.92216345982143 40000
5732976.2477551 1.92216345982143 40000
6151939.26938776 1.85485959119898 40000
6600718.46295918 1.85485959119898 40000
7081437.06632653 1.85485959119898 40000
7596367.66765306 1.85485959119898 40000
0 3357091.06951116 50000
10990.1378571429 3357091.06951116 50000
22762.9698979592 3357091.06951116 50000
35374.0720408163 3357091.06951116 50000
48882.107755102 1063452.47112623 50000
63353.4593877551 1063452.47112623 50000
78852.9655102041 4505.50057054783 50000
95457.8148979592 4505.50057054783 50000
113243.65255102 252.443214428571 50000
132296.929897959 252.443214428571 50000
152705.642142857 48.13685334375 50000
174567.047142857 48.13685334375 50000
197984.577857143 15.1706465605867 50000
223069.386122449 15.1706465605867 50000
249940.342653061 7.10335817410714 50000
278725.580816326 7.10335817410714 50000
309557.865306122 4.20586843239796 50000
342586.942346939 4.20586843239796 50000
377965.645714286 2.80094266454082 50000
415863.790714286 2.80094266454082 50000
456460.455306122 2.14728881632653 50000
499947.067653061 2.14728881632653 50000
546528.949897959 1.82358160522959 50000
596428.405714286 1.82358160522959 50000
649878.545204082 1.62144671556122 50000
707135.635102041 1.62144671556122 50000
768468.292346939 1.48624414285714 50000
834166.746734694 1.48624414285714 50000
904542.840918367 1.40077043877551 50000
979928.486632653 1.40077043877551 50000
1060681.83979592 1.34785431696429 50000
1147182.66918367 1.34785431696429 50000
1239843.16285714 1.31540608545918 50000
1339100.20928571 1.31540608545918 50000
1445423.11622449 1.30069519132653 50000
1559315.1544898 1.30069519132653 50000
1681315.10173469 1.3052235994898 50000
1812000.33 1.3052235994898 50000
1951989.89326531 1.3320145369898 50000
2101946.07122449 1.3320145369898 50000
2262575.91306122 1.38988682142857 50000
2434643.58765306 1.38988682142857 50000
2618959.57714286 1.48930918048469 50000
2816397.65846939 1.48930918048469 50000
3027890.27204082 1.62557953125 50000
3254440.87193878 1.62557953125 50000
3497120.83836735 1.76104904846939 50000
3757075.6527551 1.76104904846939 50000
4035537.24795918 1.84003889540816 50000
4333824.00826531 1.84003889540816 50000
4653345.40071429 1.84014502997449 50000
4995614.32530612 1.84014502997449 50000
5362250.20255102 1.77589502295918 50000
5754986.69234694 1.77589502295918 50000
6175682.50040816 1.6500226434949 50000
6626329.09714286 1.6500226434949 50000
7109058.43653061 1.6500226434949 50000
7626152.21877551 1.6500226434949 50000
0 5203919.64282953 60000
11273.46 5203919.64282953 60000
23342.825 5203919.64282953 60000
36263.92 5203919.64282953 60000
50100.545 198441.765147771 60000
64913.31 198441.765147771 60000
80773.99 773.978209354167 60000
97755.955 773.978209354167 60000
115937.36 88.4852933020833 60000
135404.335 88.4852933020833 60000
156246.2 32.92477753125 60000
178561.845 32.92477753125 60000
202454.945 14.01364009375 60000
228035.555 14.01364009375 60000
255424.895 7.373884375 60000
284750.565 7.373884375 60000
316148.14 4.54547419791667 60000
349764.36 4.54547419791667 60000
385757.13 3.11017689583333 60000
424292.33 3.11017689583333 60000
465551.79 2.32435030208333 60000
509728.505 2.32435030208333 60000
557026.635 1.86447525 60000
607666.29 1.86447525 60000
661886.72 1.59895094791667 60000
719938.34 1.59895094791667 60000
782092.3 1.44725980208333 60000
848640.485 1.44725980208333 60000
919890.73 1.36480827083333 60000
996177.985 1.36480827083333 60000
1077854.745 1.32174327083333 60000
1165305.405 1.32174327083333 60000
1258936.69 1.29832335416667 60000
1359185.63 1.29832335416667 60000
1466519.56 1.29560853125 60000
1581437.715 1.29560853125 60000
1704479.205 1.32178979166667 60000
1836216.635 1.32178979166667 60000
1977265.675 1.37563433333333 60000
2128281.87 1.37563433333333 60000
2289971.805 1.45143338541667 60000
2463088.32 1.45143338541667 60000
2648440.08 1.54341171875 60000
2846893.17 1.54341171875 60000
3059371.095 1.6360114375 60000
3286864.35 1.6360114375 60000
3530438.395 1.70280538541667 60000
3791225.68 1.70280538541667 60000
4070444.785 1.7320703125 60000
4369397.23 1.7320703125 60000
4689478.64 1.74791730208333 60000
5032181.935 1.74791730208333 60000
5399105.305 1.79521902083333 60000
5791961.78 1.79521902083333 60000
6212582.42 1.92243023958333 60000
6662932.265 1.92243023958333 60000
7145108.74 1.92243023958333 60000
7661363.985 1.92243023958333 60000
0 3060296.84948724 70000
11654.0430612245 3060296.84948724 70000
24121.9717346939 3060296.84948724 70000
37465.3683673469 3060296.84948724 70000
51740.8221428571 3555345.32680533 70000
67016.5729591837 3555345.32680533 70000
83362.5251020408 32724.8155077615 70000
100851.911632653 32724.8155077615 70000
119566.28755102 761.994783688138 70000
139592.201020408 761.994783688138 70000
161017.864591837 86.2874681307398 70000
183944.805918367 86.2874681307398 70000
208477.881428571 18.6503004572704 70000
234726.940714286 18.6503004572704 70000
262815.148469388 7.53380956377551 70000
292868.998163265 7.53380956377551 70000
325028.298367347 4.53980831313775 70000
359439.515204082 4.53980831313775 70000
396257.436734694 3.08466530612245 70000
435655.159285714 3.08466530612245 70000
477810.772346939 2.26407706568878 70000
522919.009285714 2.26407706568878 70000
571184.589795918 1.82350669196429 70000
622828.87744898 1.82350669196429 70000
678089.879693878 1.61047546173469 70000
737220.583469388 1.61047546173469 70000
800490.619591837 1.50301495982143 70000
868189.591530612 1.50301495982143 70000
940630.404183673 1.4264635255102 70000
1018142.60632653 1.4264635255102 70000
1101080.71255102 1.36437839477041 70000
1189825.86765306 1.36437839477041 70000
1284785.84663265 1.32903095982143 70000
1386393.39030612 1.32903095982143 70000
1495116.19163265 1.33035206760204 70000
1611450.23816326 1.33035206760204 70000
1735929.79836735 1.36324799808673 70000
1869124.09285714 1.36324799808673 70000
2011645.61632653 1.40917123022959 70000
2164145.14438776 1.40917123022959 70000
2327321.71989796 1.45058327806122 70000
2501922.65295918 1.45058327806122 70000
2688748.51408163 1.48350694834184 70000
2888656.46295918 1.48350694834184 70000
3102558.58408163 1.51205119834184 70000
3331438.53061224 1.51205119834184 70000
3576344.86683673 1.53375065369898 70000
3838396.06132653 1.53375065369898 70000
4118797.13081633 1.53694073022959 70000
4418827.98948979 1.53694073022959 70000
4739866.75040816 1.51093120408163 70000
5083384.73234694 1.51093120408163 70000
5450953.11734694 1.4449833067602 70000
5844256.26581633 1.4449833067602 70000
6265096.70969388 1.29771273022959 70000
6715403.47438775 1.29771273022959 70000
7197237.07193878 1.29771273022959 70000
7712807.80928571 1.29771273022959 70000
0 3975353.77116833 80000
12048.2448979592 3975353.77116833 80000
24935.9804081633 3975353.77116833 80000
38723.6636734694 3975353.77116833 80000
53471.7518367347 76058.137302966 80000
69249.3387755102 76058.137302966 80000
86127.2457142857 444.374135455782 80000
104181.475918367 444.374135455782 80000
123496.669387755 466.11532292517 80000
144157.466122449 466.11532292517 80000
166260.59755102 181.178080870748 80000
189904.52244898 181.178080870748 80000
215198.063673469 34.4028096666667 80000
242255.226122449 34.4028096666667 80000
271198.651428571 10.9416632653061 80000
302163.072653061 10.9416632653061 80000
335284.950204082 5.1466086122449 80000
370719.745306122 5.1466086122449 80000
408622.919183673 3.04570850340136 80000
449172.388571428 3.04570850340136 80000
492547.79755102 2.19910338095238 80000
538951.245714286 2.19910338095238 80000
588588.287346939 1.82128942176871 80000
641688.659591837 1.82128942176871 80000
698494.191020408 1.62017585714286 80000
759258.801632653 1.62017585714286 80000
824264.048979592 1.49964662585034 80000
893801.854693878 1.49964662585034 80000
968190.050612245 1.42831079591837 80000
1047767.19673469 1.42831079591837 80000
1132894.30857143 1.38871496598639 80000
1223960.03918367 1.38871496598639 80000
1321375.49714286 1.37204606802721 80000
1425586.33795918 1.37204606802721 80000
1537065.85469388 1.37451113605442 80000
1656320.16 1.37451113605442 80000
1783891.64081633 1.39147152380952 80000
1920362.41306122 1.39147152380952 80000
2066350.86693878 1.41280065986395 80000
2222522.03102041 1.41280065986395 80000
2389585.84489796 1.43504025170068 80000
2568302.34122449 1.43504025170068 80000
2759483.37306122 1.47573726530612 80000
2963997.79591837 1.47573726530612 80000
3182778.37714286 1.56211900680272 80000
3416816.61387755 1.56211900680272 80000
3667180.00653061 1.70494900680272 80000
3935005.14938775 1.70494900680272 80000
4221509.82204082 1.86580099319728 80000
4527998.17142857 1.86580099319728 80000
4855864.16653061 1.94145159183673 80000
5206596.78040816 1.94145159183673 80000
5581792.08163265 1.85592632653061 80000
5983156.68897959 1.85592632653061 80000
6412516.40816326 1.59462191836735 80000
6871821.41387755 1.59462191836735 80000
7363163.52326531 1.59462191836735 80000
7888774.46857143 1.59462191836735 80000
0 4368121.17070348 90000
12196.1234693878 4368121.17070348 90000
25245.4521428571 4368121.17070348 90000
39207.3090816327 4368121.17070348 90000
54144.5069387755 7004452.10759517 90000
70125.092755102 7004452.10759517 90000
87224.092755102 5168650.71815071 90000
105518.277959184 5168650.71815071 90000
125089.65377551 10690.2911613735 90000
146030.694387755 10690.2911613735 90000
168435.61877551 273.687015659014 90000
192405.625102041 273.687015659014 90000
218052.380306122 31.691437088648 90000
245491.040918367 31.691437088648 90000
274847.232244898 9.11859426870748 90000
306257.048367347 9.11859426870748 90000
339861.817755102 4.78826524872449 90000
375815.08244898 4.78826524872449 90000
414280.853265306 3.24147822215136 90000
455437.099387755 3.24147822215136 90000
499470.513979592 2.42127874085884 90000
546581.748571428 2.42127874085884 90000
596985.413061224 1.9559125894983 90000
650911.820510204 1.9559125894983 90000
708608.731938775 1.69176139243197 90000
770337.866734694 1.69176139243197 90000
836383.626632653 1.52654375892857 90000
907046.116530612 1.52654375892857 90000
982646.378877551 1.41473505548469 90000
1063531.62806122 1.41473505548469 90000
1150071.76081633 1.34254412436224 90000
1242661.10102041 1.34254412436224 90000
1341723.63408163 1.31563791730442 90000
1447709.51734694 1.31563791730442 90000
1561103.80408163 1.34067573873299 90000
1682426.44346939 1.34067573873299 90000
1812227.04622449 1.40333935714286 90000
1951104.07734694 1.40333935714286 90000
2099685.66336735 1.47567205293367 90000
2258655.76428571 1.47567205293367 90000
2428738.47040816 1.54593643856292 90000
2610708.47112245 1.54593643856292 90000
2805399.77887755 1.62820720110544 90000
3013700.49479592 1.62820720110544 90000
3236561.53265306 1.73937614604592 90000
3475001.85326531 1.73937614604592 90000
3730110.20928571 1.86738600659014 90000
4003050.37959184 1.86738600659014 90000
4295068.14846939 1.95848979846939 90000
4607500.02959184 1.95848979846939 90000
4941771.52122449 1.95171053932823 90000
5299411.06459184 1.95171053932823 90000
5682048.29908163 1.83805889519558 90000
6091433.255 1.83805889519558 90000
6529436.35357143 1.6192723920068 90000
6998055.38612245 1.6192723920068 90000
7499431.2172449 1.6192723920068 90000
8035856.50877551 1.6192723920068 90000
0 2821014.18250367 hpsmc
8278.79183673469 2821014.18250367 hpsmc
17175.9673469388 2821014.18250367 hpsmc
26735.9346938775 2821014.18250367 hpsmc
37008.6530612245 3612.60805523809 hpsmc
48047.4122448979 3612.60805523809 hpsmc
59909.9428571428 91.2288023129252 hpsmc
72656.1959183673 91.2288023129252 hpsmc
86353.893877551 21.0972243537415 hpsmc
101072.979591837 21.0972243537415 hpsmc
116888.946938776 7.1237725170068 hpsmc
133885.06122449 7.1237725170068 hpsmc
152149.028571429 4.07203891156463 hpsmc
171774.106122449 4.07203891156463 hpsmc
192863.542857143 3.15623619047619 hpsmc
215525.028571429 3.15623619047619 hpsmc
239876.244897959 2.70964040816327 hpsmc
266043.755102041 2.70964040816327 hpsmc
294163.004081633 2.32234108843537 hpsmc
324378.318367347 2.32234108843537 hpsmc
356847.346938776 1.95295306122449 hpsmc
391738.840816327 1.95295306122449 hpsmc
429230.432653061 1.63821020408163 hpsmc
469518.628571429 1.63821020408163 hpsmc
512812.146938775 1.39657428571429 hpsmc
559333.028571428 1.39657428571429 hpsmc
609323.297959184 1.22616258503401 hpsmc
663041.632653061 1.22616258503401 hpsmc
720765.583673469 1.11667333333333 hpsmc
782794.906122449 1.11667333333333 hpsmc
849449.33877551 1.05706925170068 hpsmc
921075.265306122 1.05706925170068 hpsmc
998042.383673469 1.03951646258503 hpsmc
1080748.14693878 1.03951646258503 hpsmc
1169622.20408163 1.06056639455782 hpsmc
1265124.17959184 1.06056639455782 hpsmc
1367748.11428571 1.12054285714286 hpsmc
1478024.68571429 1.12054285714286 hpsmc
1596524.53877551 1.22351659863946 hpsmc
1723861.61632653 1.22351659863946 hpsmc
1860695.37959184 1.37896367346939 hpsmc
2007733.02857143 1.37896367346939 hpsmc
2165735.05306122 1.60446231292517 hpsmc
2335519.67346939 1.60446231292517 hpsmc
2517966.17142857 1.9283874829932 hpsmc
2714018.22040816 1.9283874829932 hpsmc
2924691.65714286 2.39132176870748 hpsmc
3151074.48163265 2.39132176870748 hpsmc
3394339.06938776 3.04033088435374 hpsmc
3655745.50204082 3.04033088435374 hpsmc
3936646.00816326 3.90125945578231 hpsmc
4238492.73469388 3.90125945578231 hpsmc
4562851.06938775 4.92588068027211 hpsmc
4911396.31020408 4.92588068027211 hpsmc
5285934.75918367 6.12368217687075 hpsmc
5688403.72244898 6.12368217687075 hpsmc
6120884.83265306 6.12368217687075 hpsmc
6585618.48163265 6.12368217687075 hpsmc
