0 6237595.77994508 100000
21452.7804081633 6237595.77994508 100000
44430.5828571429 6237595.77994508 100000
69044.9208163265 6237595.77994508 100000
95410.3216326531 10482504.1595717 100000
123653.368163265 10482504.1595717 100000
153906.671020408 28365.9857793265 100000
186311.88244898 28365.9857793265 100000
221025.724081633 511.897068340136 100000
258207.931428571 511.897068340136 100000
298039.337142857 80.6871279455782 100000
340703.787755102 80.6871279455782 100000
386406.226938775 23.9100764013605 100000
435360.64 23.9100764013605 100000
487799.095510204 11.6425399115646 100000
543971.745306122 11.6425399115646 100000
604140.796734694 7.75902682993197 100000
668592.568163265 7.75902682993197 100000
737631.46122449 5.6816866122449 100000
811585.988571429 5.6816866122449 100000
890802.746122449 4.34322359183673 100000
975658.468571429 4.34322359183673 100000
1066554.00163265 3.55081867346939 100000
1163920.32979592 3.55081867346939 100000
1268215.56244898 3.1460988707483 100000
1379933.9755102 3.1460988707483 100000
1499606.01142857 2.93201310204082 100000
1627792.25142857 2.93201310204082 100000
1765104.51265306 2.77872603401361 100000
1912190.77877551 2.77872603401361 100000
2069747.2555102 2.64550636734694 100000
2238515.35673469 2.64550636734694 100000
2419296.77387755 2.54515052380952 100000
2612944.43428571 2.54515052380952 100000
2820377.57061224 2.50848795918367 100000
3042572.67918367 2.50848795918367 100000
3280584.61714286 2.5506571292517 100000
3535534.54693878 2.5506571292517 100000
3808634.04734694 2.66159293877551 100000
4101170.04408163 2.66159293877551 100000
4414528.92081633 2.82332514285714 100000
4750190.49142857 2.82332514285714 100000
5109746.08326531 3.01599354421769 100000
5494889.4955102 3.01599354421769 100000
5907450.15183673 3.19833941496599 100000
6349372.0032653 3.19833941496599 100000
6822749.69469388 3.30763642857143 100000
7329819.52326531 3.30763642857143 100000
7872983.54938775 3.32119887755102 100000
8454803.56897959 3.32119887755102 100000
9078040.29387755 3.30744806122449 100000
9745632.25469388 3.30744806122449 100000
10460744.0228571 3.40773483673469 100000
11226754.155102 3.40773483673469 100000
12047288.3461224 3.99595582993197 100000
12926222.442449 3.99595582993197 100000
13867715.595102 3.99595582993197 100000
14876222.315102 3.99595582993197 100000
0 1597.96478066327 10000
18735.7812244898 1597.96478066327 10000
38839.4742857143 1597.96478066327 10000
60413.5444897959 1597.96478066327 10000
83568.1420408163 255.336445 10000
108413.417142857 255.336445 10000
135077.451428571 186.978215642857 10000
163690.888163265 186.978215642857 10000
194397.17877551 48.1994451836735 10000
227350.02122449 48.1994451836735 10000
262710.798367347 20.473165877551 10000
300658.824489796 20.473165877551 10000
341383.660408163 13.3654197653061 10000
385085.113469388 13.3654197653061 10000
431983.484081633 9.07379917346939 10000
482311.880816326 9.07379917346939 10000
536321.343673469 6.21584432653061 10000
594278.28244898 6.21584432653061 10000
656477.284897959 4.65642376530612 10000
723223.185306122 4.65642376530612 10000
794851.55755102 3.82519531632653 10000
871715.906938776 3.82519531632653 10000
954205.601632653 3.35285160204082 10000
1042725.37959184 3.35285160204082 10000
1137720.96489796 3.06330706122449 10000
1239663.69795918 3.06330706122449 10000
1349060.78204082 2.86532487755102 10000
1466460.40653061 2.86532487755102 10000
1592446.62367347 2.71127469387755 10000
1727644.47183673 2.71127469387755 10000
1872732.78367347 2.59132624489796 10000
2028428.81632653 2.59132624489796 10000
2195513.8677551 2.50771562244898 10000
2374820.46857143 2.50771562244898 10000
2567237.50530612 2.46281233673469 10000
2773728.15183673 2.46281233673469 10000
2995322.1844898 2.46051220408163 10000
3233121.10530612 2.46051220408163 10000
3488310.95020408 2.50795043877551 10000
3762164.85061224 2.50795043877551 10000
4056048.15673469 2.60428383673469 10000
4371423.56081633 2.60428383673469 10000
4709866.46693878 2.72793597959184 10000
5073059.8677551 2.72793597959184 10000
5462814.83755102 2.84724402040816 10000
5881075.6555102 2.84724402040816 10000
6329924.92897959 2.95317286734694 10000
6811604.08653061 2.95317286734694 10000
7328508.25469388 3.07486109183673 10000
7883216.99755102 3.07486109183673 10000
8478494.31673469 3.24090291836735 10000
9117309.14448979 3.24090291836735 10000
9802843.02857143 3.41502456122449 10000
10538513.1869388 3.41502456122449 10000
11327987.877551 3.52656231632653 10000
12175201.7681633 3.52656231632653 10000
13084376.4293878 3.52656231632653 10000
14060043.3893878 3.52656231632653 10000
0 9128595.19987236 110000
21951.0257142857 9128595.19987236 110000
45444.9948979592 9128595.19987236 110000
70591.2254081633 9128595.19987236 110000
97505.2818367347 9652664.76610599 110000
126308.975510204 9652664.76610599 110000
157136.61122449 81857.1919335536 110000
190131.863877551 81857.1919335536 110000
225447.778469388 1014.23191541135 110000
263243.646734694 1014.23191541135 110000
303694.377244898 81.5298109534439 110000
346990.495408163 81.5298109534439 110000
393328.773367347 22.2124710822704 110000
442924.723469388 22.2124710822704 110000
496006.351530612 11.3604939107143 110000
552817.280204082 11.3604939107143 110000
613619.872346939 7.62874666071429 110000
678698.354387755 7.62874666071429 110000
748349.44622449 5.64097711798469 110000
822894.854693878 5.64097711798469 110000
902681.273571429 4.39755156313776 110000
988074.136836735 4.39755156313776 110000
1079470.11214286 3.62961964477041 110000
1177287.73071429 3.62961964477041 110000
1281983.00418367 3.17828655612245 110000
1394033.8077551 3.17828655612245 110000
1513958.62040816 2.92492290114796 110000
1642313.40153061 2.92492290114796 110000
1779688.46755102 2.78075997704082 110000
1926720.98540816 2.78075997704082 110000
2084082.47908163 2.68677915497449 110000
2252506.93989796 2.68677915497449 110000
2432768.96295918 2.61538418303571 110000
2625699.36397959 2.61538418303571 110000
2832188.30265306 2.56709562244898 110000
3053191.52938776 2.56709562244898 110000
3289724.13857143 2.55073047895408 110000
3542882.43214286 2.55073047895408 110000
3813831.42612245 2.57355058163265 110000
4103826.71418367 2.57355058163265 110000
4414198.85081633 2.64480239923469 110000
4746387.70836735 2.64480239923469 110000
5101923.73683673 2.7693661932398 110000
5482443.58071429 2.7693661932398 110000
5889708.81918367 2.9283651122449 110000
6325599.71938776 2.9283651122449 110000
6792121.48316327 3.06615116135204 110000
7291435.48071429 3.06615116135204 110000
7825837.38704082 3.12932777295918 110000
8397800.90908163 3.12932777295918 110000
9009962.16887755 3.11398423086735 110000
9665147.81387755 3.11398423086735 110000
10366378.1403061 3.03873710586735 110000
11116895.2034694 3.03873710586735 110000
11920156.5710204 2.8548163182398 110000
12779875.9267347 2.8548163182398 110000
13700013.7004082 2.8548163182398 110000
14684823.9183673 2.8548163182398 110000
0 9750525.95623381 120000
22204.8024489796 9750525.95623381 120000
45980.6253061224 9750525.95623381 120000
71434.2979591837 9750525.95623381 120000
98688.36 5310764.67432321 120000
127868.493061224 5310764.67432321 120000
159112.946938775 18550.6750344541 120000
192563.113469388 18550.6750344541 120000
228376.094693878 769.711368265306 120000
266721.560816327 769.711368265306 120000
307778.608163265 125.609071147959 120000
351732.617142857 125.609071147959 120000
398797.246530612 38.7183936377551 120000
449186.155102041 38.7183936377551 120000
503138.137959184 14.6470552959184 120000
560901.416326531 14.6470552959184 120000
622746.205714286 7.57319552040816 120000
688961.573877551 7.57319552040816 120000
759858.582857143 5.27136914795918 120000
835764.004897959 5.27136914795918 120000
917036.032653061 4.31497774489796 120000
1004051.71102041 4.31497774489796 120000
1097213.22122449 3.75331831122449 120000
1196963.59102041 3.75331831122449 120000
1303761.55836735 3.33589818877551 120000
1418106.7077551 3.33589818877551 120000
1540533.18612245 3.00536204081633 120000
1671609.70285714 3.00536204081633 120000
1811952.09795918 2.75862673979592 120000
1962210.77387755 2.75862673979592 120000
2123092.68979592 2.60537369897959 120000
2295339.36734694 2.60537369897959 120000
2479764.59510204 2.54426755102041 120000
2677219.86612245 2.54426755102041 120000
2888628.94040816 2.5608287244898 120000
3114981.56081633 2.5608287244898 120000
3357330.31102041 2.62992743877551 120000
3616806.32571429 2.62992743877551 120000
3894619.29061224 2.72939266836735 120000
4192063.72653061 2.72939266836735 120000
4510534.69959184 2.84915679081633 120000
4851508.96897959 2.84915679081633 120000
5216579.54938775 2.9852595255102 120000
5607452.56897959 2.9852595255102 120000
6025950.41142857 3.13192082653061 120000
6474024.28408163 3.13192082653061 120000
6953763.64408163 3.28338683163265 120000
7467405.62448979 3.28338683163265 120000
8017350.7444898 3.43555979591837 120000
8606159.76734694 3.43555979591837 120000
9236581.97877551 3.60055621428571 120000
9911558.32897959 3.60055621428571 120000
10634237.1428571 3.83149621428571 120000
11407986.6881633 3.83149621428571 120000
12236420.3118367 4.21148022959184 120000
13123402.7240816 4.21148022959184 120000
14073065.7085714 4.21148022959184 120000
15089848.9689796 4.21148022959184 120000
0 5953086.43332944 130000
22544.0179591837 5953086.43332944 130000
46674.9655102041 5953086.43332944 130000
72501.843877551 5953086.43332944 130000
100146.477959184 28298.6463977449 130000
129733.898571429 28298.6463977449 130000
161401.960204082 1640.47687082313 130000
195298.135102041 1640.47687082313 130000
231576.307346939 380.465234213435 130000
270406.390612245 380.465234213435 130000
311967.916326531 108.827764269133 130000
356453.239591837 108.827764269133 130000
404064.333265306 37.9431726279762 130000
455022.405714286 37.9431726279762 130000
509567.900816326 16.4603002903912 130000
567947.674285714 16.4603002903912 130000
630431.023265306 8.71613063520408 130000
697309.686326531 8.71613063520408 130000
768891.431632653 5.63722674617347 130000
845509.674693878 5.63722674617347 130000
927513.860612245 4.31952750722789 130000
1015282.2877551 4.31952750722789 130000
1109225.31367347 3.65144083545918 130000
1209775.73734694 3.65144083545918 130000
1317395.21102041 3.25353293409864 130000
1432583.85795918 3.25353293409864 130000
1555873.86061224 2.98591221938776 130000
1687832.66653061 2.98591221938776 130000
1829069.40020408 2.7878332172619 130000
1980241.27489796 2.7878332172619 130000
2142043.97489796 2.64743402976191 130000
2315224.47918367 2.64743402976191 130000
2500581.06142857 2.57023818707483 130000
2698976.11367347 2.57023818707483 130000
2911320.11673469 2.55744122959184 130000
3138600.49346939 2.55744122959184 130000
3381859.16734694 2.60563019005102 130000
3642227.82755102 2.60563019005102 130000
3920905.48755102 2.70170087712585 130000
4219180.92653061 2.70170087712585 130000
4538432.68938776 2.82483485841837 130000
4880135.49857143 2.82483485841837 130000
5245866.66591837 2.96352422278912 130000
5637318.91632653 2.96352422278912 130000
6056297.18183673 3.11353448639456 130000
6504741.04306122 3.11353448639456 130000
6984718.31734694 3.25512921428571 130000
7498450.70612245 3.25512921428571 130000
8048310.58897959 3.35949521513606 130000
8636837.05326531 3.35949521513606 130000
9266751.92367347 3.41855758205782 130000
9940966.17408163 3.41855758205782 130000
10662589.5453061 3.43377233630952 130000
11434962.6042857 3.43377233630952 130000
12261650.3322449 3.38862899829932 130000
13146474.1838776 3.38862899829932 130000
14093518.4991837 3.38862899829932 130000
15107165.7685714 3.38862899829932 130000
0 9236752.7245257 140000
22490.4171428571 9236752.7245257 140000
46569.813877551 9236752.7245257 140000
72355.7746938776 9236752.7245257 140000
99965.8840816326 14038199.9882825 140000
129530.438367347 14038199.9882825 140000
161186.089795918 1745170.90530359 140000
195082.20244898 1745170.90530359 140000
231377.674285714 6116.29458415816 140000
270240.937142857 6116.29458415816 140000
311853.134693878 236.621128178571 140000
356411.300408163 236.621128178571 140000
404125.179591837 40.5715350918367 140000
455214.051428571 40.5715350918367 140000
509916.262857143 14.9764835527211 140000
568492.406530612 14.9764835527211 140000
631212.608979592 8.27441260204082 140000
698369.24244898 8.27441260204082 140000
770280.102857143 5.61804259013605 140000
847282.053877551 5.61804259013605 140000
929731.026938775 4.3251561037415 140000
1018014.73306122 4.3251561037415 140000
1112546.30693878 3.64086204251701 140000
1213767.48489796 3.64086204251701 140000
1322151.78285714 3.24338541836735 140000
1438207.67428571 3.24338541836735 140000
1562472.23428571 2.98469954081633 140000
1695536.56326531 2.98469954081633 140000
1838014.00734694 2.80221847619048 140000
1990571.93795918 2.80221847619048 140000
2153931.75183673 2.67780137414966 140000
2328846.62530612 2.67780137414966 140000
2516142.8277551 2.61438784693878 140000
2716694.29795918 2.61438784693878 140000
2931435.35591837 2.61534785544218 140000
3161373.41469388 2.61534785544218 140000
3407585.80244898 2.67772854591837 140000
3671219.76244898 2.67772854591837 140000
3953511.52081633 2.78686496088435 140000
4255779.93061224 2.78686496088435 140000
4579439.18367347 2.9226432670068 140000
4926005.16653061 2.9226432670068 140000
5297092.28244898 3.08251447619048 140000
5694442.05306122 3.08251447619048 140000
6119913.5844898 3.26688907482993 140000
6575493.10122449 3.26688907482993 140000
7063309.83591837 3.44284870238095 140000
7585651.91918367 3.44284870238095 140000
8144956.84571429 3.55169380442177 140000
8743840.07591837 3.55169380442177 140000
9385107.7477551 3.55858600340136 140000
10071756.6767347 3.55858600340136 140000
10806996.6016327 3.50438855782313 140000
11594266.0742857 3.50438855782313 140000
12437251.5273469 3.4375123792517 140000
13339890.4522449 3.4375123792517 140000
14306406.3567347 3.4375123792517 140000
15341321.4767347 3.4375123792517 140000
0 6381970.18789648 150000
22803.4260204082 6381970.18789648 150000
47211.8137755102 6381970.18789648 150000
73335.4030612245 6381970.18789648 150000
101297.403061224 7168165.17828844 150000
131224.265306122 7168165.17828844 150000
163258.653061224 136388.777691417 150000
197546.471938776 136388.777691417 150000
234243.354591837 3616.63729541879 150000
273521.145408163 3616.63729541879 150000
315561.415816327 314.434956940901 150000
360558.706632653 314.434956940901 150000
408723.770408163 60.5479244791667 150000
460273.844387755 60.5479244791667 150000
515448.862244898 19.1348388020833 150000
574504.969387755 19.1348388020833 150000
637714.522959184 8.8774918792517 150000
705369.334183673 8.8774918792517 150000
777780.668367347 5.64017733312075 150000
855288.971938775 5.64017733312075 150000
938244.418367347 4.309484375 150000
1027036.08928571 4.309484375 150000
1122075.7627551 3.62499116177721 150000
1223794.67091837 3.62499116177721 150000
1332669.43877551 3.20579623193027 150000
1449202.63010204 3.20579623193027 150000
1573932.4744898 2.93593164328231 150000
1707432.86734694 2.93593164328231 150000
1850323.09693878 2.76818747342687 150000
2003261.35969388 2.76818747342687 150000
2166957.72959184 2.67011998830782 150000
2342164.43112245 2.67011998830782 150000
2529698.53571429 2.62507163052721 150000
2730419.26530612 2.62507163052721 150000
2945257.17346939 2.62521348320578 150000
3175204.41836735 2.62521348320578 150000
3421324.48979592 2.66081175063775 150000
3684755.45153061 2.66081175063775 150000
3966713.18367347 2.72980619153912 150000
4268501.10969388 2.72980619153912 150000
4591513.43877551 2.84446368516156 150000
4937244.89285714 2.84446368516156 150000
5307293.94897959 3.01978008609694 150000
5703366.08163265 3.01978008609694 150000
6127296.45918367 3.25141875531463 150000
6581040.21683673 3.25141875531463 150000
7066698.39540816 3.49048104804422 150000
7586511.45663265 3.49048104804422 150000
8142885.22193877 3.65293613945578 150000
8738390.87244898 3.65293613945578 150000
9375777.91836735 3.67300491602891 150000
10057990.4107143 3.67300491602891 150000
10788189.6377551 3.55338257865646 150000
11569741.1556122 3.55338257865646 150000
12406260.1811224 3.30172917198129 150000
13301611.5918367 3.30172917198129 150000
14259935.8647959 3.30172917198129 150000
15285662.0459184 3.30172917198129 150000
0 7737077.30538204 160000
23534.0758163265 7737077.30538204 160000
48715.3016326531 7737077.30538204 160000
75657.9694897959 7737077.30538204 160000
104489.81755102 6987246.3644543 160000
135338.583979592 6987246.3644543 160000
168345.453061224 1703489.67171185 160000
203665.055204082 1703489.67171185 160000
241455.382346939 10418.8598216237 160000
281894.595612245 10418.8598216237 160000
325160.856122449 479.26585705102 160000
371459.217244898 479.26585705102 160000
420998.093877551 67.4346081307398 160000
474006.070102041 67.4346081307398 160000
530721.814591837 19.0588420994898 160000
591410.888265306 19.0588420994898 160000
656348.936632653 9.12092504846939 160000
725831.774387755 9.12092504846939 160000
800178.746938776 6.01828131568878 160000
879732.730408163 6.01828131568878 160000
964856.770102041 4.59910611989796 160000
1055937.44204082 4.59910611989796 160000
1153394.93755102 3.76866099170918 160000
1257676.34020408 3.76866099170918 160000
1369255.62581633 3.25735117602041 160000
1488650.47010204 3.25735117602041 160000
1616402.0794898 2.95558377168367 160000
1753095.36030612 2.95558377168367 160000
1899358.91877551 2.79065167283163 160000
2055865.06102041 2.79065167283163 160000
2223326.43153061 2.70936566071429 160000
2402509.45928571 2.70936566071429 160000
2594241.08081633 2.67250787818878 160000
2799391.93255102 2.67250787818878 160000
3018906.60459184 2.66182101211735 160000
3253786.83306122 2.66182101211735 160000
3505111.66928571 2.68549879336735 160000
3774034.11826531 2.68549879336735 160000
4061781.13867347 2.76293305165816 160000
4369673.81204082 2.76293305165816 160000
4699120.61969388 2.91037118494898 160000
5051630.88887755 2.91037118494898 160000
5428821.51581633 3.12136325637755 160000
5832416.96571429 3.12136325637755 160000
6264266.08040816 3.34738417091837 160000
6726352.16295918 3.34738417091837 160000
7220786.25459184 3.52875275382653 160000
7749834.02693878 3.52875275382653 160000
8315919.14357143 3.64672847193878 160000
8921636.70612245 3.64672847193878 160000
9569759.97734694 3.7452353252551 160000
10263257.1887755 3.7452353252551 160000
11005301.6253061 3.88903180038265 160000
11799298.517449 3.88903180038265 160000
12648881.6797959 4.08979921619898 160000
13557940.4032653 4.08979921619898 160000
14530642.9858163 4.08979921619898 160000
15571443.4555102 4.08979921619898 160000
0 9821204.999023 170000
23687.3057142857 9821204.999023 170000
49023.9648979592 9821204.999023 170000
76119.0257142857 9821204.999023 170000
105098.575102041 5637419.35376411 170000
136095.515510204 5637419.35376411 170000
169242.749387755 247917.027395406 170000
204697.033469388 247917.027395406 170000
242615.124489796 5149.02343657653 170000
283167.410204082 5149.02343657653 170000
326541.317142857 320.888667869898 170000
372927.679591837 320.888667869898 170000
422541.186122449 54.6043484642857 170000
475603.340816326 54.6043484642857 170000
532352.686530612 19.1609408010204 170000
593044.804897959 19.1609408010204 170000
657959.131836735 9.65076954846939 170000
727385.326530612 9.65076954846939 170000
801636.90244898 6.18712016326531 170000
881051.227346939 6.18712016326531 170000
965982.707755102 4.59522286479592 170000
1056823.2355102 4.59522286479592 170000
1153974.92571429 3.72009715561224 170000
1257880.78653061 3.72009715561224 170000
1369007.68040816 3.21056677295918 170000
1487863.36285714 3.21056677295918 170000
1614976.03591837 2.92158204081633 170000
1750928.42571429 2.92158204081633 170000
1896330.52040816 2.76511638520408 170000
2051840.01673469 2.76511638520408 170000
2218162.32 2.68517613010204 170000
2396043.72857143 2.68517613010204 170000
2586288.47265306 2.64869185204082 170000
2789758.71428571 2.64869185204082 170000
3007374.54734694 2.64232360969388 170000
3240117.40530612 2.64232360969388 170000
3489040.2844898 2.67574090816327 170000
3755264.33632653 2.67574090816327 170000
4039995.90612245 2.75326733673469 170000
4344519.71755102 2.75326733673469 170000
4670209.09591837 2.85598275510204 170000
5018543.00693878 2.85598275510204 170000
5391089.01795918 2.97219430357143 170000
5789533.9677551 2.97219430357143 170000
6215673.74326531 3.12052394387755 170000
6671437.13387755 3.12052394387755 170000
7158882.42367347 3.31979952295918 170000
7680211.02244898 3.31979952295918 170000
8237781.09673469 3.54318496938776 170000
8834107.56979592 3.54318496938776 170000
9471889.38367347 3.70175917346939 170000
10154002.6836735 3.70175917346939 170000
10883534.8959184 3.72059411989796 170000
11663777.9118367 3.72059411989796 170000
12498258.7579592 3.60620714030612 170000
13390749.8191837 3.60620714030612 170000
14345279.0620408 3.60620714030612 170000
15366160.7044898 3.60620714030612 170000
0 6932616.58355787 180000
23800.2040816326 6932616.58355787 180000
49251.012244898 6932616.58355787 180000
76472.281632653 6932616.58355787 180000
105587.293877551 21272830.9940436 180000
136722.755102041 21272830.9940436 180000
170022.493877551 1604966.40084707 180000
205637.187755102 1604966.40084707 180000
243727.787755102 8435.08106809524 180000
284465.518367347 8435.08106809524 180000
328031.87755102 342.137051377551 180000
374628.910204082 342.137051377551 180000
424462.085714286 55.7086725340136 180000
477760.844897959 55.7086725340136 180000
534761.47755102 19.4304052806122 180000
595724.244897959 19.4304052806122 180000
660923.106122449 9.69104215136054 180000
730652.567346939 9.69104215136054 180000
805231.106122449 6.19329681122449 180000
884987.473469388 6.19329681122449 180000
970291.514285714 4.65747734693877 180000
1061519.92244898 4.65747734693877 180000
1159090.48571429 3.81209210034014 180000
1263441.53877551 3.81209210034014 180000
1375045.66122449 3.30836392006803 180000
1494402.82857143 3.30836392006803 180000
1622057.53469388 2.99651418367347 180000
1758581.66938775 2.99651418367347 180000
1904595.06530612 2.79569639455782 180000
2060755.2244898 2.79569639455782 180000
2227767.59183673 2.67438384353741 180000
2406388.97959184 2.67438384353741 180000
2597420.71836735 2.62005573979592 180000
2801729.20408163 2.62005573979592 180000
3020239.04897959 2.62485715986395 180000
3253929.65714286 2.62485715986395 180000
3503866.04489796 2.68618406462585 180000
3771168.02040816 2.68618406462585 180000
4057047.85306122 2.79811494047619 180000
4362793.15102041 2.79811494047619 180000
4689790.83265306 2.94089476190476 180000
5039510.00408163 2.94089476190476 180000
5413532.77959184 3.08841892857143 180000
5813550.85714286 3.08841892857143 180000
6241368.94285714 3.22741040816326 180000
6698915.0244898 3.22741040816326 180000
7188264.34285714 3.37390009353741 180000
7711615.42040816 3.37390009353741 180000
8271341.42857143 3.54564539115646 180000
8869962.79183673 3.54564539115646 180000
9510188.28163265 3.68397337585034 180000
10194908.1673469 3.68397337585034 180000
10927211.3387755 3.66155010204082 180000
11710405.8530612 3.66155010204082 180000
12548032.6326531 3.36634481292517 180000
13443865.4653061 3.36634481292517 180000
14401958.9469388 3.36634481292517 180000
15426634.7836735 3.36634481292517 180000
0 6769797.61764965 190000
24363.1506122449 6769797.61764965 190000
50413.3053061224 6769797.61764965 190000
78269.9602040816 6769797.61764965 190000
108056.126020408 21199102.7388285 190000
139908.871836735 21199102.7388285 190000
173968.781326531 3045538.61010472 190000
210386.981938776 3045538.61010472 190000
249332.174081633 18075.4953013909 190000
290980.087346939 18075.4953013909 190000
335509.965918367 622.007733210459 190000
383129.170714286 622.007733210459 190000
434048.577244898 73.9059647410714 190000
488496.633979592 73.9059647410714 190000
546719.362346939 20.7423229151786 190000
608976.842142857 20.7423229151786 190000
675550.240714286 9.79819878443877 190000
746738.298367347 9.79819878443877 190000
822864.35755102 6.18456867857143 190000
904262.304489796 6.18456867857143 190000
991304.685918367 4.59787690561224 190000
1084381.62153061 4.59787690561224 190000
1183907.83316327 3.7831286192602 190000
1290333.18857143 3.7831286192602 190000
1404135.6722449 3.32169932142857 190000
1525828.41459184 3.32169932142857 190000
1655956.17734694 3.02537529719388 190000
1795102.3827551 3.02537529719388 190000
1943896.1427551 2.82327894451531 190000
2103001.71520408 2.82327894451531 190000
2273136.07683673 2.69895758035714 190000
2455061.89408163 2.69895758035714 190000
2649601.58142857 2.64879410395408 190000
2857623.24306122 2.64879410395408 190000
3080065.275 2.66087551339286 190000
3317925.82132653 2.66087551339286 190000
3572273.31795918 2.7168014559949 190000
3844253.52183674 2.7168014559949 190000
4135085.99632653 2.8026600057398 190000
4446078.16959184 2.8026600057398 190000
4778625.33459184 2.91204435459184 190000
5134224.70744898 2.91204435459184 190000
5514471.91285714 3.04928916581633 190000
5921078.55704082 3.04928916581633 190000
6355868.71316326 3.22412546556122 190000
6820796.49428571 3.22412546556122 190000
7317953.08255102 3.41849703826531 190000
7849566.72918367 3.41849703826531 190000
8418034.38581632 3.57323426594388 190000
9025904.13153061 3.57323426594388 190000
9675910.31877551 3.64903229655612 190000
10370970.0587755 3.64903229655612 190000
11114211.3382653 3.68960386607143 190000
11908969.504898 3.68960386607143 190000
12758818.8985714 3.76612678125 190000
13667576.3660204 3.76612678125 190000
14639325.8629592 3.76612678125 190000
15678436.0270408 3.76612678125 190000
0 5780204.67689525 200000
24717.551122449 5780204.67689525 200000
51143.5896938775 5780204.67689525 200000
79392.7312244898 5780204.67689525 200000
109590.336428571 4104426.11726343 200000
141872.51122449 4104426.11726343 200000
176382.525 89382.7665718036 200000
213274.392346939 89382.7665718036 200000
252712.873061224 4229.97958131824 200000
294873.472142857 4229.97958131824 200000
339942.439795918 420.73468161841 200000
388120.353163265 420.73468161841 200000
439625.698061224 84.169414693665 200000
494684.12377551 84.169414693665 200000
553542.77 26.6928255724915 200000
616466.685102041 26.6928255724915 200000
683728.080918367 11.3693959715136 200000
755634.986632653 11.3693959715136 200000
832502.594897959 6.47982070195578 200000
914674.752244898 6.47982070195578 200000
1002520.37734694 4.62144511798469 200000
1096426.29755102 4.62144511798469 200000
1196815.15755102 3.73011551551871 200000
1304131.09244898 3.73011551551871 200000
1418854.05469388 3.25206586309524 200000
1541492.65061224 3.25206586309524 200000
1672594.88561224 3.00342631781463 200000
1812748.16418367 3.00342631781463 200000
1962572.12642857 2.86866354995748 200000
2122732.975 2.86866354995748 200000
2293950.63857143 2.77538920897109 200000
2476984.44489796 2.77538920897109 200000
2672651.0294898 2.7015383167517 200000
2881817.17214286 2.7015383167517 200000
3105424.86908163 2.66254218027211 200000
3344459.09734694 2.66254218027211 200000
3599990.79561224 2.68007029443027 200000
3873162.5372449 2.68007029443027 200000
4165181.36683673 2.75580159736394 200000
4477354.61755102 2.75580159736394 200000
4811075.58418367 2.8737525980017 200000
5167823.52316326 2.8737525980017 200000
5549195.88816326 3.02281991879252 200000
5956886.83969388 3.02281991879252 200000
6392712.3172449 3.20518244834184 200000
6858617.2027551 3.20518244834184 200000
7356675.32061224 3.42932442070578 200000
7889107.34632653 3.42932442070578 200000
8458284.38826531 3.69860371215986 200000
9066742.31459184 3.69860371215986 200000
9717192.49846939 3.99205971279762 200000
10412536.145 3.99205971279762 200000
11155864.2912245 4.2645252557398 200000
11950490.0417347 4.2645252557398 200000
12799959.3138775 4.44029888584184 200000
13708054.4194898 4.44029888584184 200000
14678819.1370408 4.44029888584184 200000
15716580.2020408 4.44029888584184 200000
0 5331805.63887278 20000
19224.2797959184 5331805.63887278 20000
39847.6026530612 5331805.63887278 20000
61967.822244898 5331805.63887278 20000
85698.6604081633 30511.2695377866 20000
111153.838979592 30511.2695377866 20000
138457.658571429 293.13045322534 20000
167747.643265306 293.13045322534 20000
199166.606530612 44.9477735807823 20000
232870.585306122 44.9477735807823 20000
269023.550612245 22.0393580765306 20000
307805.341632653 22.0393580765306 20000
349403.731632653 12.7215064897959 20000
394027.651428571 12.7215064897959 20000
441896.610612245 8.0396324672619 20000
493243.342244898 8.0396324672619 20000
548324.381632653 6.0867299005102 20000
607406.842857143 6.0867299005102 20000
670786.931632653 5.04705114923469 20000
738774.077142857 5.04705114923469 20000
811701.510816326 4.23608332057823 20000
889931.555714286 4.23608332057823 20000
973847.69244898 3.55712428486395 20000
1063865.13795918 3.55712428486395 20000
1160422.91142857 3.07450071088435 20000
1264002.34714286 3.07450071088435 20000
1375111.22632653 2.78663129209184 20000
1494297.00061224 2.78663129209184 20000
1622146.79204082 2.62928853571429 20000
1759290.0377551 2.62928853571429 20000
1906401.13469388 2.54347372916667 20000
2064207.37367347 2.54347372916667 20000
2233486.29469388 2.49843679634354 20000
2415068.33163265 2.49843679634354 20000
2609852.68040816 2.48206173341837 20000
2818794.0755102 2.48206173341837 20000
3042923.94755102 2.4891748579932 20000
3283347.77857143 2.4891748579932 20000
3541247.74673469 2.52421154209184 20000
3817895.94979592 2.52421154209184 20000
4114651.76040816 2.6070455582483 20000
4432982.98367347 2.6070455582483 20000
4774452.63367347 2.74753941071429 20000
5140745.38040816 2.74753941071429 20000
5533664.90510204 2.91827092984694 20000
5955144.47897959 2.91827092984694 20000
6407265.47612245 3.07444010331633 20000
6892252.08408163 3.07444010331633 20000
7412492.46142857 3.17574289838435 20000
7970549.31653061 3.17574289838435 20000
8569175.77571429 3.18542357993197 20000
9211315.38326531 3.18542357993197 20000
9900136.48244898 3.11136664158163 20000
10639026.9261224 3.11136664158163 20000
11431631.102449 2.97968843537415 20000
12281852.5795918 2.97968843537415 20000
13193875.2632653 2.97968843537415 20000
14172197.7777551 2.97968843537415 20000
0 10969455.2456454 210000
24873.9628571429 10969455.2456454 210000
51459.7675510204 10969455.2456454 210000
79887.1536734694 10969455.2456454 210000
110271.445306122 15397639.1722633 210000
142753.193673469 15397639.1722633 210000
177480.157755102 8237160.74612615 210000
214600.096530612 8237160.74612615 210000
254282.392244898 63940.1046025808 210000
296707.23877551 63940.1046025808 210000
342054.83 1416.45021598342 210000
390534.190816327 1416.45021598342 210000
442361.553877551 119.595292193027 210000
497763.963469388 119.595292193027 210000
556990.087142857 25.6474375684524 210000
620303.007959184 25.6474375684524 210000
687987.432244898 10.3804662444728 210000
760342.481836735 10.3804662444728 210000
837688.901836735 6.36571662032313 210000
920376.268367347 6.36571662032313 210000
1008768.57306122 4.77419924532313 210000
1103262.24244898 4.77419924532313 210000
1204278.93020408 3.91803806845238 210000
1312265.51714286 3.91803806845238 210000
1427704.92285714 3.37388259056122 210000
1551108.89795918 3.37388259056122 210000
1683032.43959184 3.01652809906463 210000
1824062.97979592 3.01652809906463 210000
1974823.98938776 2.79793040136054 210000
2135992.99734694 2.79793040136054 210000
2308279.96755102 2.68086444557823 210000
2492459.73367347 2.68086444557823 210000
2689353.97979592 2.63344342346939 210000
2899834.84428571 2.63344342346939 210000
3124839.33530612 2.64196509226191 210000
3365376.53857143 2.64196509226191 210000
3622513.20183674 2.70151916879252 210000
3897398.96204082 2.70151916879252 210000
4191251.92979592 2.81224830654762 210000
4505387.52040816 2.81224830654762 210000
4841204.03836735 2.98504672704082 210000
5200197.09285714 2.98504672704082 210000
5583963.20163265 3.22416400255102 210000
5994217.81040816 3.22416400255102 210000
6432788.08510204 3.4846042202381 210000
6901623.72346939 3.4846042202381 210000
7402818.57836735 3.67804234778912 210000
7938603.45 3.67804234778912 210000
8511364.10530612 3.75997049744898 210000
9123655.69346939 3.75997049744898 210000
9778206.34979592 3.75358863095238 210000
10477931.6112245 3.75358863095238 210000
11225948.8318367 3.65819098894558 210000
12025587.9944898 3.65819098894558 210000
12880416.9379592 3.32181406802721 210000
13794241.3569388 3.32181406802721 210000
14771137.2369388 3.32181406802721 210000
15815450.8542857 3.32181406802721 210000
0 10219998.9368673 220000
25368.7 10219998.9368673 220000
52479.1868367347 10219998.9368673 220000
81449.7984693878 10219998.9368673 220000
112409.967040816 42608362.6764207 220000
145492.822755102 42608362.6764207 220000
180842.59 2158681.09042552 220000
218618.285408163 2158681.09042552 220000
258986.321734694 14151.025103622 220000
302124.205918367 14151.025103622 220000
348224.237142857 539.149560254252 220000
397482.412653061 539.149560254252 220000
450120.616122449 77.9066320801446 220000
506371.825408163 77.9066320801446 220000
566480.112551021 24.0579761290391 220000
630715.436020408 24.0579761290391 220000
699355.150408163 11.1931838541667 220000
772702.496734694 11.1931838541667 220000
851082.904387755 6.81833119982993 220000
934840.293061225 6.81833119982993 220000
1024344.46887755 4.88464580272109 220000
1119991.12438776 4.88464580272109 220000
1222198.1405102 3.90972900382653 220000
1331412.98265306 3.90972900382653 220000
1448123.79489796 3.36525882716837 220000
1572840.90969388 3.36525882716837 220000
1706115.33816327 3.03764912414966 220000
1848531.37397959 3.03764912414966 220000
2000717.68755102 2.84672130484694 220000
2163347.32602041 2.84672130484694 220000
2337130.31714286 2.75075661607143 220000
2522839.55571429 2.75075661607143 220000
2721284.91714286 2.71802106994048 220000
2933346.54 2.71802106994048 220000
3159956.33571429 2.72819844260204 220000
3402112.78081633 2.72819844260204 220000
3660880.91693878 2.77511759438776 220000
3937403.445 2.77511759438776 220000
4232893.32908163 2.85796957440476 220000
4548655.98479592 2.85796957440476 220000
4886081.88316327 2.97065258163265 220000
5246657.64479592 2.97065258163265 220000
5631969.73795918 3.10738839540816 220000
6043715.5727551 3.10738839540816 220000
6483710.8972449 3.26999522916667 220000
6953889.79744898 3.26999522916667 220000
7456323.18765306 3.44644667963435 220000
7993229.90459184 3.44644667963435 220000
8566965.61326531 3.57520854889456 220000
9180063.48561225 3.57520854889456 220000
9835223.10632653 3.55687232865646 220000
10535328.9631633 3.55687232865646 220000
11283465.2391837 3.34102111755952 220000
12082926.9069388 3.34102111755952 220000
12937234.5207143 2.9000658380102 220000
13850152.7068367 2.9000658380102 220000
14825697.5597959 2.9000658380102 220000
15868169.9247959 2.9000658380102 220000
0 9142915.46511151 230000
25848.3969387755 9142915.46511151 230000
53450.7107142857 9142915.46511151 230000
82932.4928571428 9142915.46511151 230000
114415.490306122 14960012.9237287 230000
148036.668367347 14960012.9237287 230000
183940.601530612 3349454.15812614 230000
222287.082653061 3349454.15812614 230000
263235.904591837 33865.7526885704 230000
306965.883163265 33865.7526885704 230000
353671.05255102 1273.30737680591 230000
403545.446938775 1273.30737680591 230000
456813.537244898 134.619592951743 230000
513695.989795918 134.619592951743 230000
574443.907653061 31.6785613956207 230000
639319.807653061 31.6785613956207 230000
708601.425 12.5070883843537 230000
782589.322448979 12.5070883843537 230000
861606.890306122 6.77921989051871 230000
945992.737244898 6.77921989051871 230000
1036112.10408163 4.62903103528912 230000
1132349.25459184 4.62903103528912 230000
1235130.30306122 3.70802654017857 230000
1344892.77755102 3.70802654017857 230000
1462112.25204082 3.25130114264456 230000
1587294.7372449 3.25130114264456 230000
1720980.48520408 3.00542939519558 230000
1863751.59846939 3.00542939519558 230000
2016220.61632653 2.86904270408163 230000
2179049.5377551 2.86904270408163 230000
2352938.40765306 2.78925724277211 230000
2538644.33979592 2.78925724277211 230000
2736966.29846939 2.74146205782313 230000
2948760.31683673 2.74146205782313 230000
3174943.30153061 2.72126601615646 230000
3416496.8372449 2.72126601615646 230000
3674455.77295918 2.73334559523809 230000
3949942.46326531 2.73334559523809 230000
4244147.74540816 2.78034815688775 230000
4558338.54846939 2.78034815688775 230000
4893876.91632653 2.86247185693027 230000
5252212.39846939 2.86247185693027 230000
5634889.65918367 2.98192018813775 230000
6043567.5005102 2.98192018813775 230000
6480011.25306122 3.13025171237245 230000
6946104.18979592 3.13025171237245 230000
7443862.74438776 3.26368191857993 230000
7975440.31581633 3.26368191857993 230000
8543134.87755102 3.32930320153061 230000
9149396.58673469 3.32930320153061 230000
9796846.80714286 3.33634962266156 230000
10488281.9137755 3.33634962266156 230000
11226696.1204082 3.34514774128401 230000
12015273.8704082 3.34514774128401 230000
12857431.6872449 3.32471391262755 230000
13756799.1515306 3.32471391262755 230000
14717272.1653061 3.32471391262755 230000
15743001.5382653 3.32471391262755 230000
0 7848598.093645 240000
26157.7959183673 7848598.093645 240000
54092.7832653061 7848598.093645 240000
83928.0575510204 7848598.093645 240000
115794.407755102 19781415.7192707 240000
149822.622857143 19781415.7192707 240000
186170.418979592 10066506.9999325 240000
224983.972040816 10066506.9999325 240000
266440.231836735 196352.140858346 240000
310716.148163265 196352.140858346 240000
358004.057755102 3070.34466436862 240000
408503.990816326 3070.34466436862 240000
462439.057959184 168.20559094898 240000
520040.063265306 168.20559094898 240000
581560.89122449 30.8842868507653 240000
647263.119795918 30.8842868507653 240000
717431.407346939 12.3916387359694 240000
792373.492653061 12.3916387359694 240000
872412.501428572 7.15676174362245 240000
957890.793061225 7.15676174362245 240000
1049185.34755102 4.95136463137755 240000
1146684.68510204 4.95136463137755 240000
1250815.79326531 3.89658196428571 240000
1362024.89326531 3.89658196428571 240000
1480800.52040816 3.33528727423469 240000
1607650.44367347 3.33528727423469 240000
1743124.74612245 2.99731156122449 240000
1887811.97816327 2.99731156122449 240000
2042335.31081633 2.80036675892857 240000
2207371.76938776 2.80036675892857 240000
2383625.30632653 2.7146486875 240000
2571865.26857143 2.7146486875 240000
2772907.16387755 2.70770052295918 240000
2987616.50755102 2.70770052295918 240000
3216928.05612245 2.74821144770408 240000
3461834.26714286 2.74821144770408 240000
3723389.14591837 2.81457563520408 240000
4002731.32591837 2.81457563520408 240000
4301072.52857143 2.89316923341837 240000
4619693.71653061 2.89316923341837 240000
4959983.56102041 2.9752649630102 240000
5323415.36142857 2.9752649630102 240000
5711554.73877551 3.07260337882653 240000
6126090.40959184 3.07260337882653 240000
6568814.9522449 3.21861901658163 240000
7041644.04061224 3.21861901658163 240000
7546620.29081633 3.42984482142857 240000
8085940.18836735 3.42984482142857 240000
8661927.16102041 3.65817256760204 240000
9277085.43306123 3.65817256760204 240000
9934073.09816327 3.78010604336735 240000
10635732.8932653 3.78010604336735 240000
11385103.7387755 3.69831484693878 240000
12185432.2787755 3.69831484693878 240000
13040184.4212245 3.39800507780612 240000
13953056.8781633 3.39800507780612 240000
14928000.2461224 3.39800507780612 240000
15969242.0865306 3.39800507780612 240000
0 10034567.8464135 250000
26030.4518367347 10034567.8464135 250000
53838.6487755102 10034567.8464135 250000
83550.2130612245 10034567.8464135 250000
115294.573673469 12723654.0087317 250000
149204.966326531 12723654.0087317 250000
185437.467142857 1119019.94875829 250000
224148.152244898 1119019.94875829 250000
265504.517959184 29893.6519690791 250000
309689.28755102 29893.6519690791 250000
356892.797755102 1244.79880297534 250000
407328.225714286 1244.79880297534 250000
461208.748571428 118.95968197534 250000
518777.997346939 118.95968197534 250000
580279.603061224 29.2884457244898 250000
645987.650612245 29.2884457244898 250000
716187.645102041 12.509112610119 250000
791187.932040816 12.509112610119 250000
871319.697346939 7.07504641879252 250000
956929.353877551 7.07504641879252 250000
1048389.96163265 4.87921081760204 250000
1146105.0344898 4.87921081760204 250000
1250504.73346939 3.89265586819728 250000
1362042.06 3.89265586819728 250000
1481204.27612245 3.37808050595238 250000
1608516.71122449 3.37808050595238 250000
1744535.14857143 3.07057564965986 250000
1889849.63204082 3.07057564965986 250000
2045103.49979592 2.88420426360544 250000
2210974.35061224 2.88420426360544 250000
2388185.46408163 2.77851979166667 250000
2577517.22081633 2.77851979166667 250000
2779791.8755102 2.73050735034014 250000
2995896.39734694 2.73050735034014 250000
3226782.47 2.73423477806122 250000
3473451.26469388 2.73423477806122 250000
3736987.70081633 2.78932933205782 250000
4018545.21897959 2.78932933205782 250000
4319357.20122449 2.88778893877551 250000
4640736.97102041 2.88778893877551 250000
4984089.21346939 3.01560005612245 250000
5350921.3955102 3.01560005612245 250000
5742836.15244898 3.16277000552721 250000
6161550.32163265 3.16277000552721 250000
6608894.94244898 3.32461967559524 250000
7086826.67653061 3.32461967559524 250000
7597439.22795918 3.50020531335034 250000
8142967.15 3.50020531335034 250000
8725797.26530612 3.69342882185374 250000
9348480.08612245 3.69342882185374 250000
10013741.2344898 3.900808625 250000
10724492.862449 3.900808625 250000
11483841.2655102 4.09867952210884 250000
12295113.5297959 4.09867952210884 250000
13161857.5320408 4.3365607869898 250000
14087868.5867347 4.3365607869898 250000
15077200.8663265 4.3365607869898 250000
16134178.8214286 4.3365607869898 250000
0 12878423.8523653 260000
26262.0685714286 12878423.8523653 260000
54319.2756122449 12878423.8523653 260000
84290.7844897959 12878423.8523653 260000
116311.134489796 10122011.9377322 260000
150518.708877551 10122011.9377322 260000
187063.422857143 493168.349186098 260000
226106.723571429 493168.349186098 260000
267813.902142857 30835.1031386639 260000
312373.313571429 30835.1031386639 260000
359973.312857143 2400.72376320217 260000
410829.162857143 2400.72376320217 260000
465159.970408163 254.363921658801 260000
523200.218265306 254.363921658801 260000
585207.453061224 44.1862170682398 260000
651450.753367347 44.1862170682398 260000
722218.417653061 13.9059565465561 260000
797817.964285714 13.9059565465561 260000
878587.663469388 7.13032587755102 260000
964873.473367347 7.13032587755102 260000
1057055.94795918 4.8211992869898 260000
1155534.86112245 4.8211992869898 260000
1260740.73857143 3.79487275255102 260000
1373134.85785714 3.79487275255102 260000
1493205.40438776 3.28318301084184 260000
1621482.84734694 3.28318301084184 260000
1758524.56377551 3.00873888456633 260000
1904926.3705102 3.00873888456633 260000
2061330.21214286 2.84956609630102 260000
2228420.31704082 2.84956609630102 260000
2406923.19734694 2.76472626339286 260000
2597623.02489796 2.76472626339286 260000
2801353.94326531 2.74662752614796 260000
3019000.0677551 2.74662752614796 260000
3251518.54928571 2.78135948341837 260000
3499920.3544898 2.78135948341837 260000
3765293.32959184 2.84691535204082 260000
4048794.51244898 2.84691535204082 260000
4351669.35244898 2.93360510012755 260000
4675232.49061225 2.93360510012755 260000
5020898.51142857 3.04750702040816 260000
5390185.78683674 3.04750702040816 260000
5784697.25632653 3.19589264094388 260000
6206166.55469388 3.19589264094388 260000
6656427.26020408 3.377833 260000
7137447.49040816 3.377833 260000
7651333.74612245 3.58673727423469 260000
8200327.06744898 3.58673727423469 260000
8786826.09765306 3.81900974107143 260000
9413394.77112245 3.81900974107143 260000
10082773.8453061 4.06111638903061 260000
10797877.0567347 4.06111638903061 260000
11561841.0927551 4.2199848622449 260000
12377994.8396939 4.2199848622449 260000
13249909.3545918 3.97661290433674 260000
14181394.0212245 3.97661290433674 260000
15176515.77 3.97661290433674 260000
16239622.1418367 3.97661290433674 260000
0 8807225.4289659 270000
26878.3004081633 8807225.4289659 270000
55584.8951020408 8807225.4289659 270000
86238.5044897959 8807225.4289659 270000
118977.635714286 9765175.17108646 270000
153936.838571429 9765175.17108646 270000
191274.406938776 5660506.24091964 270000
231144.677346939 5660506.24091964 270000
273721.773061224 30080.5229919609 270000
319195.646734694 30080.5229919609 270000
367756.251020408 1076.49012008461 270000
419613.325306122 1076.49012008461 270000
474996.395714286 147.194747814201 270000
534138.945714286 147.194747814201 270000
597298.202857143 38.3748219778912 270000
664747.224081632 38.3748219778912 270000
736778.853061224 14.0198661339286 270000
813701.762857143 14.0198661339286 270000
895848.370612245 7.05774688690476 270000
983578.794897959 7.05774688690476 270000
1077265.02632653 4.75641773044218 270000
1177314.67163265 4.75641773044218 270000
1284163.03897959 3.86257672406463 270000
1398265.22326531 3.86257672406463 270000
1520119.85020408 3.40783633843537 270000
1650249.28959184 3.40783633843537 270000
1789219.44204082 3.11941170238095 270000
1937627.86693878 3.11941170238095 270000
2096115.6544898 2.94086939965986 270000
2265371.38306122 2.94086939965986 270000
2446119.24714286 2.84590131760204 270000
2639146.75877551 2.84590131760204 270000
2845284.96081633 2.80588264668367 270000
3065424.25632653 2.80588264668367 270000
3300518.36591837 2.79534621045918 270000
3551576.41306122 2.79534621045918 270000
3819690.6255102 2.80584142431973 270000
4106016.54857143 2.80584142431973 270000
4411788.8744898 2.85743533503401 270000
4738329.35714286 2.85743533503401 270000
5087050.76938775 2.97929688732993 270000
5459456.90306122 2.97929688732993 270000
5857158.39836735 3.16745224532313 270000
6281872.74387755 3.16745224532313 270000
6735436.14857143 3.37669696471088 270000
7219807.49918367 3.37669696471088 270000
7737076.27489796 3.56925487117347 270000
8289482.33408163 3.56925487117347 270000
8879407.99959183 3.73319621258503 270000
9509401.80285714 3.73319621258503 270000
10182190.3559184 3.81407449064626 270000
10900674.3940816 3.81407449064626 270000
11667960.4346939 3.71498417219388 270000
12487360.7771429 3.71498417219388 270000
13362417.2469388 3.34766817602041 270000
14296913.0677551 3.34766817602041 270000
15294880.7761224 3.34766817602041 270000
16360633.8802041 3.34766817602041 270000
0 9552427.89051656 280000
27268.65 9552427.89051656 280000
56367.9 9552427.89051656 280000
87431.4 9552427.89051656 280000
120584.7 17374722.9446531 280000
155969.55 17374722.9446531 280000
193735.8 14130997.3540744 280000
234045.45 14130997.3540744 280000
277072.65 153056.523864375 280000
322991.55 153056.523864375 280000
372004.65 3115.474025625 280000
424318.5 3115.474025625 280000
480151.8 232.46159625 280000
539743.5 232.46159625 280000
603348.75 41.11489125 280000
671238.9 41.11489125 280000
743693.4 14.1914446875 280000
821032.2 14.1914446875 280000
903575.25 7.50006 280000
991674.9 7.50006 280000
1085707.8 5.04282375 280000
1186070.85 5.04282375 280000
1293189.3 3.94686 280000
1407520.8 3.94686 280000
1529547.3 3.392533125 280000
1659791.25 3.392533125 280000
1798807.5 3.074878125 280000
1947179.25 3.074878125 280000
2105538.3 2.875905 280000
2274561 2.875905 280000
2454964.2 2.759551875 280000
2647513.35 2.759551875 280000
2853026.55 2.7213890625 280000
3072374.55 2.7213890625 280000
3306488.85 2.7521353125 280000
3556365.75 2.7521353125 280000
3823066.35 2.8350759375 280000
4107724.65 2.8350759375 280000
4411547.55 2.953006875 280000
4735822.95 2.953006875 280000
5081931.9 3.0772828125 280000
5451340.5 3.0772828125 280000
5845620.15 3.165868125 280000
6266447.55 3.165868125 280000
6715604.7 3.1984115625 280000
7195003.2 3.1984115625 280000
7706676.15 3.2104265625 280000
8252798.4 3.2104265625 280000
8835686.55 3.288785625 280000
9457823.25 3.288785625 280000
10121841 3.5559253125 280000
10830562.65 3.5559253125 280000
11587005.45 4.173845625 280000
12394368.9 4.173845625 280000
13256095.5 5.6129034375 280000
14175834.3 5.6129034375 280000
15157493.55 5.6129034375 280000
16205244.75 5.6129034375 280000
0 8430219.76740154 290000
27460.6328571429 8430219.76740154 290000
56770.7134693877 8430219.76740154 290000
88056.5257142857 8430219.76740154 290000
121452.500816327 11417940.7938701 290000
157097.143673469 11417940.7938701 290000
195149.32755102 2132549.55251454 290000
235759.778367347 2132549.55251454 290000
279111.811428571 84074.3777157419 290000
325388.742040816 84074.3777157419 290000
374782.032857143 4720.99951664881 290000
427503.514897959 4720.99951664881 290000
483781.313877551 363.050574644983 290000
543851.702857143 363.050574644983 290000
607971.323265306 52.7864995667517 290000
676409.03755102 52.7864995667517 290000
749466.29755102 15.4268741262755 290000
827444.555102041 15.4268741262755 290000
910681.925102041 7.61837195195578 290000
999528.743469388 7.61837195195578 290000
1094363.86183673 5.04695044260204 290000
1195590.57387755 5.04695044260204 290000
1303640.68897959 3.89842912882653 290000
1418978.60591837 3.89842912882653 290000
1542085.01816327 3.32581491496599 290000
1673493.57693878 3.32581491496599 290000
1813758.30183673 3.03405502636054 290000
1963482.09653061 3.03405502636054 290000
2123292.30673469 2.88467851232993 290000
2293881.45693878 2.88467851232993 290000
2475962.44 2.81627474532313 290000
2670321.47489796 2.81627474532313 290000
2877781.44367347 2.79181573086735 290000
3099226.33346939 2.79181573086735 290000
3335597.16285714 2.78846343707483 290000
3587900.12918367 2.78846343707483 290000
3857214.75591837 2.80965502593537 290000
4144677.59795918 2.80965502593537 290000
4451518.90469388 2.87814366113946 290000
4779046.32530612 2.87814366113946 290000
5128648.98244898 3.01030041794218 290000
5501817.84061224 3.01030041794218 290000
5900141.63244898 3.19797794940476 290000
6325319.07979592 3.19797794940476 290000
6779150.74632653 3.41197310884354 290000
7263575.70061224 3.41197310884354 290000
7780655.22142857 3.61623388605442 290000
8332593.16612245 3.61623388605442 290000
8921731.89693877 3.7891528380102 290000
9550580.79673469 3.7891528380102 290000
10221824.4163265 3.9360596875 290000
10938310.2534694 3.9360596875 290000
11703097.6369388 4.05568989838435 290000
12519433.2844898 4.05568989838435 290000
13390796.1132653 4.03777422193877 290000
14320897.2397959 4.03777422193877 290000
15313696.2746939 4.03777422193877 290000
16373413.5436735 4.03777422193877 290000
0 9217528.94977067 300000
27934.7608163265 9217528.94977067 300000
57734.347755102 9217528.94977067 300000
89528.3787755102 9217528.94977067 300000
123442.290612245 13443518.7043914 300000
159622.426122449 13443518.7043914 300000
198223.490612245 12442330.3164192 300000
239400.189387755 12442330.3164192 300000
283328.133877551 599578.405834615 300000
330191.297959184 599578.405834615 300000
380186.199183673 8201.98887127551 300000
433517.71755102 8201.98887127551 300000
490415.820408163 383.186828806122 300000
551114.656326531 383.186828806122 300000
615869.28 50.9549539217687 300000
684951.471020408 50.9549539217687 300000
758645.552653061 15.0527914421769 300000
837265.116734694 15.0527914421769 300000
921136.29877551 7.50631713265306 300000
1010610.32163265 7.50631713265306 300000
1106063.4955102 5.04687733333333 300000
1207888.8555102 5.04687733333333 300000
1316521.24897959 3.98651009183673 300000
1432412.24816327 3.98651009183673 300000
1556046.87510204 3.43940557823129 300000
1687939.42040816 3.43940557823129 300000
1828641.80571429 3.11594430952381 300000
1978747.76489796 3.11594430952381 300000
2138880.30040816 2.91075942857143 300000
2309708.40816327 2.91075942857143 300000
2491951.25877551 2.78932970068027 300000
2686374.01632653 2.78932970068027 300000
2893779.47591837 2.74016546938776 300000
3115045.69469388 2.74016546938776 300000
3351092.54204082 2.75021782993197 300000
3602910.96816326 2.75021782993197 300000
3871554.64163265 2.80181239795918 300000
4158144.13061224 2.80181239795918 300000
4463879.44653061 2.88561981632653 300000
4790040.04408163 2.88561981632653 300000
5137993.18367347 3.00403557823129 300000
5509189.75020408 3.00403557823129 300000
5905189.34040816 3.15765202380952 300000
6327643.53795918 3.15765202380952 300000
6778321.00081632 3.33065889795918 300000
7259111.64244898 3.33065889795918 300000
7772018.26938775 3.48439729591837 300000
8319194.2122449 3.48439729591837 300000
8902926.60081632 3.57177617687075 300000
9525657.27020408 3.57177617687075 300000
10189991.1232653 3.56884060884354 300000
10898708.6742857 3.56884060884354 300000
11654774.4114286 3.50046016666667 300000
12461353.5216327 3.50046016666667 300000
13321820.2530612 3.41260218707483 300000
14239774.64 3.41260218707483 300000
15219055.0465306 3.41260218707483 300000
16263759.0726531 3.41260218707483 300000
0 7648.15806501467 30000
19391.7630612245 7648.15806501467 30000
40193.447755102 7648.15806501467 30000
62506.5257142857 7648.15806501467 30000
86440.4794897959 198.899270267219 30000
112110.132244898 198.899270267219 30000
139646.328979592 129.86175434375 30000
169179.914693878 129.86175434375 30000
200860.426530612 74.4543542818878 30000
234840.071938775 74.4543542818878 30000
271287.080204082 27.7214826007653 30000
310383.032142857 27.7214826007653 30000
352317.519489796 14.047006278699 30000
397298.826122449 14.047006278699 30000
445545.917142857 8.91931200510204 30000
497296.449795918 8.91931200510204 30000
552804.103163265 6.37735859693878 30000
612346.589081633 6.37735859693878 30000
676209.630306122 4.88943064668367 30000
744713.663571429 4.88943064668367 30000
818189.806836735 4.0076232442602 30000
897003.892040816 4.0076232442602 30000
981543.113571429 3.47407382844388 30000
1072218.69857143 3.47407382844388 30000
1169481.92877551 3.12614963010204 30000
1273808.11867347 3.12614963010204 30000
1385712.63734694 2.8873630682398 30000
1505742.89755102 2.8873630682398 30000
1634489.03693878 2.72952016071429 30000
1772589.25867347 2.72952016071429 30000
1920713.80959184 2.62443248852041 30000
2079599.69418367 2.62443248852041 30000
2250023.97153061 2.54298258864796 30000
2432825.1177551 2.54298258864796 30000
2628900.35571429 2.48119281760204 30000
2839216.33622449 2.48119281760204 30000
3064809.13806122 2.45617538711735 30000
3306781.59765306 2.45617538711735 30000
3566330.01214286 2.48318442091837 30000
3844728.11755102 2.48318442091837 30000
4143343.11061224 2.57239489795918 30000
4463646.33 2.57239489795918 30000
4807210.58602041 2.72946452933673 30000
5175726.18244898 2.72946452933673 30000
5571006.25714286 2.94211547002551 30000
5994992.12265306 2.94211547002551 30000
6449771.95836735 3.16785647385204 30000
6937578.14020408 3.16785647385204 30000
7460811.27336735 3.33564627168367 30000
8022045.53295918 3.33564627168367 30000
8624039.34520408 3.3682796377551 30000
9269751.40928571 3.3682796377551 30000
9962359.3894898 3.24358746811224 30000
10705265.2558163 3.24358746811224 30000
11502127.3276531 2.94338386543367 30000
12356860.2737755 2.94338386543367 30000
13273669.8263265 2.94338386543367 30000
14257060.7917347 2.94338386543367 30000
0 4257616.19752389 40000
19971.0418367347 4257616.19752389 40000
41384.7744897959 4257616.19752389 40000
64346.2214285714 4257616.19752389 40000
88965.9336734694 179.182625469813 40000
115365.517346939 179.182625469813 40000
143672.106122449 73.6418003380102 40000
174023.88877551 73.6418003380102 40000
206567.345408163 42.7394563297194 40000
241465.53877551 42.7394563297194 40000
278884.295408163 30.4242396343537 40000
319006.024489796 30.4242396343537 40000
362026.954081633 17.8500514158163 40000
408157.131122449 17.8500514158163 40000
457620.421428571 9.54081216517857 40000
510657.273469388 9.54081216517857 40000
567527.482142857 6.13664683779762 40000
628507.425 6.13664683779762 40000
693892.826020408 4.8543644005102 40000
764001.519387755 4.8543644005102 40000
839178.977040816 4.16384660501701 40000
919784.489795918 4.16384660501701 40000
1006218.80510204 3.64505139455782 40000
1098896.48928571 3.64505139455782 40000
1198270.80153061 3.24293933142007 40000
1304828.16632653 3.24293933142007 40000
1419082.64591837 2.95355476190476 40000
1541592.52295918 2.95355476190476 40000
1672957.53673469 2.76442614902211 40000
1813813.35561224 2.76442614902211 40000
1964845.39591837 2.64145541241497 40000
2126794.3494898 2.64145541241497 40000
2300442.36479592 2.55939431122449 40000
2486637.92091837 2.55939431122449 40000
2686290.3 2.51589939413265 40000
2900366.82346939 2.51589939413265 40000
3129912.19846939 2.50962907844388 40000
3376045.75408163 2.50962907844388 40000
3639964.20510204 2.52987373405612 40000
3922952.70714286 2.52987373405612 40000
4226387.62040816 2.57346653486395 40000
4551750.32857143 2.57346653486395 40000
4900621.71122449 2.65874628295068 40000
5274704.25408163 2.65874628295068 40000
5675816.52142857 2.81786490008503 40000
6105912.50255102 2.81786490008503 40000
6567084.3755102 3.08948645408163 40000
7061581.85357143 3.08948645408163 40000
7591809.42142857 3.50322364795918 40000
8160351.20918367 3.50322364795918 40000
8769976.51989796 3.98914720344388 40000
9423648.12091837 3.98914720344388 40000
10124558.1729592 4.30938241709184 40000
10876111.647449 4.30938241709184 40000
11681970.5469388 4.23712120323129 40000
12546059.4326531 4.23712120323129 40000
13472587.5346939 4.23712120323129 40000
14466065.3346939 4.23712120323129 40000
0 6616236.1477167 50000
20213.1339795918 6616236.1477167 50000
41875.9053061224 6616236.1477167 50000
65092.6653061224 6616236.1477167 50000
89970.5856122449 201339.446434135 50000
116633.759693878 201339.446434135 50000
145209.101326531 1246.49755968367 50000
175829.164897959 1246.49755968367 50000
208646.246938776 90.2118216715561 50000
243815.464285714 90.2118216715561 50000
281503.215 30.1664937149235 50000
321895.639285714 30.1664937149235 50000
365178.877346939 15.2979397232143 50000
411567.27244898 15.2979397232143 50000
461280.808469388 9.05932269451531 50000
514556.391122449 9.05932269451531 50000
571650.668265306 6.50584103380102 50000
632834.389285714 6.50584103380102 50000
698406.506632653 5.17502670918367 50000
768677.253979592 5.17502670918367 50000
843985.068061224 4.24886168112245 50000
924690.948061225 4.24886168112245 50000
1011181.27591837 3.59144832397959 50000
1103870.63663265 3.59144832397959 50000
1203201.81826531 3.15481205548469 50000
1309654.27285714 3.15481205548469 50000
1423735.6555102 2.88683596875 50000
1545993.10561224 2.88683596875 50000
1677013.24683673 2.72933949872449 50000
1817425.00744898 2.72933949872449 50000
1967899.62030612 2.62826090242347 50000
2129159.08377551 2.62826090242347 50000
2301978.98204082 2.55346990943878 50000
2487182.8444898 2.55346990943878 50000
2685661.88785714 2.50319207716837 50000
2898366.55530612 2.50319207716837 50000
3126314.97734694 2.48743361670918 50000
3370601.4327551 2.48743361670918 50000
3632399.16887755 2.51434991326531 50000
3912960.40163265 2.51434991326531 50000
4213627.59673469 2.58980485331633 50000
4535847.57122449 2.58980485331633 50000
4881160.2122449 2.70966786352041 50000
5251223.85979592 2.70966786352041 50000
5647809.66612245 2.84397319132653 50000
6072821.33785714 2.84397319132653 50000
6528295.13602041 2.95815445982143 50000
7016413.97755102 2.95815445982143 50000
7539518.71653061 3.06807001530612 50000
8100113.78479592 3.06807001530612 50000
8700889.75438775 3.25795887627551 50000
9344726.15785714 3.25795887627551 50000
10034708.410102 3.66285494961735 50000
10774144.7302041 3.66285494961735 50000
11566577.4226531 4.88827795982143 50000
12415805.4397959 4.88827795982143 50000
13325901.3036735 4.88827795982143 50000
14301228.0278571 4.88827795982143 50000
0 6258679.30867759 60000
20354.3742857143 6258679.30867759 60000
42171.1346938776 6258679.30867759 60000
65552.3081632653 6258679.30867759 60000
90614.0920408163 14407723.4191007 60000
117478.351836735 14407723.4191007 60000
146269.787142857 7769.81585240434 60000
177127.267959184 7769.81585240434 60000
210203.834693878 167.722734130102 60000
245655.361836735 167.722734130102 60000
283651.894285714 33.2943068647959 60000
324377.647346939 33.2943068647959 60000
368028.172653061 15.0317032844388 60000
414816.026326531 15.0317032844388 60000
464959.432653061 9.34053672321429 60000
518707.790816327 9.34053672321429 60000
576316.168163265 6.70421494515306 60000
638059.470612245 6.70421494515306 60000
704240.944897959 5.17029187882653 60000
775172.34 5.17029187882653 60000
851199.413877551 4.20916623214286 60000
932687.763061224 4.20916623214286 60000
1020025.65673469 3.58204301020408 60000
1113638.20714286 3.58204301020408 60000
1213973.19918367 3.16776522321429 60000
1321515.26081633 3.16776522321429 60000
1436780.19489796 2.90181027933673 60000
1560323.48142857 2.90181027933673 60000
1692737.44346939 2.7347175497449 60000
1834665.41755102 2.7347175497449 60000
1986781.91510204 2.62055719897959 60000
2149826.63142857 2.62055719897959 60000
2324581.77306122 2.53816808418367 60000
2511886.22816327 2.53816808418367 60000
2712641.23469388 2.49311209056122 60000
2927816.04857143 2.49311209056122 60000
3158445.10959184 2.49511956505102 60000
3405639.3777551 2.49511956505102 60000
3670583.49918367 2.54164573852041 60000
3954558.47877551 2.54164573852041 60000
4258927.50979592 2.62232259566326 60000
4585155.81244898 2.62232259566326 60000
4934813.46795918 2.74066912117347 60000
5309583.92081633 2.74066912117347 60000
5711269.64693878 2.9081869630102 60000
6141803.49 2.9081869630102 60000
6603259.9977551 3.119367375 60000
7097858.25612245 3.119367375 60000
7627976.05959184 3.37706215178571 60000
8196166.91571429 3.37706215178571 60000
8805165.71326531 3.72446742091837 60000
9457905.72673469 3.72446742091837 60000
10157521.4504082 4.18478132142857 60000
10907382.6073469 4.18478132142857 60000
11711099.817551 4.68111758035714 60000
12572541.602449 4.68111758035714 60000
13495848.5553061 4.68111758035714 60000
14485470.1842857 4.68111758035714 60000
0 11629962.7937351 70000
20644.2934693878 11629962.7937351 70000
42768.3302040816 11629962.7937351 70000
66475.9518367347 11629962.7937351 70000
91879.6534693877 6319384.53226659 70000
119100.583673469 6319384.53226659 70000
148271.428979592 22874.708323807 70000
179527.760408163 22874.708323807 70000
213022.455918367 424.600647795918 70000
248914.16244898 424.600647795918 70000
287375.949387755 58.877803087585 70000
328592.424081633 58.877803087585 70000
372753.962857143 20.5532277227891 70000
420079.786938776 20.5532277227891 70000
470792.002040816 10.5500514753401 70000
525135.789795918 10.5500514753401 70000
583364.985306122 6.91581667857143 70000
645765.153061224 6.91581667857143 70000
712630.511020408 5.20599929591837 70000
784284.122040816 5.20599929591837 70000
861063.471428571 4.19832682312925 70000
943337.773877551 4.19832682312925 70000
1031502.2044898 3.55803018197279 70000
1125975.01428571 3.55803018197279 70000
1227211.95265306 3.13886573979592 70000
1335694.72938776 3.13886573979592 70000
1451942.55265306 2.86337893622449 70000
1576509.2444898 2.86337893622449 70000
1709991.89428571 2.68952833248299 70000
1853027.97428571 2.68952833248299 70000
2006301.10857143 2.59399763605442 70000
2170546.84204082 2.59399763605442 70000
2346546.87142857 2.55622283843537 70000
2535143.4677551 2.55622283843537 70000
2737242.36081633 2.55204633758503 70000
2953801.20122449 2.55204633758503 70000
3185864.17428571 2.56719591836735 70000
3434533.15510204 2.56719591836735 70000
3701002.32244898 2.60407532227891 70000
3986543.73632653 2.60407532227891 70000
4292524.64489796 2.66862780017007 70000
4620401.7155102 2.66862780017007 70000
4971749.87959184 2.76812467006803 70000
5348245.02571429 2.76812467006803 70000
5751684.19102041 2.91561824829932 70000
6184002.86816326 2.91561824829932 70000
6647263.46734694 3.10922760714286 70000
7143681.27673469 3.10922760714286 70000
7675627.34693878 3.33081050765306 70000
8245651.56693877 3.33081050765306 70000
8856471.12612245 3.59657417687075 70000
9511010.89714286 3.59657417687075 70000
10212397.6669388 3.9779097372449 70000
10963986.0971429 3.9779097372449 70000
11769370.2620408 4.81688763180272 70000
12632398.0710204 4.81688763180272 70000
13557197.2289796 4.81688763180272 70000
14548186.7742857 4.81688763180272 70000
0 6536298.88154158 80000
21067.3653061224 6536298.88154158 80000
43634.0395918367 6536298.88154158 80000
67800.7669387755 6536298.88154158 80000
93689.0328571429 1583727.62978227 80000
121420.322857143 1583727.62978227 80000
151119.085510204 1764.1859733631 80000
182930.510816327 1764.1859733631 80000
217005.714897959 230.216739423895 80000
253501.74 230.216739423895 80000
292593.406734694 78.6414412538265 80000
334464.424897959 78.6414412538265 80000
379310.356530612 24.4654286105442 80000
427347.505102041 24.4654286105442 80000
478798.100204082 11.1617096526361 80000
533908.075918367 11.1617096526361 80000
592938.181632653 7.07264812457483 80000
656161.018979592 7.07264812457483 80000
723881.783265306 5.23903176232993 80000
796417.522040816 5.23903176232993 80000
874111.950408163 4.19226865433673 80000
957326.561836735 4.19226865433673 80000
1046461.36959184 3.55507468409864 80000
1141931.2022449 3.55507468409864 80000
1244189.40816327 3.16893842219388 80000
1353718.96632653 3.16893842219388 80000
1471035.44938776 2.90584327763605 80000
1596692.94979592 2.90584327763605 80000
1731284.07979592 2.71059606207483 80000
1875445.89755102 2.71059606207483 80000
2029859.90714286 2.57683236692177 80000
2195249.0955102 2.57683236692177 80000
2372398.67387755 2.50755229166667 80000
2562144.2255102 2.50755229166667 80000
2765377.63183673 2.49486668579932 80000
2983064.85081633 2.49486668579932 80000
3216228.13857143 2.51993541836735 80000
3465966.79081633 2.51993541836735 80000
3733466.03204082 2.57314705952381 80000
4019982.20020408 2.57314705952381 80000
4326869.41428571 2.66240310586735 80000
4655576.61122449 2.66240310586735 80000
5007656.43510204 2.79888294047619 80000
5384768.20020408 2.79888294047619 80000
5788692.70632653 2.9855743167517 80000
6221335.20183674 2.9855743167517 80000
6684737.23591837 3.21617455654762 80000
7181091.47387755 3.21617455654762 80000
7712732.80795918 3.45983078486395 80000
8282173.91408163 3.45983078486395 80000
8892105.25183674 3.65533726828231 80000
9545398.02755102 3.65533726828231 80000
10245142.7140816 3.7327781079932 80000
10994640.1616327 3.7327781079932 80000
11797425.3022449 3.62260161479592 80000
12657290.8542857 3.62260161479592 80000
13578290.2855102 3.62260161479592 80000
14564773.3697959 3.62260161479592 80000
0 6776640.73823859 90000
21228.4441836735 6776640.73823859 90000
43972.9934693877 6776640.73823859 90000
68343.6397959184 6776640.73823859 90000
94453.3478571429 60391.0886131263 90000
122426.973367347 60391.0886131263 90000
152398.290306122 1254.18383746301 90000
184509.990918367 1254.18383746301 90000
218916.658469388 198.667185893495 90000
255778.821734694 198.667185893495 90000
295271.873265306 58.5273671058673 90000
337586.069387755 58.5273671058673 90000
382923.55744898 23.0579457991071 90000
431498.375816326 23.0579457991071 90000
483542.399387755 11.313556536352 90000
539299.394081632 11.313556536352 90000
599042.853367347 7.00903811479592 90000
663049.243469388 7.00903811479592 90000
731627.730918367 5.14157193941326 90000
805105.31877551 5.14157193941326 90000
883826.846632653 4.17580431887755 90000
968172.827142857 4.17580431887755 90000
1058538.63673469 3.60727109885204 90000
1155361.27040816 3.60727109885204 90000
1259095.55969388 3.24276177742347 90000
1370237.95469388 3.24276177742347 90000
1489320.57857143 3.00224111670918 90000
1616902.30928571 3.00224111670918 90000
1753598.50714286 2.82925154272959 90000
1900054.26 2.82925154272959 90000
2056971.13806122 2.6893400625 90000
2225092.33010204 2.6893400625 90000
2405217.5072449 2.58244474362245 90000
2598208.76846939 2.58244474362245 90000
2804978.74959184 2.52476090816327 90000
3026517.37806122 2.52476090816327 90000
3263874.03642857 2.52664365306122 90000
3518184.31714286 2.52664365306122 90000
3790652.18602041 2.58565284183673 90000
4082576.73704082 2.58565284183673 90000
4395352.19234694 2.69069638201531 90000
4730458.98397959 2.69069638201531 90000
5089499.42693877 2.83462727487245 90000
5474179.88265306 2.83462727487245 90000
5886328.5955102 3.02514991071429 90000
6327910.55663265 3.02514991071429 90000
6801027.50387755 3.26394885076531 90000
7307929.81285714 3.26394885076531 90000
7851031.36071428 3.51656490880102 90000
8432915.47163265 3.51656490880102 90000
9056355.72612245 3.74443897385204 90000
9724315.96102041 3.74443897385204 90000
10439974.0515306 3.92352269579082 90000
11206739.7477551 3.92352269579082 90000
12028263.5929592 3.99406989030612 90000
12908451.7873469 3.99406989030612 90000
13851495.9156122 3.99406989030612 90000
14861884.8379592 3.99406989030612 90000
0 96162.7447481633 hpsmc
8124.10775510204 96162.7447481633 hpsmc
16856.3853061225 96162.7447481633 hpsmc
26243.4481632653 96162.7447481633 hpsmc
36334.08 341.099370176871 hpsmc
47181.4008163265 341.099370176871 hpsmc
58840.6987755102 46.9360754013605 hpsmc
71373.7665306122 46.9360754013605 hpsmc
84846.7330612245 17.693619292517 hpsmc
99328.9795918367 17.693619292517 hpsmc
114896.391836735 7.64200084353741 hpsmc
131630.275918367 7.64200084353741 hpsmc
149618.44244898 4.43509540136054 hpsmc
168955.206530612 4.43509540136054 hpsmc
189740.303673469 3.2813231292517 hpsmc
212083.226122449 3.2813231292517 hpsmc
236099.970612245 2.68994304761905 hpsmc
261917.374693878 2.68994304761905 hpsmc
289668.780408163 2.26003466666667 hpsmc
319499.454693877 2.26003466666667 hpsmc
351566.589387755 1.89984854421769 hpsmc
386036.048979592 1.89984854421769 hpsmc
423088.875102041 1.60397556462585 hpsmc
462919.118367347 1.60397556462585 hpsmc
505732.754285714 1.37674979591837 hpsmc
551755.271836735 1.37674979591837 hpsmc
601227.337142857 1.21471346938776 hpsmc
654405.87755102 1.21471346938776 hpsmc
711570.586122449 1.10902680272109 hpsmc
773018.50122449 1.10902680272109 hpsmc
839071.595102041 1.05101036734694 hpsmc
910073.521632653 1.05101036734694 hpsmc
986397.204897959 1.03460234013605 hpsmc
1068440.50285714 1.03460234013605 hpsmc
1156631.6277551 1.0564262585034 hpsmc
1251431.31428571 1.0564262585034 hpsmc
1353336.07183673 1.11603493877551 hpsmc
1462876.01632653 1.11603493877551 hpsmc
1580625.71102041 1.21746206802721 hpsmc
1707199.83020408 1.21746206802721 hpsmc
1843258.57959184 1.37156427210884 hpsmc
1989513.11673469 1.37156427210884 hpsmc
2146727.71918367 1.59826832653061 hpsmc
2315724.12081633 1.59826832653061 hpsmc
2497384.76408163 1.92806628571429 hpsmc
2692659.3044898 1.92806628571429 hpsmc
2902566.77877551 2.40171961904762 hpsmc
3128204.27755102 2.40171961904762 hpsmc
3370751.28163265 3.06539213605442 hpsmc
3631473.99836735 3.06539213605442 hpsmc
3911735.11836735 3.95621589115646 hpsmc
4212998.15183673 3.95621589115646 hpsmc
4536837.18530612 5.06791902040816 hpsmc
4884945.55428571 5.06791902040816 hpsmc
5259139.0955102 6.54987216326531 hpsmc
5661374.57632653 6.54987216326531 hpsmc
6093752.94693878 6.54987216326531 hpsmc
6558533.43346939 6.54987216326531 hpsmc
