0 5735285.01752548 100000
21930.0930612245 5735285.01752548 100000
45421.3530612245 5735285.01752548 100000
70593.6333673469 5735285.01752548 100000
97557.5678571429 4781528.0501554 100000
126448.375714286 4781528.0501554 100000
157401.276122449 3579.14574849681 100000
190560.707755102 3579.14574849681 100000
226086.475102041 270.402968347577 100000
264147.602142857 270.402968347577 100000
304925.405510204 70.0797044330357 100000
348613.494489796 70.0797044330357 100000
395417.771020408 22.7409984081633 100000
445562.576020408 22.7409984081633 100000
499284.543061224 11.6286193086735 100000
556841.817857143 11.6286193086735 100000
618504.83877551 7.94291698278061 100000
684565.556326531 7.94291698278061 100000
755343.579489796 5.86054795663265 100000
831170.809897959 5.86054795663265 100000
912406.807653061 4.52338260778061 100000
999441.864489796 4.52338260778061 100000
1092687.78428571 3.71649798278061 100000
1192587.10255102 3.71649798278061 100000
1299613.08642857 3.24611833290816 100000
1414275.88102041 3.24611833290816 100000
1537122.50938775 2.97242113201531 100000
1668733.79938775 2.97242113201531 100000
1809739.7494898 2.81877577359694 100000
1960804.16295918 2.81877577359694 100000
2122646.16 2.73371317538265 100000
2296040.1777551 2.73371317538265 100000
2481803.67765306 2.68117488839286 100000
2680824.80387755 2.68117488839286 100000
2894047.01755102 2.65059051147959 100000
3122481.38938776 2.65059051147959 100000
3367218.89234694 2.65464324553571 100000
3629418.10897959 2.65464324553571 100000
3910329.81673469 2.70769372640306 100000
4211284.69530612 2.70769372640306 100000
4533711.76561224 2.80799409247449 100000
4879147.60928571 2.80799409247449 100000
5249233.2955102 2.94327089795918 100000
5645726.67367347 2.94327089795918 100000
6070511.59285714 3.11030372385204 100000
6525610.1944898 3.11030372385204 100000
7013179.83918367 3.32708338010204 100000
7535540.76520408 3.32708338010204 100000
8095176.08846939 3.61578786160714 100000
8694744.09520408 3.61578786160714 100000
9337093.6077551 3.93653647257653 100000
10025279.3504082 3.93653647257653 100000
10762574.2420408 4.15851489668367 100000
11552475.542449 4.15851489668367 100000
12398744.8034694 4.1530920440051 100000
13305395.5763265 4.1530920440051 100000
14276745.6554082 4.1530920440051 100000
15317404.7856122 4.1530920440051 100000
0 4925408.66459951 10000
19564.4313265306 4925408.66459951 10000
40553.7307142857 4925408.66459951 10000
63072.5494897959 4925408.66459951 10000
87236.2724489796 2856.27713223597 10000
113157.601020408 2856.27713223597 10000
140973.386938776 87.6521273035714 10000
170812.431836735 87.6521273035714 10000
202830.371020408 37.7473142034439 10000
237180.156428571 37.7473142034439 10000
274036.206938775 22.4401290280612 10000
313578.308163265 22.4401290280612 10000
356005.029285714 13.1009093620323 10000
401522.989591837 13.1009093620323 10000
450360.275306122 8.36864569664116 10000
502758.389489796 8.36864569664116 10000
558974.935408163 6.05685764306973 10000
619291.666632653 6.05685764306973 10000
684006.436938775 4.88371180038265 10000
753438.567040816 4.88371180038265 10000
827931.527959184 4.14950895216837 10000
907855.624387755 4.14950895216837 10000
993607.994693877 3.61469147852891 10000
1085612.61091837 3.61469147852891 10000
1184325.6455102 3.21492005697279 10000
1290232.78795918 3.21492005697279 10000
1403862.66163265 2.94564414370748 10000
1525776.09030612 2.94564414370748 10000
1656579.515 2.78317184119898 10000
1796916.94387755 2.78317184119898 10000
1947488.73581633 2.68256792708333 10000
2109035.50020408 2.68256792708333 10000
2282362.2472449 2.61420914392007 10000
2468324.97112245 2.61420914392007 10000
2667844.06683673 2.56285061096939 10000
2881909.69693878 2.56285061096939 10000
3111584.47489796 2.53108065965136 10000
3358000.78173469 2.53108065965136 10000
3622384.91632653 2.5428036207483 10000
3906043.67857143 2.5428036207483 10000
4210383.15295918 2.61901125340136 10000
4536908.70857143 2.61901125340136 10000
4887243.78265306 2.75690279294218 10000
5263116.46377551 2.75690279294218 10000
5666397.05897959 2.93345718367347 10000
6099076.62683673 2.93345718367347 10000
6563301.86122449 3.11613300616497 10000
7061372.40795918 3.11613300616497 10000
7595754.28163265 3.27986313711735 10000
8169095.96581633 3.27986313711735 10000
8784239.14653061 3.41207488244048 10000
9444232.12908163 3.41207488244048 10000
10152340.5715306 3.47593343494898 10000
10912074.3183673 3.47593343494898 10000
11727198.1339796 3.2782978394983 10000
12601747.8028571 3.2782978394983 10000
13540059.6466327 3.2782978394983 10000
14546781.257551 3.2782978394983 10000
0 7342826.65202321 110000
22370.3791836735 7342826.65202321 110000
46320.5516326531 7342826.65202321 110000
71961.3244897959 7342826.65202321 110000
99416.1685714286 437506.867691667 110000
128811.720612245 437506.867691667 110000
160280.949183673 4916.16651774107 110000
193975.818367347 4916.16651774107 110000
230051.458163265 368.974271200255 110000
268678.828163265 368.974271200255 110000
310032.053877551 81.8647656479592 110000
354307.422244898 81.8647656479592 110000
401710.717959184 30.2718914362245 110000
452463.555306122 30.2718914362245 110000
506803.378163265 14.3234853214286 110000
564983.46 14.3234853214286 110000
627272.903877551 8.39825803571429 110000
693966.140204082 8.39825803571429 110000
765370.263061224 5.73240966581633 110000
841817.693877551 5.73240966581633 110000
923669.347346939 4.3712626377551 110000
1011301.9677551 4.3712626377551 110000
1105130.29040816 3.64279141709184 110000
1205584.88020408 3.64279141709184 110000
1313137.45897959 3.24596333673469 110000
1428291.4077551 3.24596333673469 110000
1551581.76673469 3.01524703571429 110000
1683581.56714286 3.01524703571429 110000
1824908.16306122 2.84957057015306 110000
1976223.23142857 2.84957057015306 110000
2138229.60612245 2.7144715994898 110000
2311680.77571429 2.7144715994898 110000
2497387.21530612 2.61989638392857 110000
2696216.38653061 2.61989638392857 110000
2909095.90346939 2.58555936096939 110000
3137016.69857143 2.58555936096939 110000
3381039.3544898 2.62048999362245 110000
3642306.7677551 2.62048999362245 110000
3922034.65102041 2.71146397704082 110000
4221524.19673469 2.71146397704082 110000
4542177.90673469 2.82665723596939 110000
4885486.92857143 2.82665723596939 110000
5253056.38285714 2.94368408928571 110000
5646592.69959184 2.94368408928571 110000
6067938.44326531 3.08163898214286 110000
6519056.48326531 3.08163898214286 110000
7002048.98938776 3.27944951913265 110000
7519166.92959184 3.27944951913265 110000
8072822.73367347 3.5356910369898 110000
8665599.79102041 3.5356910369898 110000
9300261.94836735 3.7782135752551 110000
9979766.17346939 3.7782135752551 110000
10707284.7165306 3.89254939795918 110000
11486208.2761224 3.89254939795918 110000
12320164.9946939 3.7476624630102 110000
13213052.1177551 3.7476624630102 110000
14169026.4961224 3.7476624630102 110000
15192545.7428571 3.7476624630102 110000
0 5511497.19626711 120000
22316.44 5511497.19626711 120000
46217.4978571429 5511497.19626711 120000
71819.2742857143 5511497.19626711 120000
99241.0078571428 125143.590502342 120000
128614.488571429 125143.590502342 120000
160077.782142857 6352.32819263988 120000
193775.23 6352.32819263988 120000
229873.138571429 470.901738443452 120000
268534.676428571 470.901738443452 120000
309948.115 76.996026016369 120000
354304.863571429 76.996026016369 120000
401818.296428571 27.6335062425595 120000
452708.063571429 27.6335062425595 120000
507218.917857143 13.9541356979167 120000
565605.025714286 13.9541356979167 120000
628145.656428571 8.55307947916667 120000
695132.630714286 8.55307947916667 120000
766882.872142857 5.88271075297619 120000
843735.269285714 5.88271075297619 120000
926053.813571429 4.50951909523809 120000
1014224.46142857 4.50951909523809 120000
1108667.68571429 3.78834800297619 120000
1209829.06214286 3.78834800297619 120000
1318182.40714286 3.32813549255952 120000
1434242.32928571 3.32813549255952 120000
1558554.81571429 3.00460280952381 120000
1691709.78357143 3.00460280952381 120000
1834331.66642857 2.79430100892857 120000
1987098.24142857 2.79430100892857 120000
2150728.07785714 2.6742714360119 120000
2325996.22642857 2.6742714360119 120000
2513724.80571429 2.62257523958333 120000
2714808.105 2.62257523958333 120000
2930190.61928571 2.62296747172619 120000
3160889.01428571 2.62296747172619 120000
3407995.26428571 2.66370731696429 120000
3672673.51428571 2.66370731696429 120000
3956175.76928571 2.73891129315476 120000
4259841.89428571 2.73891129315476 120000
4585099.61428571 2.85145576934524 120000
4933489.61714286 2.85145576934524 120000
5306656.14 3.00753801339286 120000
5706362.65857143 3.00753801339286 120000
6134491.88714286 3.21518570982143 120000
6593067.74357143 3.21518570982143 120000
7084258.48714286 3.49474263244048 120000
7610379.85642857 3.49474263244048 120000
8173917.03428571 3.87132471279762 120000
8777527.78571428 3.87132471279762 120000
9424070.69857143 4.32063970684524 120000
10116589.4942857 4.32063970684524 120000
10858356.9578571 4.70094145535714 120000
11652878.0757143 4.70094145535714 120000
12503902.5871429 4.77527598363095 120000
13415450.0871429 4.77527598363095 120000
14391819.44 4.77527598363095 120000
15437626.4335714 4.77527598363095 120000
0 9528257.64319258 130000
22691.0834693878 9528257.64319258 130000
46982.9828571429 9528257.64319258 130000
72988.2053061225 9528257.64319258 130000
100832.115918367 9783657.47605449 130000
130640.079795918 9783657.47605449 130000
162550.32 206871.767298898 130000
196713.91755102 206871.767298898 130000
233291.596938776 1745.21030443282 130000
272447.297142857 1745.21030443282 130000
314370.673061225 149.85086195068 130000
359251.379591837 149.85086195068 130000
407298.358571429 38.9665609638605 130000
458739.83877551 38.9665609638605 130000
513810.477959184 15.186502107568 130000
572770.649795918 15.186502107568 130000
635890.371428572 7.94316501020408 130000
703468.590408163 7.94316501020408 130000
775813.897755102 5.33855098767007 130000
853267.029387755 5.33855098767007 130000
936184.793673469 4.26865493707483 130000
1024959.35836735 4.26865493707483 130000
1119998.96367347 3.7568077087585 130000
1221747.20918367 3.7568077087585 130000
1330676.62489796 3.41341983630952 130000
1447295.10020408 3.41341983630952 130000
1572145.88387755 3.10586682823129 130000
1705810.79857143 3.10586682823129 130000
1848910.24081633 2.84483686309524 130000
2002109.61 2.84483686309524 130000
2166125.73734694 2.67268084396258 130000
2341717.24244898 2.67268084396258 130000
2529700.60571429 2.60844462287415 130000
2730956.59734694 2.60844462287415 130000
2946417.41938776 2.62760432142857 130000
3177089.20714286 2.62760432142857 130000
3424042.38571429 2.68346277848639 130000
3688427.74244898 2.68346277848639 130000
3971473.21244898 2.75387349872449 130000
4274499.95102041 2.75387349872449 130000
4598915.90469388 2.84639053316327 130000
4946231.88367347 2.84639053316327 130000
5318061.56183673 2.96703435331633 130000
5716140.76367347 2.96703435331633 130000
6142317.82081633 3.11909311437075 130000
6598579.28795918 3.11909311437075 130000
7087046.72836735 3.31439346003401 130000
7609992.78632653 3.31439346003401 130000
8169854.04510204 3.55453593835034 130000
8769231.02693878 3.55453593835034 130000
9410920.33795919 3.80462324447279 130000
10097901.8102041 3.80462324447279 130000
10833377.0755102 3.98522399617347 130000
11620766.3510204 3.98522399617347 130000
12463737.3695918 3.95932056590136 130000
13366211.8087755 3.95932056590136 130000
14332387.7922449 3.95932056590136 130000
15366762.3912245 3.95932056590136 130000
0 6955266.08318158 140000
23074.2040816327 6955266.08318158 140000
47779.7857142857 6955266.08318158 140000
74234.2040816327 6955266.08318158 140000
102558.181122449 6546583.15576888 140000
132885.489795918 6546583.15576888 140000
165359.691326531 112029.576319754 140000
200127.609693878 112029.576319754 140000
237355.645408163 2020.77216665072 140000
277216.724489796 2020.77216665072 140000
319896.823979592 153.763513026148 140000
365591.709183673 153.763513026148 140000
414523.24744898 37.6256907897534 140000
466913.306122449 37.6256907897534 140000
523006.591836735 15.9530847310799 140000
583070.650510204 15.9530847310799 140000
647379.553571429 8.98942730123299 140000
716236.737244898 8.98942730123299 140000
789965.214285714 6.05519765093537 140000
868907.573979592 6.05519765093537 140000
953432.507653061 4.57927678571429 140000
1043934.80867347 4.57927678571429 140000
1140835.37244898 3.77205078125 140000
1244590.98469388 3.77205078125 140000
1355684.53316327 3.29577010522959 140000
1474634.79591837 3.29577010522959 140000
1601996.44132653 2.99488290816327 140000
1738366.55357143 2.99488290816327 140000
1884378.10714286 2.82026433354592 140000
2040719.54336735 2.82026433354592 140000
2208115.19387755 2.73968787733844 140000
2387348.11989796 2.73968787733844 140000
2579260.1122449 2.70979968112245 140000
2784741.90306122 2.70979968112245 140000
3004756.00510204 2.70599993090986 140000
3240330.18622449 2.70599993090986 140000
3492563.99489796 2.73361099596088 140000
3762635.28571429 2.73361099596088 140000
4051806.74489796 2.8084776307398 140000
4361429.15306122 2.8084776307398 140000
4692947.91071429 2.93409370216837 140000
5047909.56377551 2.93409370216837 140000
5427978.11734694 3.09727903911565 140000
5834925.24744898 3.09727903911565 140000
6270649.87755102 3.2822160767432 140000
6737191.22959184 3.2822160767432 140000
7236725.56122449 3.47745118516156 140000
7771589.00510204 3.47745118516156 140000
8344277.56887755 3.66889334077381 140000
8957466.71173469 3.66889334077381 140000
9614024.39540816 3.82640964073129 140000
10317011.0841837 3.82640964073129 140000
11069712.372449 3.8943361235119 140000
11875648.7729592 3.8943361235119 140000
12738578.9795918 3.74580599489796 140000
13662539.0204082 3.74580599489796 140000
14651842.2576531 3.74580599489796 140000
15711108.752551 3.74580599489796 140000
0 5902988.34484914 150000
23649.092244898 5902988.34484914 150000
48953.3844897959 5902988.34484914 150000
76031.1053061225 5902988.34484914 150000
105003.86122449 114242.530949224 150000
136003.392653061 114242.530949224 150000
169174.951836735 7183.32530770748 150000
204667.168979592 7183.32530770748 150000
242645.564081633 1061.75288207483 150000
283282.413061225 1061.75288207483 150000
326763.503673469 175.796927085034 150000
373291.513469388 175.796927085034 150000
423075.875918367 49.327648292517 150000
476342.914285714 49.327648292517 150000
533342.59755102 18.8488574217687 150000
594331.650612245 18.8488574217687 150000
659590.444081633 9.24258190816327 150000
729416.238367347 9.24258190816327 150000
804133.31755102 5.81998440136054 150000
884079.47755102 5.81998440136054 150000
969622.915918367 4.40575252721088 150000
1061158.85387755 4.40575252721088 150000
1159099.40244898 3.71635328231293 150000
1263897.20816327 3.71635328231293 150000
1376031.94122449 3.32552340476191 150000
1496020.42938776 3.32552340476191 150000
1624406.52408163 3.08150104081633 150000
1761781.36816327 3.08150104081633 150000
1908773.26204082 2.92185024489796 150000
2066054.41959184 2.92185024489796 150000
2234351.10204082 2.8152685952381 150000
2414426.72816327 2.8152685952381 150000
2607112.27591837 2.74485222108844 150000
2813286.01469388 2.74485222108844 150000
3033897.15102041 2.70097393877551 150000
3269948.93877551 2.70097393877551 150000
3522529.08081633 2.68618129251701 150000
3792792.83918367 2.68618129251701 150000
4081976.54693878 2.71473912244898 150000
4391407.74204082 2.71473912244898 150000
4722501.78938776 2.8014471122449 150000
5076775.39265306 2.8014471122449 150000
5455853.35020408 2.95128775170068 150000
5861468.55510204 2.95128775170068 150000
6295482.26285714 3.15568946938776 150000
6759884.09142857 3.15568946938776 150000
7256795.39918367 3.40121784013605 150000
7788496.30857143 3.40121784013605 150000
8357422.32816327 3.66620466326531 150000
8966177.8644898 3.66620466326531 150000
9617553.11183674 3.88465306122449 150000
10314534.1861224 3.88465306122449 150000
11060309.8808163 3.97187478231292 150000
11858295.3126531 3.97187478231292 150000
12712148.8114286 4.05943429931973 150000
13625785.4318367 4.05943429931973 150000
14603380.3314286 4.05943429931973 150000
15649419.44 4.05943429931973 150000
0 8368826.62732845 160000
23694.8306122449 8368826.62732845 160000
49048.4689795918 8368826.62732845 160000
76169.4669387755 8368826.62732845 160000
105186.729795918 14776307.5698537 160000
136229.162857143 14776307.5698537 160000
169442.632653061 39748.6332667687 160000
204973.005714286 39748.6332667687 160000
242989.894285714 894.910939267007 160000
283659.518367347 894.910939267007 160000
327168.451428571 154.781823704932 160000
373720.228163265 154.781823704932 160000
423521.775510204 45.7396167687075 160000
476800.373877551 45.7396167687075 160000
533803.657142857 16.8726515620748 160000
594789.435918367 16.8726515620748 160000
660032.482040816 8.51319899744898 160000
729834.705306123 8.51319899744898 160000
804511.584489796 5.72954403571429 160000
884405.736326531 5.72954403571429 160000
969880.131020408 4.51641365561225 160000
1061328.26897959 4.51641365561225 160000
1159160.61183673 3.83646643452381 160000
1263828.32816327 3.83646643452381 160000
1375806.3322449 3.42208958588435 160000
1495606.85306122 3.42208958588435 160000
1623779.43428571 3.13309858928571 160000
1760900.75755102 3.13309858928571 160000
1907601.78040816 2.90559909863946 160000
2064550.77510204 2.90559909863946 160000
2232463.50530612 2.74576075935374 160000
2412106.61836735 2.74576075935374 160000
2604297.64530612 2.6674211037415 160000
2809911.78530612 2.6674211037415 160000
3029892.08244898 2.65961187329932 160000
3265235.85673469 2.65961187329932 160000
3517021.84204082 2.69458733163265 160000
3786393.22489796 2.69458733163265 160000
4074581.39020408 2.76243222959184 160000
4382902.52897959 2.76243222959184 160000
4712761.03061225 2.8764045909864 160000
5065659.65959184 2.8764045909864 160000
5443213.1244898 3.03627826615646 160000
5847134.50897959 3.03627826615646 160000
6279275.97877551 3.21013081717687 160000
6741601.64367347 3.21013081717687 160000
7236224.8722449 3.35165103401361 160000
7765394.72285714 3.35165103401361 160000
8331533.25836735 3.4287468664966 160000
8937218.58489796 3.4287468664966 160000
9585211.98979592 3.43736175510204 160000
10278468.1183673 3.43736175510204 160000
11020155.3273469 3.38155225935374 160000
11813648.9004082 3.38155225935374 160000
12662571.755102 3.23553731802721 160000
13570794.4428571 3.23553731802721 160000
14542458.8946939 3.23553731802721 160000
15581998.7746939 3.23553731802721 160000
0 9359858.81586149 170000
24012.0235714286 9359858.81586149 170000
49701.0664285714 9359858.81586149 170000
77177.3228571428 9359858.81586149 170000
106571.648571429 10596798.5916104 170000
138014.899285714 10596798.5916104 170000
171651.705 443539.243767723 170000
207633.582857143 443539.243767723 170000
246125.824285714 4674.73614014286 170000
287300.607857143 4674.73614014286 170000
331347.33 268.6832689375 170000
378465.717857143 268.6832689375 170000
428865.829285714 49.6422100535714 170000
482785.270714286 49.6422100535714 170000
540461.648571428 17.924678875 170000
602163.561428571 17.924678875 170000
668166.495 9.43576594196428 170000
738770.04 9.43576594196428 170000
814297.892142857 6.22241878571428 170000
895090.965 6.22241878571428 170000
981521.164285714 4.68156405357143 170000
1073974.17 4.68156405357143 170000
1172876.985 3.84243026339286 170000
1278677.27357143 3.84243026339286 170000
1391853.69214286 3.35237417857143 170000
1512919.33285714 3.35237417857143 170000
1642432.05428571 3.05820708928571 170000
1780973.82 3.05820708928571 170000
1929174.80357143 2.87516691964286 170000
2087709.945 2.87516691964286 170000
2257302.39428571 2.75445539285714 170000
2438720.06785714 2.75445539285714 170000
2632785.97928571 2.68244170535714 170000
2840388.57 2.68244170535714 170000
3062464.49142857 2.66627126785714 170000
3300026.15357143 2.66627126785714 170000
3554151.39428571 2.70526971428571 170000
3826000.69714286 2.70526971428571 170000
4116806.86071429 2.78980221875 170000
4427888.77285714 2.78980221875 170000
4760665.185 2.92123186160714 170000
5116644.38142857 2.92123186160714 170000
5497444.84071429 3.10996109821429 170000
5904802.12285714 3.10996109821429 170000
6340565.42571429 3.34629053571429 170000
6806714.80285714 3.34629053571429 170000
7305368.05071428 3.57624219196429 170000
7838791.03928571 3.57624219196429 170000
8409414.93 3.72644647321428 170000
9019825.845 3.72644647321428 170000
9672802.74642857 3.76678647767857 170000
10371313.9928571 3.76678647767857 170000
11118531.1135714 3.73369232142857 170000
11917852.9135714 3.73369232142857 170000
12772912.3607143 3.62323976785714 170000
13687597.2471429 3.62323976785714 170000
14666063.9635714 3.62323976785714 170000
15712761.6042857 3.62323976785714 170000
0 6489748.9818283 180000
24536.2253061225 6489748.9818283 180000
50783.213877551 6489748.9818283 180000
78853.8408163265 6489748.9818283 180000
108875.090612245 9562791.26253395 180000
140988.057142857 9562791.26253395 180000
175333.834285714 347998.900687728 180000
212067.625306122 347998.900687728 180000
251355.215510204 6876.56334215306 180000
293380.026938776 6876.56334215306 180000
338325.481632653 434.291893387755 180000
386399.693061225 434.291893387755 180000
437817.829387755 66.2542163401361 180000
492809.168163265 66.2542163401361 180000
551631.205714286 19.8531651887755 180000
614541.438367347 19.8531651887755 180000
681829.108571429 9.66284359863946 180000
753797.568163265 9.66284359863946 180000
830771.333061225 6.27692122619048 180000
913103.137959184 6.27692122619048 180000
1001159.82693878 4.75809707482993 180000
1095339.99020408 4.75809707482993 180000
1196073.96408163 3.91187184693878 180000
1303816.77632653 3.91187184693878 180000
1419051.67346939 3.38326951360544 180000
1542304.23020408 3.38326951360544 180000
1674131.76734694 3.04754692006803 180000
1815130.40653061 3.04754692006803 180000
1965935.07020408 2.8474067244898 180000
2127230.06367347 2.8474067244898 180000
2299749.07510204 2.74942731462585 180000
2484264.59346939 2.74942731462585 180000
2681619.65469388 2.72417004081633 180000
2892699.62285714 2.72417004081633 180000
3118467.46367347 2.74564276530612 180000
3359935.52571429 2.74564276530612 180000
3618204.34122449 2.79751681122449 180000
3894441.46204082 2.79751681122449 180000
4189892.04163265 2.87189973979592 180000
4505896.47183673 2.87189973979592 180000
4843879.80081633 2.96534503911565 180000
5205379.95183674 2.96534503911565 180000
5592023.03183674 3.08052761394558 180000
6005565.65959184 3.08052761394558 180000
6447873.80163265 3.21814558503401 180000
6920954.51836735 3.21814558503401 180000
7426941.85469388 3.36843995918367 180000
7968128.58612245 3.36843995918367 180000
8546959.16408163 3.52398126190476 180000
9166057.93469388 3.52398126190476 180000
9828225.61142857 3.71042359353741 180000
10536453.3844898 3.71042359353741 180000
11293951.1395918 4.01936774489796 180000
12104143.9306122 4.01936774489796 180000
12970693.1436735 4.85049151870748 180000
13897524.7159184 4.85049151870748 180000
14888832.6628571 4.85049151870748 180000
15949096.715102 4.85049151870748 180000
0 9188102.06224094 190000
24831.4591836735 9188102.06224094 190000
51385.6836734694 9188102.06224094 190000
79777.2857142857 9188102.06224094 190000
110142.367346939 13785407.6144522 190000
142609.867346939 13785407.6144522 190000
177326.632653061 6285032.50632015 190000
214453.836734694 6285032.50632015 190000
254152.653061224 23957.2337734056 190000
296605.744897959 23957.2337734056 190000
341999.357142857 632.597928061224 190000
390541.224489796 632.597928061224 190000
442449.826530612 73.1675169642857 190000
497957.969387755 73.1675169642857 190000
557312.785714286 20.4944825892857 190000
620782.897959184 20.4944825892857 190000
688654.836734694 9.65281339285714 190000
761229.459183673 9.65281339285714 190000
838836.275510204 6.20144024234694 190000
921826.285714286 6.20144024234694 190000
1010568.39795918 4.67399330357143 190000
1105460.17346939 4.67399330357143 190000
1206934.98979592 3.8382118622449 190000
1315444.13265306 3.8382118622449 190000
1431474.70408163 3.35319164540816 190000
1555549.62244898 3.35319164540816 190000
1688227.62244898 3.06692965561224 190000
1830106.83673469 3.06692965561224 190000
1981817.63265306 2.90163730867347 190000
2144051.26530612 2.90163730867347 190000
2317531.2244898 2.82610216836735 190000
2503034.7244898 2.82610216836735 190000
2701403.44897959 2.81404400510204 190000
2913525.64285714 2.81404400510204 190000
3140350.43877551 2.83208647959184 190000
3382905.76530612 2.83208647959184 190000
3642273.2755102 2.85958297193878 190000
3919624.16326531 2.85958297193878 190000
4216204.83673469 2.89340701530612 190000
4533347.66326531 2.89340701530612 190000
4872474.55102041 2.93038737244898 190000
5235118.43877551 2.93038737244898 190000
5622901.80612245 2.96830044642857 190000
6037568.90816326 2.96830044642857 190000
6480985.7755102 3.03018807397959 190000
6955147.37755102 3.03018807397959 190000
7462181.20408163 3.15638093112245 190000
8004365.17346939 3.15638093112245 190000
8584141.95918367 3.37342786989796 190000
9204115.40816326 3.37342786989796 190000
9867068.44897959 3.67627729591837 190000
10575988.1632653 3.67627729591837 190000
11334055.0408163 3.9917743622449 190000
12144678.7959184 3.9917743622449 190000
13011501.9489796 4.13922570153061 190000
13938424.8979592 4.13922570153061 190000
14929609.5 4.13922570153061 190000
15989514.8877551 4.13922570153061 190000
0 8118069.99661179 200000
25077.6514285714 8118069.99661179 200000
51891.5314285714 8118069.99661179 200000
80564.6228571429 8118069.99661179 200000
111227.142857143 8129356.42366489 200000
144016.542857143 8129356.42366489 200000
179077.508571429 529690.745879393 200000
216569.194285714 529690.745879393 200000
256657.988571429 6754.58362717857 200000
299528.365714286 6754.58362717857 200000
345372.034285714 466.253971964286 200000
394391.554285714 466.253971964286 200000
446811.188571429 80.6685328214286 200000
502862.434285714 80.6685328214286 200000
562802.108571429 23.4352048214286 200000
626897.88 23.4352048214286 200000
695435.502857143 10.4034981785714 200000
768722.434285714 10.4034981785714 200000
847091.451428571 6.40690196428571 200000
930897.034285714 6.40690196428571 200000
1020508.13142857 4.7161665 200000
1116333.48 4.7161665 200000
1218803.52 3.84570107142857 200000
1328377.62857143 3.84570107142857 200000
1445547.73714286 3.36357360714286 200000
1570838.33142857 3.36357360714286 200000
1704817.30285714 3.08416439285714 200000
1848085.09714286 3.08416439285714 200000
2001285.56571429 2.921295 200000
2165105.96571429 2.921295 200000
2340280.57714286 2.82703828571429 200000
2527605.17142857 2.82703828571429 200000
2727911.69142857 2.76939007142857 200000
2942108.04 2.76939007142857 200000
3171152.76 2.74483117857143 200000
3416076.73714286 2.74483117857143 200000
3677979.58285714 2.77737039285714 200000
3958040.48571429 2.77737039285714 200000
4257518.21142857 2.88118239285714 200000
4577758.33714286 2.88118239285714 200000
4920196.86857143 3.0334415 200000
5286378.32571429 3.0334415 200000
5677944.89142857 3.19356035714286 200000
6096658.11428571 3.19356035714286 200000
6544398.90857143 3.334855 200000
7023178.40571429 3.334855 200000
7535152.42285714 3.45403985714286 200000
8082621.46285714 3.45403985714286 200000
8668045.18285714 3.56797232142857 200000
9294053.24571428 3.56797232142857 200000
9963459.78857143 3.70387892857143 200000
10679277.8914286 3.70387892857143 200000
11444719.5771429 3.85998125 200000
12263224.7485714 3.85998125 200000
13138479.2742857 3.93297971428571 200000
14074407.7542857 3.93297971428571 200000
15075227.7771429 3.93297971428571 200000
16145428.2171429 3.93297971428571 200000
0 1003.45851613393 20000
19863.735 1003.45851613393 20000
41166.8314285714 1003.45851613393 20000
64016.01 1003.45851613393 20000
88526.2007142857 385.206799160714 20000
114815.07 385.206799160714 20000
143011.23 75.0884608348214 20000
173254.238571429 75.0884608348214 20000
205691.862857143 52.1071355669643 20000
240485.552142857 52.1071355669643 20000
277802.228571429 32.9043221785714 20000
317830.705714286 32.9043221785714 20000
360762.533571429 14.9433456830357 20000
406811.153571428 14.9433456830357 20000
456200.952857143 8.41960875446429 20000
509178.21 8.41960875446429 20000
566000.149285714 6.21969120982143 20000
626945.886428571 6.21969120982143 20000
692316.428571429 5.10511534821429 20000
762429.201428571 5.10511534821429 20000
837634.467857143 4.28657545089286 20000
918296.172857143 4.28657545089286 20000
1004813.835 3.65956845089286 20000
1097611.60071429 3.65956845089286 20000
1197143.71714286 3.22968692410714 20000
1303900.005 3.22968692410714 20000
1418408.595 2.94427172321428 20000
1541227.71857143 2.94427172321428 20000
1672959.39 2.74659896428571 20000
1814254.87928571 2.74659896428571 20000
1965806.50285714 2.60475504910714 20000
2128355.83285714 2.60475504910714 20000
2302707.37928571 2.51082713839286 20000
2489712.17142857 2.51082713839286 20000
2690292.38571429 2.47131425 20000
2905430.4 2.47131425 20000
3136185.21214286 2.48656413839286 20000
3383689.70357143 2.48656413839286 20000
3649156.11214286 2.54958180803571 20000
3933895.18714286 2.54958180803571 20000
4239302.50714286 2.65720326339286 20000
4566874.89857143 2.65720326339286 20000
4918226.85428571 2.80737618303571 20000
5295082.32428571 2.80737618303571 20000
5699288.39785714 2.99869244642857 20000
6132837.195 2.99869244642857 20000
6597854.92071429 3.25001060714286 20000
7096623.75642857 3.25001060714286 20000
7631598.27857143 3.57257852678571 20000
8205405.45857143 3.57257852678571 20000
8820861.08142857 3.909375875 20000
9480988.90071429 3.909375875 20000
10189031.5842857 4.16364709821429 20000
10948469.8692857 4.16364709821429 20000
11763033.5078571 4.24095120535714 20000
12636720.4221429 4.24095120535714 20000
13573824.0685714 4.24095120535714 20000
14578949.8564286 4.24095120535714 20000
0 8103149.69465665 210000
25454.8314285714 8103149.69465665 210000
52665.4228571429 8103149.69465665 210000
81753.4971428571 8103149.69465665 210000
112848.154285714 8926832.33762582 210000
146089.56 8926832.33762582 210000
181625.257142857 95382.5216984167 210000
219613.854285714 95382.5216984167 210000
260225.025714286 5073.83178791071 210000
303635.822857143 5073.83178791071 210000
350045.428571429 489.987845964286 210000
399653.025714286 489.987845964286 210000
452687.305714286 86.8024598214286 210000
509380.648571429 86.8024598214286 210000
569987.565714286 24.5824766011905 210000
634777.322857143 24.5824766011905 210000
704033.94 10.5831185059524 210000
778074.634285714 10.5831185059524 210000
857220.311428571 6.44285845238095 210000
941832.451428571 6.44285845238095 210000
1032279.91142857 4.79432829761905 210000
1128968.43428571 4.79432829761905 210000
1232333.27142857 3.91389703571429 210000
1342828.11714286 3.91389703571429 210000
1460947.24 3.38103678571429 210000
1587221.79428571 3.38103678571429 210000
1722205.06571429 3.06312035119048 210000
1866505.66857143 3.06312035119048 210000
2020765.41428571 2.89068732142857 210000
2185670.37714286 2.89068732142857 210000
2361954.58285714 2.81063763690476 210000
2550403.69714286 2.81063763690476 210000
2751855.02571429 2.78580125595238 210000
2967212.26857143 2.78580125595238 210000
3197427.07714286 2.80339881547619 210000
3443532.25142857 2.80339881547619 210000
3706619.60857143 2.86281555357143 210000
3987862.11428571 2.86281555357143 210000
4288510.19428571 2.94943550595238 210000
4609910.17714286 2.94943550595238 210000
4953485.85142857 3.03833776190476 210000
5320771.66285714 3.03833776190476 210000
5713405.33714286 3.11928653571429 210000
6133131.56857143 3.11928653571429 210000
6581824.15142857 3.19763025595238 210000
7061478.60285714 3.19763025595238 210000
7574234.29428571 3.27605082142857 210000
8122374.45142857 3.27605082142857 210000
8708340.90857143 3.36354680952381 210000
9334741.48571428 3.36354680952381 210000
10004372.12 3.48596127380952 210000
10720213.1771429 3.48596127380952 210000
11485451.5828571 3.64928045833333 210000
12303495.5771429 3.64928045833333 210000
13177996.8457143 3.8879310297619 210000
14112843.1428571 3.8879310297619 210000
15112202.5542857 3.8879310297619 210000
16180523.4971429 3.8879310297619 210000
0 6493101.41305096 220000
25628.1658163265 6493101.41305096 220000
53014.6515306122 6493101.41305096 220000
82278.9183673469 6493101.41305096 220000
113555.360204082 39316991.5026792 220000
146978.370918367 39316991.5026792 220000
182693.543877551 7386256.41037975 220000
220861.405102041 7386256.41037975 220000
261649.946938775 28491.4484932557 220000
305238.36122449 28491.4484932557 220000
351817.039285714 676.029031702806 220000
401598.771428571 676.029031702806 220000
454792.614795918 80.8897305420918 220000
511641.225 80.8897305420918 220000
572387.257653061 25.6026092028061 220000
637306.966836735 25.6026092028061 220000
706684.072959184 11.9425526116071 220000
780824.695408163 11.9425526116071 220000
860049.88622449 6.91109626913265 220000
944718.029081632 6.91109626913265 220000
1035198.70714286 4.7821665880102 220000
1131887.63571429 4.7821665880102 220000
1235214.12857143 3.78791632653061 220000
1345633.63163265 3.78791632653061 220000
1463635.18928571 3.31061584821429 220000
1589737.71122449 3.31061584821429 220000
1724493.70561224 3.0612249872449 220000
1868500.47857143 3.0612249872449 220000
2022396.40102041 2.91158735969388 220000
2186853.44234694 2.91158735969388 220000
2362599.56938775 2.82096482142857 220000
2550411.28010204 2.82096482142857 220000
2751117.33673469 2.77101820790816 220000
2965598.76581633 2.77101820790816 220000
3194807.52397959 2.75609333227041 220000
3439747.83214286 2.75609333227041 220000
3701502.30765306 2.77944893494898 220000
3981224.49795918 2.77944893494898 220000
4280150.08010204 2.84160610331633 220000
4599596.86071429 2.84160610331633 220000
4940972.24234694 2.94363034438775 220000
5305780.68979592 2.94363034438775 220000
5695631.19642857 3.08465058673469 220000
6112244.7505102 3.08465058673469 220000
6557458.06836735 3.24861422831633 220000
7033234.79387755 3.24861422831633 220000
7541669.23163265 3.4117534630102 220000
8085008.74591837 3.4117534630102 220000
8665646.29438775 3.56736415178571 220000
9286142.82704082 3.56736415178571 220000
9949234.75255102 3.73277439413265 220000
10657845.1377551 3.73277439413265 220000
11415098.6403061 3.94329369260204 220000
12224336.4413265 3.94329369260204 220000
13089123.7117347 4.3312315752551 220000
14013275.7443878 4.3312315752551 220000
15000872.8867347 4.3312315752551 220000
16056260.5408163 4.3312315752551 220000
0 9723586.14975209 230000
26262.7846938775 9723586.14975209 230000
54317.5275510204 9723586.14975209 230000
84283.6924489796 9723586.14975209 230000
116292.304285714 14401245.0571006 230000
150482.095306122 14401245.0571006 230000
186999.505102041 11744591.8752126 230000
226010.241632653 11744591.8752126 230000
267676.159183673 107604.805341884 230000
312182.234081633 107604.805341884 230000
359721.15 1835.73790902764 230000
410504.858979592 1835.73790902764 230000
464745.313061224 133.849704840136 230000
522681.44 133.849704840136 230000
584567.582244898 27.4208296284014 230000
650669.643265306 27.4208296284014 230000
721280.502244898 11.0926947113095 230000
796700.745714286 11.0926947113095 230000
877261.789591837 6.62063510586735 230000
963314.318163265 6.62063510586735 230000
1055232.1377551 4.92327659778912 230000
1153412.17673469 4.92327659778912 230000
1258286.04653061 4.06848365136054 230000
1370304.62693878 4.06848365136054 230000
1489957.3344898 3.50390443112245 230000
1617768.26877551 3.50390443112245 230000
1754284.65142857 3.10975392006803 230000
1900111.50918367 3.10975392006803 230000
2055873.13714286 2.86418660671769 230000
2222247.78183673 2.86418660671769 230000
2399963.78755102 2.73948815603741 230000
2589791.88897959 2.73948815603741 230000
2792560.62591837 2.7052787755102 230000
3009144.7822449 2.7052787755102 230000
3240488.50795918 2.7446665297619 230000
3487601.4655102 2.7446665297619 230000
3751554.97612245 2.84082371130952 230000
4033497.4344898 2.84082371130952 230000
4334658.16244898 2.9628647329932 230000
4656339.70163265 2.9628647329932 230000
4999948.64285714 3.07815379761905 230000
5366972.50408163 3.07815379761905 230000
5759010.55979592 3.17179003443878 230000
6177766.13367347 3.17179003443878 230000
6625062.01326531 3.2421195752551 230000
7102844.30367347 3.2421195752551 230000
7613186.28122449 3.28552960119048 230000
8158311.5155102 3.28552960119048 230000
8740590.01571428 3.3002458167517 230000
9362549.79163265 3.3002458167517 230000
10026896.1220408 3.29872040433673 230000
10736523.1157143 3.29872040433673 230000
11494509.8577551 3.30532784863946 230000
12304158.9463265 3.30532784863946 230000
13168984.9316327 3.39531915263605 230000
14092752.8526531 3.39531915263605 230000
15079478.2371429 3.39531915263605 230000
16133450.2236735 3.39531915263605 230000
0 6299059.53762441 240000
20827.8814285714 6299059.53762441 240000
43326.3514285714 6299059.53762441 240000
67632.8963265306 6299059.53762441 240000
93887.5965306123 20535851.5191798 240000
122253.879183673 20535851.5191798 240000
152895.171428571 13567650.5598784 240000
185998.247142857 13567650.5598784 240000
221757.66244898 233417.372799199 240000
260388.726122449 233417.372799199 240000
302122.311428571 4962.7993213801 240000
347204.856122449 4962.7993213801 240000
395908.73877551 308.610055548469 240000
448521.90244898 308.610055548469 240000
505360.825102041 52.213507567602 240000
566760.143265306 52.213507567602 240000
633090.810612245 17.5478597602041 240000
704747.12755102 17.5478597602041 240000
782154.523469388 8.78861886734694 240000
865777.338979592 8.78861886734694 240000
956116.231836735 5.63105406505102 240000
1053705.58285714 5.63105406505102 240000
1159131.6544898 4.27437639285714 240000
1273022.2144898 4.27437639285714 240000
1396054.31816327 3.60685974107143 240000
1528967.27877551 3.60685974107143 240000
1672549.69714286 3.24461245408163 240000
1827660.21428571 3.24461245408163 240000
1995222.32326531 3.02886052295918 240000
2176239.93367347 3.02886052295918 240000
2371789.58938775 2.89490322831633 240000
2583041.22122449 2.89490322831633 240000
2811250.36469388 2.82917028061224 240000
3057784.10081633 2.82917028061224 240000
3324110.67979592 2.83240747831633 240000
3611817.67959184 2.83240747831633 240000
3922624.97632653 2.90079395535714 240000
4258387.33836735 2.90079395535714 240000
4621104.80265306 3.02831468494898 240000
5012946.02142857 3.02831468494898 240000
5436245.66816327 3.21714221045918 240000
5893530.37836735 3.21714221045918 240000
6387529.12591837 3.46816284311224 240000
6921188.78755102 3.46816284311224 240000
7497694.8955102 3.74896137117347 240000
8120484.60795918 3.74896137117347 240000
8793280.43204082 3.99169175127551 240000
9520087.62979592 3.99169175127551 240000
10305251.2879592 4.15569715816326 240000
11153453.7238776 4.15569715816326 240000
12069753.3967347 4.27271726147959 240000
13059618.6306122 4.27271726147959 240000
14128958.7434694 4.411246625 240000
15284152.5820408 4.411246625 240000
16532092.6212245 4.72599519642857 240000
17880223.8753061 4.72599519642857 240000
19336595.7795918 4.72599519642857 240000
20909890.7253061 4.72599519642857 240000
0 7047623.29175531 250000
26673.5571428571 7047623.29175531 250000
55158.8142857143 7047623.29175531 250000
85585.1785714286 7047623.29175531 250000
118078.135714286 19521234.6026838 250000
152782.778571429 19521234.6026838 250000
189848.121428571 14745890.2413059 250000
229434.942857143 14745890.2413059 250000
271715.785714286 94570.6768731696 250000
316867.114285714 94570.6768731696 250000
365096.764285714 1596.55219392857 250000
416600.807142857 1596.55219392857 250000
471610.607142857 131.514387857143 250000
530361.45 131.514387857143 250000
593108.228571429 29.9154675 250000
660125.442857143 29.9154675 250000
731699.357142857 11.9856095089286 250000
808139.764285714 11.9856095089286 250000
889783.907142857 6.7615640625 250000
976976.871428571 6.7615640625 250000
1070102.95714286 4.8241659375 250000
1169562.15 4.8241659375 250000
1275785.80714286 3.99453053571429 250000
1389236.65714286 3.99453053571429 250000
1510404.87857143 3.5360175 250000
1639812.02142857 3.5360175 250000
1778022.77142857 3.20813705357143 250000
1925637.10714286 3.20813705357143 250000
2083286.37857143 2.97770410714286 250000
2251664.67857143 2.97770410714286 250000
2431489.62857143 2.84908125 250000
2623549.43571429 2.84908125 250000
2828671.52142857 2.80048004464286 250000
3047749.97142857 2.80048004464286 250000
3281725.92857143 2.8055615625 250000
3531615.04285714 2.8055615625 250000
3798503.55 2.85298633928571 250000
4083548.27142857 2.85298633928571 250000
4387976.61428571 2.92534486607143 250000
4713114.02142857 2.92534486607143 250000
5060364.36428571 2.99354504464286 250000
5431237.39285714 2.99354504464286 250000
5827333.05 3.05150049107143 250000
6250376.76428571 3.05150049107143 250000
6702188.07857143 3.13379330357143 250000
7184735.55 3.13379330357143 250000
7700105.37857143 3.28897566964286 250000
8250528.85714286 3.28897566964286 250000
8838390.21428571 3.54138495535714 250000
9466238.37857143 3.54138495535714 250000
10136790.9 3.83428299107143 250000
10852953.5571429 3.83428299107143 250000
11617828.2 4.01099236607143 250000
12434728.4357143 4.01099236607143 250000
13307191.3928571 3.92373241071429 250000
14239001.25 3.92373241071429 250000
15234193.1571429 3.92373241071429 250000
16297072.8428571 3.92373241071429 250000
0 9403745.24736982 260000
27211.6452040816 9403745.24736982 260000
56258.5973469388 9403745.24736982 260000
87273.6746938775 9403745.24736982 260000
120385.670714286 29037720.849817 260000
155735.453265306 29037720.849817 260000
193475.964591837 13514783.3920284 260000
233764.171734694 13514783.3920284 260000
276781.190510204 246289.352421592 260000
322700.087142857 246289.352421592 260000
371730.151020408 3369.52574543601 260000
424072.621938775 3369.52574543601 260000
479952.888469388 197.567924292092 260000
539612.438367347 197.567924292092 260000
603300.808979592 35.7886697759354 260000
671299.736020408 35.7886697759354 260000
743894.98 13.159254724915 260000
821400.475 13.159254724915 260000
904142.229489796 7.23518276764456 260000
992478.450306122 7.23518276764456 260000
1086787.46826531 5.01268207653061 260000
1187471.76295918 5.01268207653061 260000
1294966.01234694 3.98675321194728 260000
1409725.01836735 3.98675321194728 260000
1532239.80612245 3.46090524022109 260000
1663041.64867347 3.46090524022109 260000
1802685.96785714 3.16030329506803 260000
1951772.45826531 3.16030329506803 260000
2110937.03765306 2.96218271598639 260000
2280859.89653061 2.96218271598639 260000
2462273.5477551 2.82468562542517 260000
2655950.75214286 2.82468562542517 260000
2862720.61765306 2.74595894026361 260000
3083472.62418367 2.74595894026361 260000
3319148.57397959 2.73442119196429 260000
3570754.66602041 2.73442119196429 260000
3839373.57040816 2.78983760076531 260000
4126152.35397959 2.78983760076531 260000
4432322.60428571 2.89677978231292 260000
4759188.35520408 2.89677978231292 260000
5108154.2605102 3.03864545344388 260000
5480709.49469388 3.03864545344388 260000
5878455.92653061 3.21095702869898 260000
6303092.01989796 3.21095702869898 260000
6756436.98255102 3.39946002253401 260000
7240430.76612245 3.39946002253401 260000
7757142.11571428 3.55953789519558 260000
8308792.71867347 3.55953789519558 260000
8897737.08061224 3.66932258886054 260000
9526494.72377551 3.66932258886054 260000
10197766.2862245 3.77738835926871 260000
10914417.4226531 3.77738835926871 260000
11679519.0523469 3.93793579145408 260000
12496347.3591837 3.93793579145408 260000
13368399.8908163 4.13345702317177 260000
14299407.6330612 4.13345702317177 260000
15293359.1586735 4.13345702317177 260000
16354508.6769388 4.13345702317177 260000
0 7192780.07243719 270000
27124.3371428571 7192780.07243719 270000
56089.7107142857 7192780.07243719 270000
87019.9214285714 7192780.07243719 270000
120054.744285714 15298863.6723906 270000
155329.960714286 15298863.6723906 270000
193001.32 3404605.29197686 270000
233232.558571429 3404605.29197686 270000
276195.4 41740.0515982842 270000
322077.542142857 41740.0515982842 270000
371074.67 1818.70752208036 270000
423398.442857143 1818.70752208036 270000
479276.494285714 181.550793921131 270000
538952.432142857 181.550793921131 270000
602677.851428571 36.660170360119 270000
670732.302142857 36.660170360119 270000
743407.315 13.4185164791667 270000
821022.375714286 13.4185164791667 270000
903904.957142857 7.40909835267857 270000
992418.474285714 7.40909835267857 270000
1086942.31642857 5.22846691369048 270000
1187883.82785714 5.22846691369048 270000
1295686.295 4.17707603571429 270000
1410804.985 4.17707603571429 270000
1533747.08142857 3.53882844196429 270000
1665035.74214286 3.53882844196429 270000
1805242.04785714 3.12862209672619 270000
1954969.02785714 3.12862209672619 270000
2114867.63428571 2.89294314285714 270000
2285624.76142857 2.89294314285714 270000
2467979.22 2.78891892708333 270000
2662717.74357143 2.78891892708333 270000
2870682.97571429 2.77222080654762 270000
3092769.47642857 2.77222080654762 270000
3329943.69 2.81100836904762 270000
3583223.97714286 2.81100836904762 270000
3853704.57642857 2.88451504315476 270000
4142559.59785714 2.88451504315476 270000
4451027.04857143 2.98189994642857 270000
4780448.76857143 2.98189994642857 270000
5132242.47571429 3.10517650446429 270000
5507929.72071429 3.10517650446429 270000
5909127.9 3.26158306547619 270000
6337578.21071429 3.26158306547619 270000
6795125.68285714 3.44805789136905 270000
7283751.12785714 3.44805789136905 270000
7805559.15785714 3.64851853720238 270000
8362806.14071429 3.64851853720238 270000
8957900.2 3.85934582886905 270000
9593409.20214286 3.85934582886905 270000
10272080.7242857 4.1055744672619 270000
10996846.0478571 4.1055744672619 270000
11770836.1328571 4.3911730639881 270000
12597389.605 4.3911730639881 270000
13480080.7107143 4.6387495327381 270000
14422723.3107143 4.6387495327381 270000
15429382.8607143 4.6387495327381 270000
16504416.3471429 4.6387495327381 270000
0 6678834.16418985 280000
27569.0020408163 6678834.16418985 280000
57004.401122449 6678834.16418985 280000
88436.3164285714 6678834.16418985 280000
121998.933367347 5527187.81086595 280000
157838.636020408 5527187.81086595 280000
196105.874693878 877620.580062723 280000
236967.364591837 877620.580062723 280000
280602.019591837 40736.7314382844 280000
327192.819795918 40736.7314382844 280000
376943.076428571 2135.16577956569 280000
430064.233163265 2135.16577956569 280000
486788.064795918 189.762327293367 280000
547358.544795919 189.762327293367 280000
612035.911530612 38.9682981320153 280000
681096.668265306 38.9682981320153 280000
754841.715612245 14.6014309343112 280000
833584.152857143 14.6014309343112 280000
917665.542857143 7.68628249744898 280000
1007447.77959184 7.68628249744898 280000
1103313.08816327 5.08044253316327 280000
1205684.35591837 5.08044253316327 280000
1314992.60265306 3.94879531505102 280000
1431709.51040816 3.94879531505102 280000
1556343.3572449 3.4092496817602 280000
1689422.75234694 3.4092496817602 280000
1831525.09959184 3.12682497704082 280000
1983264.39887755 3.12682497704082 280000
2145291.24612245 2.97142743112245 280000
2318300.96571429 2.97142743112245 280000
2503037.67673469 2.88569786479592 280000
2700302.42540816 2.88569786479592 280000
2910940.98642857 2.84229938966837 280000
3135860.12785714 2.84229938966837 280000
3376027.61112245 2.83751310459184 280000
3632476.2572449 2.83751310459184 280000
3906312.07928571 2.88163164030612 280000
4198710.21612245 2.88163164030612 280000
4510935.26357143 2.97967000701531 280000
4844329.07571429 2.97967000701531 280000
5200322.96357143 3.12000557971939 280000
5580453.96 3.12000557971939 280000
5986352.62102041 3.27311587436225 280000
6419771.48938776 3.27311587436225 280000
6882576.96214286 3.40899554272959 280000
7376757.42306123 3.40899554272959 280000
7904439.50755102 3.52134193686225 280000
8467900.30132653 3.52134193686225 280000
9069559.20795919 3.62790243239796 280000
9712006.41244898 3.62790243239796 280000
10398011.0136735 3.7407825184949 280000
11130525.0906122 3.7407825184949 280000
11912699.9672449 3.87543384821429 280000
12747902.477449 3.87543384821429 280000
13639727.1636735 4.34075394196429 280000
14592016.6080612 4.34075394196429 280000
15608869.564898 4.34075394196429 280000
16694657.2255102 4.34075394196429 280000
0 11210804.1411535 290000
28191.9844897959 11210804.1411535 290000
58286.0082653061 11210804.1411535 290000
90407.4805102041 11210804.1411535 290000
124694.351326531 16912767.9505055 290000
161297.111734694 16912767.9505055 290000
200366.252755102 16191757.8912238 290000
242068.986632653 16191757.8912238 290000
286585.066530612 382988.700798485 290000
334102.60622449 382988.700798485 290000
384826.440714286 4872.50517729252 290000
438969.765612245 4872.50517729252 290000
496766.678061225 285.862796722364 290000
558459.635816326 285.862796722364 290000
624311.998163265 44.1339737914541 290000
694608.025918367 44.1339737914541 290000
769640.340510204 14.0983523760629 290000
849739.186122449 14.0983523760629 290000
935234.806938776 7.4698499730017 290000
1026495.06989796 7.4698499730017 290000
1123912.92377551 5.20833048767007 290000
1227902.21887755 5.20833048767007 290000
1338901.88734694 4.10018358843537 290000
1457388.48408163 4.10018358843537 290000
1583863.64581633 3.46777294387755 290000
1718866.63204082 3.46777294387755 290000
1862978.50530612 3.12623322470238 290000
2016809.59030612 3.12623322470238 290000
2181012.01479592 2.97008137308673 290000
2356288.07020408 2.97008137308673 290000
2543386.03132653 2.91358627763605 290000
2743100.15632653 2.91358627763605 290000
2956283.22765306 2.89935581887755 290000
3183842.37173469 2.89935581887755 290000
3426747.41959184 2.90989367389456 290000
3686035.08714286 2.90989367389456 290000
3962808.97520408 2.95137450318878 290000
4258247.93010204 2.95137450318878 290000
4573614.40428571 3.02715996960034 290000
4910241.91540816 3.02715996960034 290000
5269576.84938776 3.13225983269558 290000
5653145.01795918 3.13225983269558 290000
6062576.7405102 3.25857474936225 290000
6499623.56530612 3.25857474936225 290000
6966141.54826531 3.38442809056122 290000
7464120.51510204 3.38442809056122 290000
7995684.06132653 3.47593324978742 290000
8563097.91285714 3.47593324978742 290000
9168774.10632653 3.5139740355017 290000
9815300.25122449 3.5139740355017 290000
10505422.8086735 3.50532602721088 290000
11242088.8944898 3.50532602721088 290000
12028437.9185714 3.44244725595238 290000
12867814.1258163 3.44244725595238 290000
13763795.8582653 3.18649059566327 290000
14720203.9157143 3.18649059566327 290000
15741109.9163265 3.18649059566327 290000
16830865.5587755 3.18649059566327 290000
0 9591702.51266264 300000
28114.9875510204 9591702.51266264 300000
58122.0895918367 9591702.51266264 300000
90158.8386734694 9591702.51266264 300000
124350.264387755 12284342.3544601 300000
160854.73755102 12284342.3544601 300000
199818.126020408 6869809.46446889 300000
241411.303571429 6869809.46446889 300000
285809.311632653 135271.895276983 300000
333199.694591837 135271.895276983 300000
383790.835102041 4045.23852407929 300000
437791.115816326 4045.23852407929 300000
495438.092959184 284.11013343176 300000
556969.322755102 284.11013343176 300000
622655.702653061 46.651449388818 300000
692772.297755102 46.651449388818 300000
767615.011428571 15.080305297619 300000
847508.920612245 15.080305297619 300000
932791.605204081 7.70859529336735 300000
1023829.81867347 7.70859529336735 300000
1121002.81744898 5.20008491581633 300000
1224735.70214286 5.20008491581633 300000
1335466.07632653 4.06947878380102 300000
1453664.88479592 4.06947878380102 300000
1579836.41357143 3.45570504443027 300000
1714518.28989796 3.45570504443027 300000
1858285.64989796 3.11448713265306 300000
2011751.13857143 3.11448713265306 300000
2175569.07744898 2.9534594375 300000
2350439.6322449 2.9534594375 300000
2537104.64520408 2.89918443898809 300000
2736360.13806122 2.89918443898809 300000
2949056.31204082 2.88996350659014 300000
3176101.7155102 2.88996350659014 300000
3418463.24397959 2.89488654676871 300000
3677174.47540816 2.89488654676871 300000
3953335.67020408 2.91408379868197 300000
4248122.10653061 2.91408379868197 300000
4562796.58326531 2.96781179272959 300000
4898701.08469388 2.96781179272959 300000
5257260.94816327 3.0759102940051 300000
5640005.70234694 3.0759102940051 300000
6048573.23489796 3.24427479506803 300000
6484697.2894898 3.24427479506803 300000
6950244.97469388 3.46014185841837 300000
7447191.75806122 3.46014185841837 300000
7977663.14265306 3.67876999192177 300000
8543917.99642857 3.67876999192177 300000
9148369.3905102 3.8345881207483 300000
9793597.10214286 3.8345881207483 300000
10482347.6146939 3.87606495131803 300000
11217559.1235714 3.87606495131803 300000
12002365.7038775 3.79536008630952 300000
12840109.8133673 3.79536008630952 300000
13734363.1307143 3.59961063159014 300000
14688943.2261224 3.59961063159014 300000
15707913.5613265 3.59961063159014 300000
16795620.9984694 3.59961063159014 300000
0 419677.754449517 30000
19524.4760204082 419677.754449517 30000
40478.8760204082 419677.754449517 30000
62959.4191836735 419677.754449517 30000
87086.3794897959 541.869369108418 30000
112972.012653061 541.869369108418 30000
140752.629183673 95.6140329406888 30000
170559.194081633 95.6140329406888 30000
202546.727142857 50.294079127551 30000
236867.575408163 50.294079127551 30000
273698.140714286 25.8853547512755 30000
313217.497653061 25.8853547512755 30000
355626.102857143 13.7758475280612 30000
401132.43122449 13.7758475280612 30000
449960.994183674 8.65551694132653 30000
502360.357959184 8.65551694132653 30000
558584.434285714 6.30635452678571 30000
618916.535204082 6.30635452678571 30000
683658.682040816 4.97779478443878 30000
753126.259897959 4.97779478443878 30000
827672.07244898 4.11336453380102 30000
907662.287142857 4.11336453380102 30000
993497.817244898 3.57021058290816 30000
1085600.95806122 3.57021058290816 30000
1184436.76897959 3.24666244132653 30000
1290489.01867347 3.24666244132653 30000
1404289.58540816 3.01808619770408 30000
1526405.09326531 3.01808619770408 30000
1657442.25765306 2.8176629744898 30000
1798050.55806122 2.8176629744898 30000
1948932.92908163 2.6439951434949 30000
2110835.06938776 2.6439951434949 30000
2284566.82377551 2.51465050127551 30000
2470991.49214286 2.51465050127551 30000
2671031.175 2.45171825510204 30000
2885688.1555102 2.45171825510204 30000
3116026.19020408 2.47353461862245 30000
3363191.89102041 2.47353461862245 30000
3628412.05255102 2.57541113392857 30000
3913009.68857143 2.57541113392857 30000
4218396.01377551 2.73152230484694 30000
4546094.49857143 2.73152230484694 30000
4897732.85081633 2.90784618622449 30000
5275059.05234694 2.90784618622449 30000
5679949.3772449 3.07901944579082 30000
6114421.75561225 3.07901944579082 30000
6580630.42806122 3.25101123660714 30000
7080900.69153061 3.25101123660714 30000
7617715.5355102 3.45563848086735 30000
8193750.38785714 3.45563848086735 30000
8811862.42377551 3.70390958864796 30000
9475133.32989796 3.70390958864796 30000
10186858.6132653 3.91587577295918 30000
10950579.6743878 3.91587577295918 30000
11770091.8255102 3.86793879655612 30000
12649473.6909184 3.86793879655612 30000
13593097.8979592 3.86793879655612 30000
14605657.8045918 3.86793879655612 30000
0 9635782.17376438 40000
20074.35 9635782.17376438 40000
41597.25 9635782.17376438 40000
64679.7 9635782.17376438 40000
89432.7 113081.410753437 40000
115975.575 113081.410753437 40000
144438.75 521.7751909375 40000
174958.2 521.7751909375 40000
207689.325 97.1484603125 40000
242784.75 97.1484603125 40000
280419.3 36.5464146875 40000
320778.9 36.5464146875 40000
364055.025 14.81660953125 40000
410461.35 14.81660953125 40000
460228.2 8.2389634375 40000
513591.45 8.2389634375 40000
570814.725 6.06933546875 40000
632178.3 6.06933546875 40000
697981.875 4.99988515625 40000
768544.575 4.99988515625 40000
844210.5 4.2428015625 40000
925351.5 4.2428015625 40000
1012361.625 3.67118625 40000
1105665.45 3.67118625 40000
1205718.075 3.25956125 40000
1313007.9 3.25956125 40000
1428059.4 2.964255 40000
1551433.125 2.964255 40000
1683731.25 2.751111875 40000
1825597.575 2.751111875 40000
1977728.625 2.61035 40000
2140862.55 2.61035 40000
2315795.775 2.53881859375 40000
2503385.775 2.53881859375 40000
2704542.75 2.52503609375 40000
2920251.825 2.52503609375 40000
3151564.725 2.55168765625 40000
3399610.875 2.55168765625 40000
3665597.4 2.60621640625 40000
3950825.775 2.60621640625 40000
4256686.275 2.6868359375 40000
4584671.85 2.6868359375 40000
4936383.675 2.7981365625 40000
5313533.925 2.7981365625 40000
5717967.975 2.9443675 40000
6151656.075 2.9443675 40000
6616715.55 3.1294021875 40000
7115416.35 3.1294021875 40000
7650192.15 3.3597271875 40000
8223648.675 3.3597271875 40000
8838588.675 3.65576765625 40000
9498011.925 3.65576765625 40000
10205134.65 4.01878390625 40000
10963406.175 4.01878390625 40000
11776528.35 4.3705671875 40000
12648469.425 4.3705671875 40000
13583483.475 4.3705671875 40000
14586132.6 4.3705671875 40000
0 101107.892486278 50000
20715.8103061224 101107.892486278 50000
42917.7109183673 101107.892486278 50000
66715.3551020408 101107.892486278 50000
92218.396122449 83.5536540125425 50000
119553.800918367 83.5536540125425 50000
148851.422040816 385.444856057185 50000
180252.654489796 385.444856057185 50000
213910.435714286 147.544570336947 50000
249980.58877551 147.544570336947 50000
288642.021632653 42.2840004109269 50000
330079.413469388 42.2840004109269 50000
374488.985918367 18.3421056734694 50000
422090.045510204 18.3421056734694 50000
473104.784387755 10.1861090257228 50000
527784.250816326 10.1861090257228 50000
586388.149897959 6.82673936713435 50000
649202.157244898 6.82673936713435 50000
716520.605306122 5.19976505484694 50000
788675.339489796 5.19976505484694 50000
866006.862040816 4.24419455994898 50000
948893.188163265 4.24419455994898 50000
1037726.76112245 3.61211923278061 50000
1132940.4227551 3.61211923278061 50000
1234987.21418367 3.19630851998299 50000
1344360.57510204 3.19630851998299 50000
1461585.68693878 2.95175889392007 50000
1587225.24408163 2.95175889392007 50000
1721885.22510204 2.82149153613946 50000
1866212.00714286 2.82149153613946 50000
2020901.0227551 2.73414164880952 50000
2186693.87428571 2.73414164880952 50000
2364389.87632653 2.64973147895408 50000
2554840.2844898 2.64973147895408 50000
2758962.72346939 2.57907606079932 50000
2977741.18704082 2.57907606079932 50000
3212223.15244898 2.55381493027211 50000
3463539.77969388 2.55381493027211 50000
3732897.25469388 2.58816573937075 50000
4021591.21734694 2.58816573937075 50000
4331012.5327551 2.6709888224915 50000
4662644.40561224 2.6709888224915 50000
5018085.46510204 2.77257439689626 50000
5399041.10806122 2.77257439689626 50000
5807343.6982653 2.8724225922619 50000
6244961.22326531 2.8724225922619 50000
6713991.52316326 2.9892057244898 50000
7216694.03234694 2.9892057244898 50000
7755486.89387755 3.15833867219388 50000
8332955.61632653 3.15833867219388 50000
8951881.92989796 3.39393087691327 50000
9615240.90081633 3.39393087691327 50000
10326218.245 3.67072120812075 50000
11088239.1841837 3.67072120812075 50000
11904962.6746939 4.02104655803571 50000
12780316.0347959 4.02104655803571 50000
13718512.2583673 4.02104655803571 50000
14724058.6717347 4.02104655803571 50000
0 6094671.69878847 60000
21058.5930612245 6094671.69878847 60000
43624.5318367347 6094671.69878847 60000
67798.1093877551 6094671.69878847 60000
93697.3175510204 159012.451557283 60000
121448.99755102 159012.451557283 60000
151179.990612245 1878.22193885969 60000
183031.886938775 1878.22193885969 60000
217161.025714286 170.679850056122 60000
253723.746122449 170.679850056122 60000
292897.035918367 41.7281879311224 60000
334869.682040816 41.7281879311224 60000
379836.371020408 17.4162342244898 60000
428015.387755102 17.4162342244898 60000
479633.866530612 10.008153627551 60000
534936.640408163 10.008153627551 60000
594189.191020408 6.86579748979592 60000
657671.748979592 6.86579748979592 60000
725685.193469388 5.25114065816326 60000
798554.002040816 5.25114065816326 60000
876626.250612245 4.3116245127551 60000
960273.613469388 4.3116245127551 60000
1049891.36326531 3.69098745153061 60000
1145910.17020408 3.69098745153061 60000
1248781.35306122 3.2650307755102 60000
1358997.5277551 3.2650307755102 60000
1477083.75795918 2.9965624744898 60000
1603597.55510204 2.9965624744898 60000
1739146.57714286 2.83192698979592 60000
1884373.87959184 2.83192698979592 60000
2039966.76489796 2.71014958163265 60000
2206668.58163265 2.71014958163265 60000
2385275.77469388 2.6093648877551 60000
2576631.98571429 2.6093648877551 60000
2781648.70163265 2.54186986989796 60000
3001302.30489796 2.54186986989796 60000
3236639.97306122 2.52194645663265 60000
3488779.67877551 2.52194645663265 60000
3758919.03918367 2.55243382653061 60000
4048347.11510204 2.55243382653061 60000
4358438.51142857 2.62878437755102 60000
4690668.12612245 2.62878437755102 60000
5046617.04979592 2.74743377295918 60000
5427978.46530612 2.74743377295918 60000
5836566.49714286 2.91023178061224 60000
6274325.06081633 2.91023178061224 60000
6743339.66204082 3.12242043367347 60000
7245837.39673469 3.12242043367347 60000
7784213.49918367 3.38692494642857 60000
8361025.44244898 3.38692494642857 60000
8979016.53673469 3.70604370153061 60000
9641133.62816326 3.70604370153061 60000
10350518.2493878 4.08699755357143 60000
11110550.8665306 4.08699755357143 60000
11924844.9795918 4.5085602627551 60000
12797276.6204082 4.5085602627551 60000
13731993.2020408 4.5085602627551 60000
14733445.9665306 4.5085602627551 60000
0 9203844.11344264 70000
21187.8464285714 9203844.11344264 70000
43901.9235714286 9203844.11344264 70000
68253.9785714286 9203844.11344264 70000
94358.6992857143 16838811.9861466 70000
122345.477142857 16838811.9861466 70000
152349.585 12186.0171738199 70000
184515.117857143 12186.0171738199 70000
218997.933571429 169.392531401786 70000
255962.712142857 169.392531401786 70000
295594.718571429 34.8582223988095 70000
338079.217857143 34.8582223988095 70000
383625.000714286 16.4365343571429 70000
432455.561428571 16.4365343571429 70000
484800.275714286 9.85000827083333 70000
540917.926428571 9.85000827083333 70000
601082 6.95074580357143 70000
665577.745714286 6.95074580357143 70000
734719.82 5.38077196428571 70000
808846.405 5.38077196428571 70000
888310.386428571 4.38712911309524 70000
973502.879285714 4.38712911309524 70000
1064832.64285714 3.74612079017857 70000
1162740.78428571 3.74612079017857 70000
1267706.64 3.32819015178571 70000
1380233.07214286 3.32819015178571 70000
1500867.05357143 3.04306952232143 70000
1630193.78642857 3.04306952232143 70000
1768836.70214286 2.83539382886905 70000
1917472.165 2.83539382886905 70000
2076814.76857143 2.68827234375 70000
2247637.92071429 2.68827234375 70000
2430767.96214286 2.60805823511905 70000
2627095.92928571 2.60805823511905 70000
2837565.79142857 2.59986099404762 70000
3063203.85785714 2.59986099404762 70000
3305095.25214286 2.65713753125 70000
3564419.20071429 2.65713753125 70000
3842425.50714286 2.76167992410714 70000
4140461.01857143 2.76167992410714 70000
4459972.56642857 2.88957036309524 70000
4802501.085 2.88957036309524 70000
5169713.95928571 3.02313393005952 70000
5563381.49928571 3.02313393005952 70000
5985415.16928571 3.16457616071429 70000
6437855.825 3.16457616071429 70000
6922894.29857143 3.31531227380952 70000
7442880.22071429 3.31531227380952 70000
8000330.84285714 3.441812 70000
8597948.68142857 3.441812 70000
9238621.51785714 3.4816893110119 70000
9925457.68714286 3.4816893110119 70000
10661780.1964286 3.393951875 70000
11451156.1321429 3.393951875 70000
12297405.4821429 3.15441844345238 70000
13204627.6021429 3.15441844345238 70000
14177215.9192857 3.15441844345238 70000
15219878.5171429 3.15441844345238 70000
0 8299814.94373131 80000
21151.8371428571 8299814.94373131 80000
43825.8542857143 8299814.94373131 80000
68130.7785714286 8299814.94373131 80000
94184.1528571429 636269.272620306 80000
122115.274285714 636269.272620306 80000
152056.378571429 1749.43599478869 80000
184151.455714286 1749.43599478869 80000
218559.188571429 117.11375225 80000
255441.198571429 117.11375225 80000
294976.738571429 36.9904800178571 80000
337359.754285714 36.9904800178571 80000
382795.945714286 19.1765233065476 80000
431499.828571429 19.1765233065476 80000
483709.427142857 11.2255877380952 80000
539674.52 11.2255877380952 80000
599671.332857143 7.20007547023809 80000
663984.907142857 7.20007547023809 80000
732929.67 5.18442974107143 80000
806834.741428571 5.18442974107143 80000
886058.627142857 4.15042604166667 80000
970986.28 4.15042604166667 80000
1062029.1 3.59831132440476 80000
1159621.99571429 3.59831132440476 80000
1264238.07714286 3.2816251547619 80000
1376388.65571429 3.2816251547619 80000
1496608.55142857 3.0613975922619 80000
1625482.54 3.0613975922619 80000
1763630.66 2.88300181845238 80000
1911725.84428571 2.88300181845238 80000
2070476.28857143 2.73940975 80000
2240657.77571429 2.73940975 80000
2423084.29 2.64569380952381 80000
2618643.28 2.64569380952381 80000
2828278.02714286 2.61571425892857 80000
3053002.33857143 2.61571425892857 80000
3293903.48571428 2.64688760416667 80000
3552142.20428571 2.64688760416667 80000
3828967.38714286 2.72596578571429 80000
4125719.02285714 2.72596578571429 80000
4443831.13428571 2.84377188988095 80000
4784837.65571429 2.84377188988095 80000
5150390.06428571 2.99444713988095 80000
5542254.44142857 2.99444713988095 80000
5962326.16571429 3.15358914880952 80000
6412632.85142857 3.15358914880952 80000
6895349.04142857 3.26565891666667 80000
7412810.9 3.26565891666667 80000
7967519.15142857 3.27704588095238 80000
8562153.77285714 3.27704588095238 80000
9199591.62571429 3.18283405654762 80000
9882906.45571428 3.18283405654762 80000
10615407.0942857 3.01607012797619 80000
11400631.5814286 3.01607012797619 80000
12242373.6128571 2.75955120833333 80000
13144703.11 2.75955120833333 80000
14111977.9742857 2.75955120833333 80000
15148879.35 2.75955120833333 80000
0 8624213.9451444 90000
21939.7897959184 8624213.9451444 90000
45442.7433673469 8624213.9451444 90000
70616.7714285714 8624213.9451444 90000
97579.0341836735 7181268.76461859 90000
126465.190816327 7181268.76461859 90000
157404.734183673 55746.621674122 90000
190545.656122449 55746.621674122 90000
226045.197959184 618.050105256165 90000
264069.850510204 618.050105256165 90000
304801.520408163 65.0725373193027 90000
348431.36377551 65.0725373193027 90000
395165.95255102 22.975642727466 90000
445227.274489796 22.975642727466 90000
498849.65 11.9273969430272 90000
556288.981632653 11.9273969430272 90000
617816.587755102 7.46839776360544 90000
683719.20255102 7.46839776360544 90000
754314.391836735 5.38953639243197 90000
829932.054081633 5.38953639243197 90000
910932.919387755 4.3488403252551 90000
997696.216836735 4.3488403252551 90000
1090632.00714286 3.75659677827381 90000
1190184.26581633 3.75659677827381 90000
1296818.5505102 3.34879705038265 90000
1411040.5 3.34879705038265 90000
1533392.75102041 3.04926131590136 90000
1664451.85510204 3.04926131590136 90000
1804834.44489796 2.83716537627551 90000
1955209.56683673 2.83716537627551 90000
2116283.26530612 2.70193655080782 90000
2288820.16479592 2.70193655080782 90000
2473637.30357143 2.63478140093537 90000
2671604.13367347 2.63478140093537 90000
2883657.93673469 2.62962994897959 90000
3110800.74081633 2.62962994897959 90000
3354108.56989796 2.67846597045068 90000
3614731.44387755 2.67846597045068 90000
3893899.54489796 2.76392740221088 90000
4192935.55 2.76392740221088 90000
4513248.46479592 2.86484961309524 90000
4856355.20561224 2.86484961309524 90000
5223880.5994898 2.96737763818027 90000
5617557.38418367 2.96737763818027 90000
6039247.79030612 3.06425962053571 90000
6490946.6244898 3.06425962053571 90000
6974790.51887755 3.1536970482568 90000
7493064.09744898 3.1536970482568 90000
8048218.475 3.2445604389881 90000
8642880.50663265 3.2445604389881 90000
9279855.87091837 3.35509826530612 90000
9962159.90153061 3.35509826530612 90000
10693017.5872449 3.4886506207483 90000
11475885.1540816 3.4886506207483 90000
12314462.3979592 3.57867898809524 90000
13212714.2668367 3.57867898809524 90000
14174883.1933673 3.57867898809524 90000
15205523.0096939 3.57867898809524 90000
0 1458.34805802572 hpsmc
8434.03928571429 1458.34805802572 hpsmc
17495.9647959184 1458.34805802572 hpsmc
27234.4235714286 1458.34805802572 hpsmc
37698.0626530612 405.272512794855 hpsmc
48942.3170408163 405.272512794855 hpsmc
61024.8843877551 171.572383261692 hpsmc
74006.8563265306 171.572383261692 hpsmc
87958.3751020408 23.408866477466 hpsmc
102948.451632653 23.408866477466 hpsmc
119057.410102041 7.2537121747449 hpsmc
136365.574693878 7.2537121747449 hpsmc
154965.714183673 4.23799396534864 hpsmc
174951.728673469 4.23799396534864 hpsmc
196427.700204082 3.25980426530612 hpsmc
219504.49877551 3.25980426530612 hpsmc
244300.913673469 2.73140171067177 hpsmc
270947.04744898 2.73140171067177 hpsmc
299578.659285714 2.31294288244048 hpsmc
330346.215612245 2.31294288244048 hpsmc
363405.839489796 1.94861095790816 hpsmc
398930.623877551 1.94861095790816 hpsmc
437102.712346939 1.64627337032313 hpsmc
478121.218367347 1.64627337032313 hpsmc
522197.7 1.41039414562075 hpsmc
569560.685204082 1.41039414562075 hpsmc
620453.409183673 1.2384395837585 hpsmc
675139.471020408 1.2384395837585 hpsmc
733902.833673469 1.12497460352891 hpsmc
797047.823979592 1.12497460352891 hpsmc
864899.132653061 1.06299912202381 hpsmc
937808.602244898 1.06299912202381 hpsmc
1016152.9644898 1.04598915625 hpsmc
1100338.36561224 1.04598915625 hpsmc
1190799.235 1.0699968480017 hpsmc
1288003.94183673 1.0699968480017 hpsmc
1392454.79510204 1.13473229485544 hpsmc
1504691.43755102 1.13473229485544 hpsmc
1625296.50234694 1.24390530505952 hpsmc
1754891.0877551 1.24390530505952 hpsmc
1894147.20173469 1.4067479744898 hpsmc
2043784.36795918 1.4067479744898 hpsmc
2204576.41377551 1.64139452465986 hpsmc
2377354.86418367 1.64139452465986 hpsmc
2563013.46714286 1.97622475297619 hpsmc
2762512.71887755 1.97622475297619 hpsmc
2976884.38918367 2.44642527147109 hpsmc
3207236.04673469 2.44642527147109 hpsmc
3454760.10969388 3.08373921704932 hpsmc
3720737.23969388 3.08373921704932 hpsmc
4006540.86714286 3.89398349362245 hpsmc
4313650.76714286 3.89398349362245 hpsmc
4643655.32214286 4.83655054953231 hpsmc
4998260.57255102 4.83655054953231 hpsmc
5379300.39867347 6.00742165625 hpsmc
5788746.70265306 6.00742165625 hpsmc
6228715.06510204 6.00742165625 hpsmc
6701481.715 6.00742165625 hpsmc
