0 2519292.06420111 100000
7772.81693877551 2519292.06420111 100000
16055.2683673469 2519292.06420111 100000
24878.2412244898 2519292.06420111 100000
34279.7502040816 8664068.75126881 100000
44295.4340816327 8664068.75126881 100000
54966.8714285714 3873673.00465521 100000
66336.8287755102 3873673.00465521 100000
78450.4485714286 355541.670848831 100000
91356.4371428571 355541.670848831 100000
105107.064693878 4538.11401240561 100000
119758.165306122 4538.11401240561 100000
135366.761020408 327.045675572704 100000
151998.189591837 327.045675572704 100000
169716.600816327 34.9613195114796 100000
188594.460204082 34.9613195114796 100000
208707.797142857 6.1384697172619 100000
230137.392857143 6.1384697172619 100000
252968.780408163 2.29763680697279 100000
277294.620612245 2.29763680697279 100000
303211.138163265 1.38269291794218 100000
330824.061428571 1.38269291794218 100000
360243.870612245 1.03286616241497 100000
391589.361632653 1.03286616241497 100000
424984.082244898 0.867663113520408 100000
460565.835714286 0.867663113520408 100000
498474.80122449 0.782479015306122 100000
538864.225510204 0.782479015306122 100000
581896.858979592 0.737933020833333 100000
627743.767755102 0.737933020833333 100000
676592.649387755 0.717294704931973 100000
728635.953265306 0.717294704931973 100000
784086.324081633 0.710454039965986 100000
843163.534285714 0.710454039965986 100000
906107.551632653 0.712490894982993 100000
973169.035510204 0.712490894982993 100000
1044618.84061224 0.725172359268707 100000
1120744.45306122 0.725172359268707 100000
1201849.99040816 0.754896088010204 100000
1288263.32938775 0.754896088010204 100000
1380331.35408163 0.801976395408163 100000
1478422.33183673 0.801976395408163 100000
1582931.85306122 0.849920448129252 100000
1694280.45530612 0.849920448129252 100000
1812914.81122449 0.87712718835034 100000
1939311.29244898 0.87712718835034 100000
2073978.3455102 0.879344712159864 100000
2217456.49183673 0.879344712159864 100000
2370323.07959184 0.858441580357143 100000
2533192.28367347 0.858441580357143 100000
2706718.66959184 0.809316993197279 100000
2891598.38142857 0.809316993197279 100000
3088576.26959184 0.742721981292517 100000
3298442.32693878 0.742721981292517 100000
3522041.19244898 0.674335130952381 100000
3760269.77530612 0.674335130952381 100000
4014086.75857143 0.674335130952381 100000
4284511.41122449 0.674335130952381 100000
0 1570359.91868209 10000
4783.77714285714 1570359.91868209 10000
9914.99785714285 1570359.91868209 10000
15418.0557142857 1570359.91868209 10000
21320.6407142857 3032.51340959821 10000
27651.7614285714 3032.51340959821 10000
34441.745 23.605047858631 10000
41724.8742857143 23.605047858631 10000
49536.0914285714 8.42788140922619 10000
57914.2942857143 8.42788140922619 10000
66900.3585714286 8.57949652083333 10000
76538.4564285714 8.57949652083333 10000
86876.0564285714 5.31965830654762 10000
97963.2642857143 5.31965830654762 10000
109855.46 2.67237755803571 10000
122610.660714286 2.67237755803571 10000
136291.498571429 1.61020234375 10000
150964.561428571 1.61020234375 10000
166702.370714286 1.20231875446429 10000
183582.062857143 1.20231875446429 10000
201686.707857143 0.997172389880952 10000
221105.309285714 0.997172389880952 10000
241932.804285714 0.853328608630952 10000
264271.382142857 0.853328608630952 10000
288230.484285714 0.751153058035714 10000
313928.782142857 0.751153058035714 10000
341491.54 0.679442001488095 10000
371054.570714286 0.679442001488095 10000
402762.257857143 0.634142205357143 10000
436770.852142857 0.634142205357143 10000
473246.493571428 0.613083520833333 10000
512369.826428571 0.613083520833333 10000
554331.384285714 0.609037154761905 10000
599338.182857143 0.609037154761905 10000
647610.423571429 0.614003773809524 10000
699384.79 0.614003773809524 10000
754916.425714286 0.62674309672619 10000
814477.615714286 0.62674309672619 10000
878360.423571429 0.649325005952381 10000
946878.669285714 0.649325005952381 10000
1020369.24785714 0.679689233630952 10000
1099191.47 0.679689233630952 10000
1183733.655 0.713076561011905 10000
1274409.83428571 0.713076561011905 10000
1371665.685 0.744749745535714 10000
1475978.53 0.744749745535714 10000
1587859.975 0.763958309523809 10000
1707860.52357143 0.763958309523809 10000
1836567.59928571 0.755671912202381 10000
1974614.11642857 0.755671912202381 10000
2122677.16142857 0.722798278273809 10000
2281483.92642857 0.722798278273809 10000
2451813.68714286 0.684860505952381 10000
2634503.07714286 0.684860505952381 10000
2830448.06571429 0.627866629464286 10000
3040611.21 0.627866629464286 10000
3266024.29214286 0.627866629464286 10000
3507792.93428571 0.627866629464286 10000
0 2688234.03428924 110000
7960.21571428571 2688234.03428924 110000
16434.1924489796 2688234.03428924 110000
25456.4273469388 2688234.03428924 110000
35060.1855102041 7074064.86333682 110000
45286.1242857143 7074064.86333682 110000
56171.2048979592 6692168.23139134 110000
67761.0128571429 6692168.23139134 110000
80098.6695918367 5190437.35780999 110000
93233.4567346939 5190437.35780999 110000
107217.12 62547.623233662 110000
122103.869183673 62547.623233662 110000
137952.842244898 747.891142313775 110000
154825.64122449 747.891142313775 110000
172788.796326531 41.4401215046769 110000
191912.533877551 41.4401215046769 110000
212270.776326531 7.54534650340136 110000
233944.838367347 7.54534650340136 110000
257019.730816327 2.74887813435374 110000
281585.392653061 2.74887813435374 110000
307737.923061224 1.49571551828231 110000
335580.813469388 1.49571551828231 110000
365221.251428571 1.05326912712585 110000
396777.512857143 1.05326912712585 110000
430372.801836735 0.866756114795918 110000
466137.714693878 0.866756114795918 110000
504213.936122449 0.776529659013605 110000
544750.543061225 0.776529659013605 110000
587905.236734694 0.729984183673469 110000
633849.270816326 0.729984183673469 110000
682760.059183673 0.709031789540816 110000
734832.264285714 0.709031789540816 110000
790267.940816326 0.705756614370748 110000
849286.392040816 0.705756614370748 110000
912116.77755102 0.713651942602041 110000
979006.73755102 0.713651942602041 110000
1050217.46469388 0.728184890731292 110000
1126029.86428571 0.728184890731292 110000
1206740.85816327 0.750297456632653 110000
1292665.84877551 0.750297456632653 110000
1384142.41530612 0.783916770408163 110000
1481529.08163265 0.783916770408163 110000
1585206.54836735 0.826008931547619 110000
1695583.85306122 0.826008931547619 110000
1813092.21 0.866681678996599 110000
1938192.40244898 0.866681678996599 110000
2071374.78265306 0.903460664115646 110000
2213161.73591837 0.903460664115646 110000
2364110.14469388 0.944744298469388 110000
2524810.15653061 0.944744298469388 110000
2695892.57632653 1.00387199064626 110000
2878028.86632653 1.00387199064626 110000
3071932.37816327 1.10097477423469 110000
3278363.28102041 1.10097477423469 110000
3498131.02571428 1.32018050297619 110000
3732098.04081633 1.32018050297619 110000
3981180.96469388 1.32018050297619 110000
4246356.80571429 1.32018050297619 110000
0 1923621.79444241 120000
8540.99336734694 1923621.79444241 120000
17614.0037755102 1923621.79444241 120000
27254.5902040816 1923621.79444241 120000
37496.9439795918 8482491.77719212 120000
48379.3593877551 8482491.77719212 120000
59940.1307142857 4954398.11748403 120000
72224.3905102041 4954398.11748403 120000
85274.5360204082 632985.427287126 120000
99139.802755102 632985.427287126 120000
113870.793877551 12669.4637511282 120000
129522.215510204 12669.4637511282 120000
146151.509081633 561.778496342474 120000
163817.483673469 561.778496342474 120000
182588.521938776 50.949572690051 120000
202530.27122449 50.949572690051 120000
223717.95244898 9.45543469685374 120000
246228.154183673 9.45543469685374 120000
270145.670918367 3.14165009332483 120000
295555.297142857 3.14165009332483 120000
322551.400918367 1.58554013881803 120000
351233.820918367 1.58554013881803 120000
381707.866428571 1.07229983482143 120000
414084.317346939 1.07229983482143 120000
448482.159489796 0.86633128380102 120000
485028.584591837 0.86633128380102 120000
523857.622653061 0.771473146896258 120000
565110.141938776 0.771473146896258 120000
608940.687244898 0.726303555272109 120000
655506.538673469 0.726303555272109 120000
704980.020510204 0.705227451743197 120000
757544.398265306 0.705227451743197 120000
813389.775714286 0.696970246386054 120000
872722.668469388 0.696970246386054 120000
935761.901020408 0.69940352912415 120000
1002737.23908163 0.69940352912415 120000
1073893.49255102 0.714139990858843 120000
1149494.61846939 0.714139990858843 120000
1229816.8827551 0.73935609417517 120000
1315154.33081633 0.73935609417517 120000
1405820.15520408 0.768202176658163 120000
1502148.06326531 0.768202176658163 120000
1604492.27714286 0.800909029761905 120000
1713226.16612245 0.800909029761905 120000
1828750.45255102 0.847033129251701 120000
1951489.10887755 0.847033129251701 120000
2081892.09295918 0.90122353252551 120000
2220438.08336735 0.90122353252551 120000
2367635.84704082 0.931135244685374 120000
2524025.60693878 0.931135244685374 120000
2690180.40969388 0.910386808035714 120000
2866712.96387755 0.910386808035714 120000
3054267.43408163 0.849888105017007 120000
3253534.48510204 0.849888105017007 120000
3465244.44367347 0.768045466411565 120000
3690175.50438775 0.768045466411565 120000
3929152.36204082 0.768045466411565 120000
4183051.6822449 0.768045466411565 120000
0 2328988.41432152 130000
8783.3093877551 2328988.41432152 130000
18122.7004081633 2328988.41432152 130000
28051.5379591837 2328988.41432152 130000
38607.3575510204 7232593.05107923 130000
49831.8653061224 7232593.05107923 130000
61763.9869387755 14202845.4882638 130000
74449.5991836735 14202845.4882638 130000
87937.3591836735 3975758.2038489 130000
102278.704489796 3975758.2038489 130000
117523.68244898 94432.5229151837 130000
133733.462040816 94432.5229151837 130000
150967.822040816 2234.53735947619 130000
169290.711836735 2234.53735947619 130000
188770.251428571 117.719362362245 130000
209481.511836735 117.719362362245 130000
231500.954285714 13.6605276122449 130000
254911.991020408 13.6605276122449 130000
279802.204897959 3.47374927891156 130000
306266.129795918 3.47374927891156 130000
334401.08 1.62729180272109 130000
364312.711020408 1.62729180272109 130000
396116.409795918 1.08933205952381 130000
429927.563265306 1.08933205952381 130000
465876.850612245 0.871594241496599 130000
504096.34122449 0.871594241496599 130000
544730.616326531 0.770642255102041 130000
587933.988571429 0.770642255102041 130000
633864.94122449 0.727137556122449 130000
682698.64 0.727137556122449 130000
734618.591836735 0.716922452380952 130000
789819.425306123 0.716922452380952 130000
848506.890612245 0.728269993197279 130000
910902.030204082 0.728269993197279 130000
977241.17877551 0.752728896258503 130000
1047770.40244898 0.752728896258503 130000
1122756.62040816 0.784266255102041 130000
1202482.04408163 0.784266255102041 130000
1287242.78693878 0.821251476190476 130000
1377359.98612245 0.821251476190476 130000
1473171.46122449 0.860880981292517 130000
1575035.88489796 0.860880981292517 130000
1683336.95346939 0.894526816326531 130000
1798480.60653061 0.894526816326531 130000
1920900.5877551 0.91593306292517 130000
2051054.27428571 0.91593306292517 130000
2189432.40816327 0.931850899659864 130000
2336553.5355102 0.931850899659864 130000
2492969.56734694 0.95312681462585 130000
2659269.95020408 0.95312681462585 130000
2836077.4955102 0.976441695578231 130000
3024055.33061225 0.976441695578231 130000
3223911.06938776 0.985492503401361 130000
3436395.42204082 0.985492503401361 130000
3662304.9755102 0.964378778911565 130000
3902487.75428571 0.964378778911565 130000
4157846.00081633 0.964378778911565 130000
4429338.95591837 0.964378778911565 130000
0 2585855.9647301 140000
9274.99591836735 2585855.9647301 140000
19115.5775510204 2585855.9647301 140000
29553.7591836735 2585855.9647301 140000
40627.6530612245 11773942.8050166 140000
52375.3714285714 11773942.8050166 140000
64838.0755102041 10351748.6994198 140000
78058.4510204082 10351748.6994198 140000
92083.7571428571 6946716.98224814 140000
106962.77755102 6946716.98224814 140000
122745.820408163 113779.615386122 140000
139489.291836735 113779.615386122 140000
157252.646938776 2059.09592112245 140000
176095.340816327 2059.09592112245 140000
196085.975510204 106.412693992347 140000
217293.153061224 106.412693992347 140000
239788.524489796 14.0786473852041 140000
263654.412244898 14.0786473852041 140000
288971.614285714 3.91596011479592 140000
315830.075510204 3.91596011479592 140000
344321.265306122 1.80666968112245 140000
374547.324489796 1.80666968112245 140000
406611.918367347 1.16012720663265 140000
440627.859183673 1.16012720663265 140000
476712.532653061 0.912114948979592 140000
514993.995918367 0.912114948979592 140000
555603.355102041 0.799626658163265 140000
598683.912244898 0.799626658163265 140000
644386.591836735 0.739393431122449 140000
692868.416326531 0.739393431122449 140000
744301.653061224 0.705737142857143 140000
798863.142857143 0.705737142857143 140000
856744.971428572 0.69474493622449 140000
918148.371428571 0.69474493622449 140000
983288.295918367 0.706858278061224 140000
1052391.89387755 0.706858278061224 140000
1125698.51020408 0.738129375 140000
1203467.30816327 0.738129375 140000
1285966.59795918 0.777839158163265 140000
1373486.03265306 0.777839158163265 140000
1466328.98571429 0.80944056122449 140000
1564823.22244898 0.80944056122449 140000
1669308.70408163 0.818384234693878 140000
1780151.30816327 0.818384234693878 140000
1897739.77959184 0.802237346938775 140000
2022481.15714286 0.802237346938775 140000
2154812.96938775 0.771134579081633 140000
2295195.6122449 0.771134579081633 140000
2444119.97142857 0.738024566326531 140000
2602107.42244898 0.738024566326531 140000
2769705.25714286 0.713057869897959 140000
2947500.40408163 0.713057869897959 140000
3136114.85510204 0.706286594387755 140000
3336204.14081633 0.706286594387755 140000
3548468.00204082 0.726314579081633 140000
3773647.34081633 0.726314579081633 140000
4012527.26938775 0.726314579081633 140000
4265941.68367347 0.726314579081633 140000
0 1622445.518288 150000
9471.68693877551 1622445.518288 150000
19521.0290816326 1622445.518288 150000
30185.1945918367 1622445.518288 150000
41502.9003061224 9628932.19072407 150000
53511.3143877551 9628932.19072407 150000
66255.3483673469 12250763.3206533 150000
79778.3651020408 12250763.3206533 150000
94128.3734693877 5879839.87394066 150000
109354.931020408 5879839.87394066 150000
125513.79 159990.819863998 150000
142660.702653061 159990.819863998 150000
160856.067244898 3635.85003208546 150000
180163.379387755 3635.85003208546 150000
200652.329387755 177.077989498724 150000
222394.15622449 177.077989498724 150000
245466.293571429 18.7581751154337 150000
269947.72377551 18.7581751154337 150000
295928.269897959 4.27699733163265 150000
323496.206326531 4.27699733163265 150000
352750.648163265 1.78008077614796 150000
383793.807857143 1.78008077614796 150000
416735.64122449 1.10560444260204 150000
451692.29877551 1.10560444260204 150000
488786.125714286 0.879427135204081 150000
528148.759285714 0.879427135204081 150000
569918.031428571 0.801690179846939 150000
614242.614795918 0.801690179846939 150000
661277.376734694 0.773120380739796 150000
711189.573979592 0.773120380739796 150000
764152.657959183 0.755191258928571 150000
820355.566836735 0.755191258928571 150000
879996.530816326 0.740517577806122 150000
943283.072142857 0.740517577806122 150000
1010439.74846939 0.733613075255102 150000
1081705.0555102 0.733613075255102 150000
1157328.32969388 0.738823716198979 150000
1237574.39418367 0.738823716198979 150000
1322729.75357143 0.756381801658163 150000
1413091.75316327 0.756381801658163 150000
1508980.96836735 0.785254882653061 150000
1610733.46132653 0.785254882653061 150000
1718708.52428571 0.829066209821429 150000
1833287.13091837 0.829066209821429 150000
1954873.485 0.89560109375 150000
2083895.02040816 0.89560109375 150000
2220807.04714286 0.990441211734694 150000
2366091.20265306 0.990441211734694 150000
2520260.09785714 1.1096019559949 150000
2683857.31714286 1.1096019559949 150000
2857460.51571429 1.22750117665816 150000
3041679.87091837 1.22750117665816 150000
3237164.27693878 1.31418172130102 150000
3444604.44214286 1.31418172130102 150000
3664729.79173469 1.43723028125 150000
3898317.75979592 1.43723028125 150000
4146190.69193877 1.43723028125 150000
4409222.04 1.43723028125 150000
0 2590614.64096975 160000
9899.84530612245 2590614.64096975 160000
20396.3440816327 2590614.64096975 160000
31524.0134693878 2590614.64096975 160000
43322.3016326531 7107692.25728693 160000
55830.6567346939 7107692.25728693 160000
69093.4579591837 7394599.09120569 160000
83155.0844897959 7394599.09120569 160000
98063.2028571429 4443459.29687916 160000
113868.766938776 4443459.29687916 160000
130626.017959184 76650.5320832568 160000
148394.128163265 76650.5320832568 160000
167230.626122449 1751.11666814881 160000
187202.90244898 1751.11666814881 160000
208376.704081633 108.282965233844 160000
230827.64 108.282965233844 160000
254629.675510204 15.9244530382653 160000
279864.994285714 15.9244530382653 160000
306620.711020408 4.50981538435374 160000
334988.871428571 4.50981538435374 160000
365064.808571429 1.99892951955782 160000
396950.430204082 1.99892951955782 160000
430759.149795918 1.2074733494898 160000
466602.737142857 1.2074733494898 160000
504606.111428572 0.909879419217687 160000
544897.479183674 0.909879419217687 160000
587614.908979592 0.79343200255102 160000
632906.331428571 0.79343200255102 160000
680926.251836735 0.752494260204082 160000
731837.393877551 0.752494260204082 160000
785813.986938776 0.746614703231293 160000
843043.409795918 0.746614703231293 160000
903717.972244898 0.758048506802721 160000
968048.064489796 0.758048506802721 160000
1036252.29510204 0.777156210884354 160000
1108564.06571429 0.777156210884354 160000
1185231.57102041 0.798373295918367 160000
1266517.79877551 0.798373295918367 160000
1352698.88612245 0.817419362244898 160000
1444069.05061224 0.817419362244898 160000
1540943.87755102 0.828579220238095 160000
1643653.74530612 0.828579220238095 160000
1752548.75632653 0.826808846938776 160000
1868003.66816327 0.826808846938776 160000
1990411.31877551 0.816583828231293 160000
2120190.84489796 0.816583828231293 160000
2257787.68204082 0.816001693877551 160000
2403671.92081633 0.816001693877551 160000
2558343.23795918 0.84549193537415 160000
2722329.25265306 0.84549193537415 160000
2896192.10122449 0.906328399659864 160000
3080526.79346939 0.906328399659864 160000
3275964.5 0.962898161564626 160000
3483172.5522449 0.962898161564626 160000
3702859.37346939 0.939698395408163 160000
3935779.40979592 0.939698395408163 160000
4182728.19918367 0.939698395408163 160000
4444548.94612245 0.939698395408163 160000
0 2696374.26738509 170000
10311.7071428571 2696374.26738509 170000
21232.6628571429 2696374.26738509 170000
32794.38 2696374.26738509 170000
45038.8757142857 8413241.98815233 170000
58004.6657142857 8413241.98815233 170000
71733.7671428571 7611374.54199949 170000
86271.6985714286 7611374.54199949 170000
101665.729285714 8619563.1968284 170000
117964.879285714 8619563.1968284 170000
135226.922142857 281192.840353246 170000
153504.379285714 281192.840353246 170000
172858.525714286 4539.91413837946 170000
193352.387142857 4539.91413837946 170000
215054.241428571 206.939954263393 170000
238034.117142857 206.939954263393 170000
262367.295 23.5612295714286 170000
288134.307857143 23.5612295714286 170000
315417.439285714 5.44185828125 170000
344309.477142857 5.44185828125 170000
374903.209285714 2.14256061607143 170000
407298.426428571 2.14256061607143 170000
441601.922142857 1.22754979464286 170000
477925.742142857 1.22754979464286 170000
516390.685714286 0.905542375 170000
557119.302857143 0.905542375 170000
600248.149285714 0.784633669642857 170000
645917.282142857 0.784633669642857 170000
694275.512142857 0.743998861607143 170000
745483.905 0.743998861607143 170000
799707.027857143 0.73649996875 170000
857125.204285714 0.73649996875 170000
917925.760714286 0.744265116071428 170000
982306.527857143 0.744265116071428 170000
1050479.34214286 0.76167378125 170000
1122668.295 0.76167378125 170000
1199109.73285714 0.784309058035714 170000
1280054.00785714 0.784309058035714 170000
1365765.47785714 0.803763870535714 170000
1456526.00785714 0.803763870535714 170000
1552633.21928571 0.812090705357143 170000
1654400.49 0.812090705357143 170000
1762163.95714286 0.808144303571428 170000
1876273.76357143 0.808144303571428 170000
1997104.56214286 0.7983621875 170000
2125053.765 0.7983621875 170000
2260538.04214286 0.788445120535714 170000
2404003.82571429 0.788445120535714 170000
2555920.30714286 0.775748794642857 170000
2716784.68928571 0.775748794642857 170000
2887125.68785714 0.751246089285714 170000
3067500.03 0.751246089285714 170000
3258497.70642857 0.708729263392857 170000
3460747.22357143 0.708729263392857 170000
3674910.35142857 0.641662316964286 170000
3901687.37571429 0.641662316964286 170000
4141822.35 0.641662316964286 170000
4396101.345 0.641662316964286 170000
0 2806159.40789884 180000
10771.4036734694 2806159.40789884 180000
22181.0184693878 2806159.40789884 180000
34267.0279591837 2806159.40789884 180000
47069.4339795918 11537476.189714 180000
60630.0566326531 11537476.189714 180000
74994.3525510204 10931253.7672331 180000
90207.778367347 10931253.7672331 180000
106324.882040816 6705369.99668692 180000
123394.756734694 6705369.99668692 180000
141477.405204082 418260.806134361 180000
160631.011938776 418260.806134361 180000
180919.21622449 6032.97224636437 180000
202409.293877551 6032.97224636437 180000
225172.157244898 244.898748622236 180000
249282.355204082 244.898748622236 180000
274823.527959184 26.1420980746173 180000
301875.679183673 26.1420980746173 180000
330531.540408163 5.84211294494048 180000
360885.661428571 5.84211294494048 180000
393036.228571429 2.23324269366497 180000
427092.337755102 2.23324269366497 180000
463166.721428571 1.26194051934524 180000
501377.566836735 1.26194051934524 180000
541852.15255102 0.932417813137755 180000
584725.030204082 0.932417813137755 180000
630138.024489796 0.811423621173469 180000
678240.233163265 0.811423621173469 180000
729193.481836735 0.772626385204082 180000
783163.232653061 0.772626385204082 180000
840333.130408163 0.76785343877551 180000
900886.819897959 0.76785343877551 180000
965029.765102041 0.773868866496599 180000
1032972.88479592 0.773868866496599 180000
1104939.82561225 0.78104343835034 180000
1181170.59857143 0.78104343835034 180000
1261917.94255102 0.791869693027211 180000
1347449.14255102 0.791869693027211 180000
1438047.84795918 0.814518460246599 180000
1534014.07255102 0.814518460246599 180000
1635664.1944898 0.852414139668367 180000
1743336.41112245 0.852414139668367 180000
1857387.10244898 0.900787572916667 180000
1978196.28591837 0.900787572916667 180000
2106160.34336735 0.955915104166667 180000
2241706.56714286 0.955915104166667 180000
2385282.2505102 1.02364927487245 180000
2537363.77897959 1.02364927487245 180000
2698454.81204082 1.1038612912415 180000
2869089.91969388 1.1038612912415 180000
3049834.58244898 1.16551942538265 180000
3241285.19132653 1.16551942538265 180000
3444079.95744898 1.16790211054422 180000
3658886.18418367 1.16790211054422 180000
3886420.26806123 1.11718387266156 180000
4127433.15265306 1.11718387266156 180000
4382723.05642857 1.11718387266156 180000
4653139.10928571 1.11718387266156 180000
0 3392183.26357637 190000
11100.5559183673 3392183.26357637 190000
22848.707755102 3392183.26357637 190000
35282.5493877551 3392183.26357637 190000
48440.1746938775 9020016.79489068 190000
62365.3916326531 9020016.79489068 190000
77100.1034693877 11158754.9506412 190000
92695.7369387755 11158754.9506412 190000
109199.909387755 6633999.23348597 190000
126665.952244898 6633999.23348597 190000
145149.101632653 179761.87167608 190000
164710.307755102 179761.87167608 190000
185410.520816326 4005.45286760587 190000
207318.309795918 4005.45286760587 190000
230504.148367347 193.152867309949 190000
255038.510204082 193.152867309949 190000
281005.201836735 22.6353026785714 190000
308484.220408163 22.6353026785714 190000
337565.086530612 5.68968964668367 190000
368341.130204082 5.68968964668367 190000
400911.395510204 2.41891360714286 190000
435378.735918367 2.41891360714286 190000
471855.528367347 1.42196905484694 190000
510457.959183673 1.42196905484694 190000
551309.833469388 1.01560658418367 190000
594544.479795918 1.01560658418367 190000
640297.131428571 0.826403024234694 190000
688718.259183673 0.826403024234694 190000
739960.238571428 0.744838477040816 190000
794188.777959184 0.744838477040816 190000
851577.204489796 0.722986082908163 190000
912312.178163265 0.722986082908163 190000
976586.073061224 0.731128649234694 190000
1044606.50081633 0.731128649234694 190000
1116590.59653061 0.752215197704082 190000
1192770.73285714 0.752215197704082 190000
1273392.61530612 0.783642646683673 190000
1358711.47285714 0.783642646683673 190000
1449003.48612245 0.83043462627551 190000
1544558.16857143 0.83043462627551 190000
1645680.27122449 0.891206265306122 190000
1752699.30612245 0.891206265306122 190000
1865954.30877551 0.954747646683673 190000
1985809.07571429 0.954747646683673 190000
2112650.25979592 1.00833303443878 190000
2246885.4655102 1.00833303443878 190000
2388943.24897959 1.04790701785714 190000
2539280.73673469 1.04790701785714 190000
2698379.81632653 1.08053680484694 190000
2866752.85040816 1.08053680484694 190000
3044938.86734694 1.11120634438775 190000
3233509.27530612 1.11120634438775 190000
3433071.67163265 1.12834462117347 190000
3644264.12877551 1.12834462117347 190000
3867766.62244898 1.10144082015306 190000
4104295.31755102 1.10144082015306 190000
4354610.18693878 1.10144082015306 190000
4619513.10673469 1.10144082015306 190000
0 3802077.46412407 200000
11450.1351020408 3802077.46412407 200000
23560.9693877551 3802077.46412407 200000
36370.2004081633 3802077.46412407 200000
49919.493877551 7002325.44136156 200000
64248.5314285714 7002325.44136156 200000
79406.9151020408 5740494.6383155 200000
95438.2946938775 5740494.6383155 200000
112396.240408163 14647054.8376127 200000
130332.338367347 14647054.8376127 200000
149304.126938776 872216.966161628 200000
169369.144489796 872216.966161628 200000
190594.849795918 10461.4330528172 200000
213042.749387755 10461.4330528172 200000
236786.254285714 380.617387111395 200000
261900.759591837 380.617387111395 200000
288465.628571429 35.5792958673469 200000
316562.208571429 35.5792958673469 200000
346279.783265306 7.26026724829932 200000
377713.588571429 7.26026724829932 200000
410960.844489796 2.66611382738095 200000
446126.707346939 2.66611382738095 200000
483322.285714286 1.42162342431973 200000
522662.656326531 1.42162342431973 200000
564274.800408163 0.970397792517007 200000
608289.667346939 0.970397792517007 200000
654842.174693877 0.797377607142857 200000
704083.112653061 0.797377607142857 200000
756163.271428571 0.745088789115646 200000
811251.297959184 0.745088789115646 200000
869515.839183673 0.747077004251701 200000
931145.382857143 0.747077004251701 200000
996330.400816326 0.769030040816326 200000
1065277.23755102 0.769030040816326 200000
1138202.15795918 0.793814527210884 200000
1215335.3155102 0.793814527210884 200000
1296920.7522449 0.818193930272109 200000
1383214.41469388 0.818193930272109 200000
1474488.12204082 0.844945964285714 200000
1571027.58204082 0.844945964285714 200000
1673140.32734694 0.873140590986394 200000
1781143.81102041 0.873140590986394 200000
1895381.27918367 0.895812857142857 200000
2016211.85061224 0.895812857142857 200000
2144014.48489796 0.903439170918367 200000
2279191.95061224 0.903439170918367 200000
2422170.82530612 0.886078456632653 200000
2573401.4955102 0.886078456632653 200000
2733358.15673469 0.839411203231292 200000
2902546.74979592 0.839411203231292 200000
3081499.00857143 0.77402331292517 200000
3270776.42816326 0.77402331292517 200000
3470978.20122449 0.707118426870748 200000
3682733.28163265 0.707118426870748 200000
3906708.32081633 0.637613567176871 200000
4143609.65183673 0.637613567176871 200000
4394181.30530612 0.637613567176871 200000
4659212.94571428 0.637613567176871 200000
0 1773934.01020993 20000
5067.01306122449 1773934.01020993 20000
10494.8351020408 1773934.01020993 20000
16307.7102040816 1773934.01020993 20000
22534.1608163265 46057.2415492109 20000
29202.7093877551 46057.2415492109 20000
36345.4436734694 357.722960542517 20000
43995.8775510204 357.722960542517 20000
52189.6640816327 26.7293362015306 20000
60966.0216326531 26.7293362015306 20000
70365.5946938776 8.94674501615646 20000
80433.306122449 8.94674501615646 20000
91216.9310204082 5.01433714880952 20000
102766.383673469 5.01433714880952 20000
115137.282857143 2.76978382397959 20000
128386.673469388 2.76978382397959 20000
142578.017959184 1.67567753656463 20000
157776.917959184 1.67567753656463 20000
174056.81877551 1.21564163095238 20000
191493.304897959 1.21564163095238 20000
210169.091428571 0.991501233843538 20000
230172.597959184 0.991501233843538 20000
251596.52244898 0.862888757653061 20000
274543.545714286 0.862888757653061 20000
299121.34 0.77878318622449 20000
325446.134285714 0.77878318622449 20000
353640.575102041 0.715901585034014 20000
383839.431020408 0.715901585034014 20000
416184.60122449 0.665959073979592 20000
450827.967755102 0.665959073979592 20000
487932.821632653 0.628943768707483 20000
527675.288979592 0.628943768707483 20000
570241.47877551 0.608030277210884 20000
615833.187346939 0.608030277210884 20000
664664.333061224 0.605149806972789 20000
716965.947755102 0.605149806972789 20000
772984.037551021 0.617184200680272 20000
832983.148163265 0.617184200680272 20000
897246.364897959 0.637574780612245 20000
966076.025714286 0.637574780612245 20000
1039797.28653061 0.656206476190476 20000
1118757.40816327 0.656206476190476 20000
1203328.60857143 0.66580606292517 20000
1293910.20204082 0.66580606292517 20000
1390929.3122449 0.667921477891157 20000
1494842.29836735 0.667921477891157 20000
1606140.45959184 0.665226700680272 20000
1725347.18285714 0.665226700680272 20000
1853025.78653061 0.666181905612245 20000
1989778.09428571 0.666181905612245 20000
2136248.00040816 0.708175269557823 20000
2293127.17428571 0.708175269557823 20000
2461155.06040816 0.898252137755102 20000
2641123.15673469 0.898252137755102 20000
2833881.4322449 1.84261556802721 20000
3040337.61387755 1.84261556802721 20000
3261465.03020408 1.84261556802721 20000
3498307.60285714 1.84261556802721 20000
0 4961802.68262027 210000
11602.5919387755 4961802.68262027 210000
23879.2182653061 4961802.68262027 210000
36867.8809183674 4961802.68262027 210000
50610.5820408163 8623663.99802675 210000
65151.323877551 8623663.99802675 210000
80534.1086734694 14229076.0232581 210000
96808.9389795919 14229076.0232581 210000
114027.81744898 6844059.26464494 210000
132246.746938776 6844059.26464494 210000
151521.730306122 1053423.28663988 210000
171916.770816327 1053423.28663988 210000
193493.871632653 18586.0911965804 210000
216321.03622449 18586.0911965804 210000
240474.268469388 608.715838679422 210000
266029.572244898 608.715838679422 210000
293064.951530612 44.2606664153912 210000
321670.410918367 44.2606664153912 210000
351935.955 7.42722892091837 210000
383955.588571429 7.42722892091837 210000
417835.317040816 2.52517882908163 210000
453679.145714286 2.52517882908163 210000
491601.080408163 1.37586186011905 210000
531725.12744898 1.37586186011905 210000
574175.293163265 0.984887746811224 210000
619087.584489796 0.984887746811224 210000
666608.008877551 0.830021512542517 210000
716882.57377551 0.830021512542517 210000
770075.287551021 0.778389711734694 210000
826354.15877551 0.778389711734694 210000
885897.196530612 0.777285488732993 210000
948896.410612245 0.777285488732993 210000
1015547.81102041 0.795369744685374 210000
1086067.40877551 0.795369744685374 210000
1160677.21520408 0.812603957270408 210000
1239617.24255102 0.812603957270408 210000
1323135.50346939 0.822129443239796 210000
1411498.01153061 0.822129443239796 210000
1504988.78122449 0.828917289540816 210000
1603901.82755102 0.828917289540816 210000
1708553.16663265 0.841751277636055 210000
1819276.8155102 0.841751277636055 210000
1936422.79204082 0.865606661352041 210000
2060367.11540816 0.865606661352041 210000
2191499.8055102 0.899670899234694 210000
2330240.88377551 0.899670899234694 210000
2477030.37265306 0.941539701955782 210000
2632336.29602041 0.941539701955782 210000
2796650.67897959 0.992979826318027 210000
2970499.54836735 0.992979826318027 210000
3154432.9322449 1.04934936883503 210000
3349036.8605102 1.04934936883503 210000
3554931.36479592 1.08310525765306 210000
3772768.47836735 1.08310525765306 210000
4003246.23683673 1.0296733650085 210000
4247092.67734694 1.0296733650085 210000
4505085.83959184 1.0296733650085 210000
4778047.7655102 1.0296733650085 210000
0 3194396.6687876 220000
12502.1543877551 3194396.6687876 220000
25701.4882653061 3194396.6687876 220000
39636.111122449 3194396.6687876 220000
54348.6159183673 6709441.48961938 220000
69881.5956122449 6709441.48961938 220000
86282.126632653 9266663.59309484 220000
103595.043673469 9266663.59309484 220000
121876.390102041 12978354.4191594 220000
141175.484081633 12978354.4191594 220000
161550.610714286 765272.887497721 220000
183062.296836735 765272.887497721 220000
205773.311020408 14200.4824526575 220000
229750.905306122 14200.4824526575 220000
255066.815204082 507.633722602041 220000
281792.77622449 507.633722602041 220000
310011.73255102 40.9871766007653 220000
339802.144897959 40.9871766007653 220000
371255.924387755 7.57540998596939 220000
404462.740408163 7.57540998596939 220000
439521.229285714 2.70063179655612 220000
476534.510816326 2.70063179655612 220000
515614.671734694 1.46295139094388 220000
556871.557040816 1.46295139094388 220000
600430.703877551 1.02329584438775 220000
646417.649387755 1.02329584438775 220000
694971.381122449 0.850710294642857 220000
746230.886632653 0.850710294642857 220000
800350.845612245 0.789968625 220000
857488.179489796 0.789968625 220000
917811.018367347 0.77673772002551 220000
981498.701020408 0.77673772002551 220000
1048739.53316327 0.785606582908163 220000
1119730.78744898 0.785606582908163 220000
1194678.70346939 0.808299476403061 220000
1273807.45469388 0.808299476403061 220000
1357350.18153061 0.838044493622449 220000
1445551.23306122 0.838044493622449 220000
1538670.6505102 0.867070287627551 220000
1636984.1672449 0.867070287627551 220000
1740780.96704082 0.888534897321428 220000
1850365.92581633 0.888534897321428 220000
1966061.85336735 0.897044148596939 220000
2088211.73510204 0.897044148596939 220000
2217172.00683673 0.893312594387755 220000
2353326.00520408 0.893312594387755 220000
2497072.75897959 0.886666785076531 220000
2648835.95602041 0.886666785076531 220000
2809061.70153061 0.889655764668367 220000
2978225.24326531 0.889655764668367 220000
3156822.00459184 0.917415912627551 220000
3345378.79316327 0.917415912627551 220000
3544451.55918367 0.995358225765306 220000
3754627.63714286 0.995358225765306 220000
3976523.50408163 1.21783638329082 220000
4210795.98826531 1.21783638329082 220000
4458133.3022449 1.21783638329082 220000
4719264.00979592 1.21783638329082 220000
0 3360391.45592501 230000
12920.4167346939 3360391.45592501 230000
26545.7555102041 3360391.45592501 230000
40913.8644897959 3360391.45592501 230000
56069.6883673469 9285625.99884377 230000
72051.0753061225 9285625.99884377 230000
88905.3355102041 22455798.3588629 230000
106679.779183673 22455798.3588629 230000
125426.44755102 11768075.275526 230000
145197.381836735 11768075.275526 230000
166046.98877551 592441.044598598 230000
188034.406122449 592441.044598598 230000
211223.502653061 11443.4564016518 230000
235680.512653061 11443.4564016518 230000
261471.670408163 512.600655048044 230000
288672.672244898 512.600655048044 230000
317359.214489796 48.2174215982143 230000
347611.724489796 48.2174215982143 230000
379515.360612245 8.89137133588435 230000
413164.743265306 8.89137133588435 230000
448649.761836735 2.92818623129252 230000
486072.133265306 2.92818623129252 230000
525540.671020408 1.49524392814626 230000
567161.823061225 1.49524392814626 230000
611058.595918367 1.02647372789116 230000
657351.630612245 1.02647372789116 230000
706175.76122449 0.84874506122449 230000
757663.456326531 0.84874506122449 230000
811963.743061224 0.782594553996599 230000
869230.379591837 0.782594553996599 230000
929624.220612245 0.767189168792517 230000
993317.948367347 0.767189168792517 230000
1060488.97612245 0.77649843707483 230000
1131328.91020408 0.77649843707483 230000
1206036.45346939 0.795570363095238 230000
1284826.86734694 0.795570363095238 230000
1367920.14428571 0.816372068452381 230000
1455550.46979592 0.816372068452381 230000
1547966.22244898 0.834113394982993 230000
1645432.33938776 0.834113394982993 230000
1748218.48877551 0.844659627976191 230000
1856620.35938776 0.844659627976191 230000
1970943.10204082 0.848518366496599 230000
2091508.42612245 0.848518366496599 230000
2218659.33061225 0.851667451955782 230000
2352755.37306122 0.851667451955782 230000
2494175.03510204 0.859749611819728 230000
2643318.08795918 0.859749611819728 230000
2800605.59244898 0.882443725340136 230000
2966484.63 0.882443725340136 230000
3141425.93714286 0.951472269982993 230000
3325919.1744898 0.951472269982993 230000
3520489.48530612 1.13002393707483 230000
3725685.66795918 1.13002393707483 230000
3942089.63795918 1.60386519982993 230000
4170314.06244898 1.60386519982993 230000
4411002.36020408 1.60386519982993 230000
4664835.79816327 1.60386519982993 230000
0 3334328.45942655 240000
13157.6020408163 3334328.45942655 240000
27036.9897959184 3334328.45942655 240000
41676.5306122449 3334328.45942655 240000
57119.387755102 13001221.7051937 240000
73411.1224489796 13001221.7051937 240000
90597.2959183674 12140311.8226154 240000
108725.867346939 12140311.8226154 240000
127847.193877551 9218365.89441252 240000
148018.826530612 9218365.89441252 240000
169298.316326531 3243639.11942857 240000
191743.214285714 3243639.11942857 240000
215423.06122449 32255.9012441539 240000
240397.806122449 32255.9012441539 240000
266746.581632653 873.848289328231 240000
294538.928571429 873.848289328231 240000
323856.37755102 58.0747396896259 240000
354782.857142857 58.0747396896259 240000
387407.091836735 9.18606707057823 240000
421820.204081633 9.18606707057823 240000
458122.908163265 2.96937786989796 240000
496415.918367347 2.96937786989796 240000
536809.540816327 1.53838573554422 240000
579421.275510204 1.53838573554422 240000
624368.62244898 1.05773480017007 240000
671783.469387755 1.05773480017007 240000
721800.102040816 0.87427093962585 240000
774562.397959184 0.87427093962585 240000
830216.632653061 0.812408588435374 240000
888928.265306122 0.812408588435374 240000
950857.959183673 0.800154017857143 240000
1016187.95918367 0.800154017857143 240000
1085100.51020408 0.801917517006803 240000
1157794.64285714 0.801917517006803 240000
1234476.58163265 0.80421556122449 240000
1315366.93877551 0.80421556122449 240000
1400695.91836735 0.807867453231292 240000
1490708.1122449 0.807867453231292 240000
1585657.70408163 0.819247767857143 240000
1685815.66326531 0.819247767857143 240000
1791469.74489796 0.844736075680272 240000
1902922.09183673 0.844736075680272 240000
2020489.23469388 0.886960140306122 240000
2144506.8877551 0.886960140306122 240000
2275327.55102041 0.942577806122449 240000
2413327.70408163 0.942577806122449 240000
2558898.21428571 1.00504464285714 240000
2712458.7244898 1.00504464285714 240000
2874443.26530612 1.06694696003401 240000
3045314.64285714 1.06694696003401 240000
3225562.04081633 1.11071471088435 240000
3415698.62244898 1.11071471088435 240000
3616268.7244898 1.10414530187075 240000
3827843.06122449 1.10414530187075 240000
4051025.91836735 0.994838329081633 240000
4286455.15306122 0.994838329081633 240000
4534802.19387755 0.994838329081633 240000
4796774.43877551 0.994838329081633 240000
0 3399868.80945827 250000
13608.8797959184 3399868.80945827 250000
27964.3010204082 3399868.80945827 250000
43105.9469387755 3399868.80945827 250000
59080.9414285714 14702713.823353 250000
75931.4479591837 14702713.823353 250000
93704.5904081633 13147959.6155184 250000
112454.933265306 13147959.6155184 250000
132234.560816327 13275834.0007905 250000
153098.03755102 13275834.0007905 250000
175107.368571429 6527336.56561665 250000
198322.07877551 6527336.56561665 250000
222811.613877551 48864.5210484949 250000
248645.419591837 48864.5210484949 250000
275897.902040816 1134.2541128699 250000
304643.467346939 1134.2541128699 250000
334968.922653061 72.3189842104592 250000
366956.114693878 72.3189842104592 250000
400699.29122449 11.0898656875 250000
436292.7 11.0898656875 250000
473840.509591837 3.35719391071429 250000
513446.888571429 3.35719391071429 250000
555228.406530612 1.62547408418367 250000
599301.633061224 1.62547408418367 250000
645793.058571429 1.06481361734694 250000
694834.133877551 1.06481361734694 250000
746566.230612245 0.852141284438776 250000
801138.161020408 0.852141284438776 250000
858703.697755102 0.783227780612245 250000
919429.014489796 0.783227780612245 250000
983485.245306122 0.785320452806123 250000
1051055.92530612 0.785320452806123 250000
1122334.51040816 0.8220998125 250000
1197521.89714286 0.8220998125 250000
1276836.34346939 0.869637057397959 250000
1360503.54795918 0.869637057397959 250000
1448761.61020408 0.910844614795918 250000
1541861.03081633 0.910844614795918 250000
1640069.67183673 0.935398635204082 250000
1743665.31612245 0.935398635204082 250000
1852945.58816327 0.941330456632653 250000
1968222.99367347 0.941330456632653 250000
2089824.91959184 0.937124443877551 250000
2218098.5944898 0.937124443877551 250000
2353411.08857143 0.937682489795918 250000
2496146.83346939 0.937682489795918 250000
2646715.06285714 0.954429034438775 250000
2805544.85204082 0.954429034438775 250000
2973087.59816326 0.992562172193878 250000
3149824.46081633 0.992562172193878 250000
3336258.92142857 1.06260726913265 250000
3532924.22387755 1.06260726913265 250000
3740378.41408163 1.19470913903061 250000
3959216.74102041 1.19470913903061 250000
4190059.25571429 1.52842059821429 250000
4433570.65285714 1.52842059821429 250000
4690442.90938776 1.52842059821429 250000
4961407.6855102 1.52842059821429 250000
0 4498179.35812043 260000
14275.9624489796 4498179.35812043 260000
29306.6963265306 4498179.35812043 260000
45132.6358163265 4498179.35812043 260000
61799.6063265306 8689219.29325709 260000
79348.0420408163 8689219.29325709 260000
97823.7683673469 6880223.91597782 260000
117280.69755102 6880223.91597782 260000
137767.350612245 10961201.0995524 260000
159337.639795918 10961201.0995524 260000
182050.868571429 1168874.6974772 260000
205966.340408163 1168874.6974772 260000
231151.445612245 16212.7939688971 260000
257665.487653061 16212.7939688971 260000
285586.639285714 582.995369035289 260000
314987.682040816 582.995369035289 260000
345944.093061224 49.2522052295918 260000
378539.436326531 49.2522052295918 260000
412859.971428571 9.13220639498299 260000
449000.044795918 9.13220639498299 260000
487054.002857143 3.11239882482993 260000
527121.583265306 3.11239882482993 260000
569310.610510204 1.6171258650085 260000
613736.995918367 1.6171258650085 260000
660513.955204081 1.10629611288265 260000
709768.182142857 1.10629611288265 260000
761631.761734694 0.903816322278912 260000
816239.474591837 0.903816322278912 260000
873742.275 0.829653290391156 260000
934288.421632653 0.829653290391156 260000
998039.65122449 0.81518122215136 260000
1065168.48295918 0.81518122215136 260000
1135852.8272449 0.823414071215986 260000
1210281.37693878 0.823414071215986 260000
1288650.91173469 0.836083448767007 260000
1371168.99377551 0.836083448767007 260000
1458056.66326531 0.846792891581633 260000
1549548.43846939 0.846792891581633 260000
1645884.22887755 0.851830316964286 260000
1747320.11765306 0.851830316964286 260000
1854131.0572449 0.848387795493197 260000
1966594.69571429 0.848387795493197 260000
2085015.6372449 0.837425639030612 260000
2209709.26846939 0.837425639030612 260000
2341004.45408163 0.824329456207483 260000
2479254.31928571 0.824329456207483 260000
2624825.46734694 0.816882827380952 260000
2778103.37081633 0.816882827380952 260000
2939500.45836735 0.81994347045068 260000
3109445.33234694 0.81994347045068 260000
3288388.16 0.830186796981292 260000
3476808.76030612 0.830186796981292 260000
3675208.51714286 0.833415915816326 260000
3884113.07489796 0.833415915816326 260000
4104080.42530612 0.796486028061224 260000
4335698.21183673 0.796486028061224 260000
4579581.03408163 0.796486028061224 260000
4836378.53459184 0.796486028061224 260000
0 5284333.60166754 270000
15071.0286734694 5284333.60166754 270000
30909.0308163265 5284333.60166754 270000
47558.2548979592 5284333.60166754 270000
65057.0495918367 12413364.239583 270000
83452.6132653061 12413364.239583 270000
102786.244489796 8530306.69527828 270000
123105.141632653 8530306.69527828 270000
144465.352755102 3663980.09188276 270000
166914.07622449 3663980.09188276 270000
190513.259897959 108516.462727722 270000
215316.001938776 108516.462727722 270000
241384.250204082 5582.44488803656 270000
268785.852346939 5582.44488803656 270000
297585.706122449 425.689326934524 270000
327860.508877551 425.689326934524 270000
359678.108265306 50.4580353199405 270000
393124.051326531 50.4580353199405 270000
428277.985306122 10.2542939364371 270000
465225.457244898 10.2542939364371 270000
504063.81377551 3.47716763690476 270000
544884.501734694 3.47716763690476 270000
587787.817653061 1.7358121434949 270000
632885.857653061 1.7358121434949 270000
680287.767959184 1.13813823448129 270000
730111.544489796 1.13813823448129 270000
782481.082959184 0.903842589073129 270000
837526.178877551 0.903842589073129 270000
895382.52755102 0.815751261267007 270000
956194.673979592 0.815751261267007 270000
1020113.06295918 0.794407520408163 270000
1087296.98897959 0.794407520408163 270000
1157911.64632653 0.803349398596939 270000
1232134.02887755 0.803349398596939 270000
1310149.98020408 0.822572900297619 270000
1392151.24367347 0.822572900297619 270000
1478341.3622449 0.84045665667517 270000
1568932.72857143 0.84045665667517 270000
1664155.43469388 0.851039415603741 270000
1764239.57265306 0.851039415603741 270000
1869438.83367347 0.850670678358843 270000
1980012.80877551 0.850670678358843 270000
2096232.88857143 0.835958062287415 270000
2218394.06285714 0.835958062287415 270000
2346791.32142857 0.807227285289116 270000
2481752.10295918 0.807227285289116 270000
2623606.79602041 0.772000587159864 270000
2772706.43846939 0.772000587159864 270000
2929422.71744898 0.738236546768707 270000
3094147.96938775 0.738236546768707 270000
3267286.33030612 0.702800897534014 270000
3449268.48530612 0.702800897534014 270000
3640551.66857143 0.651773808460884 270000
3841601.96397959 0.651773808460884 270000
4052926.75397959 0.562379609056122 270000
4275045.22061225 0.562379609056122 270000
4508511.94469388 0.562379609056122 270000
4753905.10622449 0.562379609056122 270000
0 3812440.66675996 280000
15314.0717346939 3812440.66675996 280000
31419.2763265306 3812440.66675996 280000
48351.3039795918 3812440.66675996 280000
66157.7416326531 13317972.1069067 280000
84880.2278571428 13317972.1069067 280000
104566.349591837 14299137.2206164 280000
125266.667959184 14299137.2206164 280000
147031.744081633 10260246.0345579 280000
169918.08744898 10260246.0345579 280000
193985.181734694 1083435.3689128 280000
219289.536428571 1083435.3689128 280000
245896.583571429 14936.0928128761 280000
273871.755204082 14936.0928128761 280000
303292.380102041 627.822240927721 280000
334223.890306122 627.822240927721 280000
366749.562959184 63.6860834681122 280000
400952.675204082 63.6860834681122 280000
436913.53 12.1244952011054 280000
474727.30122449 12.1244952011054 280000
514489.162755102 3.8201716307398 280000
556297.262653061 3.8201716307398 280000
600258.671530612 1.79525444260204 280000
646483.434183673 1.79525444260204 280000
695090.517959184 1.13737740646259 280000
746198.890204082 1.13737740646259 280000
799939.415 0.893909491709184 280000
856445.930612245 0.893909491709184 280000
915864.172040816 0.810440266156463 280000
978339.874285714 0.810440266156463 280000
1044033.64326531 0.796374855867347 280000
1113112.03326531 0.796374855867347 280000
1185744.5727551 0.811394483418367 280000
1262121.6094898 0.811394483418367 280000
1342427.54285714 0.835510156037415 280000
1426870.56571429 0.835510156037415 280000
1515661.84510204 0.859954228103741 280000
1609024.44479592 0.859954228103741 280000
1707196.2994898 0.883623773171769 280000
1810421.2922449 0.883623773171769 280000
1918964.12540816 0.908520169005102 280000
2033095.44969388 0.908520169005102 280000
2153103.76091837 0.93248093622449 280000
2279289.45163265 0.93248093622449 280000
2411976.70785714 0.94476803252551 280000
2551495.66397959 0.94476803252551 280000
2698197.27367347 0.932889886479592 280000
2852453.30989796 0.932889886479592 280000
3014653.39071429 0.892812761479592 280000
3185207.95346939 0.892812761479592 280000
3364542.30642857 0.828539413052721 280000
3553114.47387755 0.828539413052721 280000
3751394.37683673 0.747976212797619 280000
3959884.65234694 0.747976212797619 280000
4179111.73091837 0.644400266369048 280000
4409625.83653061 0.644400266369048 280000
4652012.88336735 0.644400266369048 280000
4906879.60489796 0.644400266369048 280000
0 4929849.68124144 290000
15207.3789795918 4929849.68124144 290000
31223.7526530612 4929849.68124144 290000
48086.4151020408 4929849.68124144 290000
65844.1355102041 14483078.6686582 290000
84542.8142857143 14483078.6686582 290000
104234.089387755 14452455.935603 290000
124966.73 14452455.935603 290000
146800.980408163 5677645.56260178 290000
169791.347346939 5677645.56260178 290000
194000.943877551 109217.601770944 290000
219495.751836735 109217.601770944 290000
246338.884285714 5488.62587523384 290000
274607.798163265 5488.62587523384 290000
304374.212857143 498.400539421344 290000
335718.454081633 498.400539421344 290000
368723.716326531 66.3820010352891 290000
403478.931632653 66.3820010352891 290000
440078.769591837 13.3422326284014 290000
478615.031020408 13.3422326284014 290000
519196.729387755 4.14183647916667 290000
561930.009387755 4.14183647916667 290000
606929.622040816 1.90121522661565 290000
654313.187142857 1.90121522661565 290000
704206.930816327 1.19057769642857 290000
756748.554285714 1.19057769642857 290000
812075.75877551 0.932686731292517 290000
870334.851836735 0.932686731292517 290000
931683.616122449 0.84028825340136 290000
996282.703061224 0.84028825340136 290000
1064307.10795918 0.815138654761905 290000
1135937.56367347 0.815138654761905 290000
1211366.27816327 0.818790366921769 290000
1290794.06571429 0.818790366921769 290000
1374433.21571429 0.835530867346939 290000
1462504.62387755 0.835530867346939 290000
1555243.52979592 0.8601126875 290000
1652902.38571429 0.8601126875 290000
1755736.51265306 0.892254926445578 290000
1864024.18183673 0.892254926445578 290000
1978049.40204082 0.93386412457483 290000
2098122.00102041 0.93386412457483 290000
2224557.54408163 0.986900611819728 290000
2357697.4155102 0.986900611819728 290000
2497897.34346939 1.04743177508503 290000
2645527.4 1.04743177508503 290000
2800983.47612245 1.10098822789116 290000
2964681.54428571 1.10098822789116 290000
3137060.52714286 1.1303872002551 290000
3318573.69122449 1.1303872002551 290000
3509711.59714286 1.12678330102041 290000
3710982.01816326 1.12678330102041 290000
3922924.28408163 1.09107899914966 290000
4146100.67489796 1.09107899914966 290000
4381107.89591837 1.01423765178571 290000
4628574.20897959 1.01423765178571 290000
4889159.43244898 1.01423765178571 290000
5163557.81 1.01423765178571 290000
0 4057711.64312789 300000
16218.2305102041 4057711.64312789 300000
33252.6958163265 4057711.64312789 300000
51142.1106122449 4057711.64312789 300000
69931.6420408163 9427691.04385962 300000
89663.2310204082 9427691.04385962 300000
110388.497142857 6364600.78038732 300000
132155.83377551 6364600.78038732 300000
155020.086734694 10548785.4863218 300000
179029.649387755 10548785.4863218 300000
204249.04622449 529907.963392487 300000
230733.123061224 529907.963392487 300000
258549.630612245 14373.6665813954 300000
287766.319591837 14373.6665813954 300000
318450.940714286 770.753775024872 300000
350677.697142857 770.753775024872 300000
384524.018265306 80.5818258022959 300000
420070.559693877 80.5818258022959 300000
457407.655714286 14.7893356836735 300000
496619.188163265 14.7893356836735 300000
537801.94377551 4.36852976211735 300000
581055.935510204 4.36852976211735 300000
626481.176326531 1.93022322704082 300000
674193.810306122 1.93022322704082 300000
724303.529081633 1.16445195918367 300000
776932.929183673 1.16445195918367 300000
832207.833367347 0.889792714285714 300000
890260.516836735 0.889792714285714 300000
951229.707244898 0.804479240433673 300000
1015267.03714286 0.804479240433673 300000
1082524.13908163 0.803061045918367 300000
1153159.09806122 0.803061045918367 300000
1227346.13020408 0.839813119897959 300000
1305262.67785714 0.839813119897959 300000
1387095.86204082 0.890639598214286 300000
1473045.70867347 0.890639598214286 300000
1563312.24367347 0.937708869260204 300000
1658118.07653061 0.937708869260204 300000
1757689.04295918 0.963800959821428 300000
1862267.10979592 0.963800959821428 300000
1972100.69632653 0.956212610969388 300000
2087454.35295918 0.956212610969388 300000
2208608.76122449 0.914023004464286 300000
2335854.28132653 0.914023004464286 300000
2469494.17836735 0.84723343622449 300000
2609854.30102041 0.84723343622449 300000
2757270.17663265 0.771081095663265 300000
2912096.68989796 0.771081095663265 300000
3074704.85663265 0.699526125 300000
3245488.27622449 0.699526125 300000
3424856.67918367 0.638248023596939 300000
3613239.15336735 0.638248023596939 300000
3811097.04887755 0.586164661989796 300000
4018898.16826531 0.586164661989796 300000
4237145.80255102 0.530781141581633 300000
4466362.60010204 0.530781141581633 300000
4707103.47153061 0.530781141581633 300000
4959949.1372449 0.530781141581633 300000
0 2007732.64545539 30000
5327.05040816326 2007732.64545539 30000
11036.5671428571 2007732.64545539 30000
17155.2857142857 2007732.64545539 30000
23712.912244898 315623.927520196 30000
30740.6381632653 315623.927520196 30000
38273.3681632653 886.083251378826 30000
46346.0069387755 886.083251378826 30000
54997.1724489796 79.2588650790816 30000
64269.1959183674 79.2588650790816 30000
74206.6365306122 19.2811223660714 30000
84857.0240816327 19.2811223660714 30000
96270.8589795918 6.17160475255102 30000
108503.840204082 6.17160475255102 30000
121613.894693878 2.86032517091837 30000
135664.890612245 2.86032517091837 30000
150722.924081633 1.71973848596939 30000
166861.517755102 1.71973848596939 30000
184157.90755102 1.25588047831633 30000
202695.270612245 1.25588047831633 30000
222561.982653061 1.04696134183673 30000
243853.845918367 1.04696134183673 30000
266672.603877551 0.926287955357143 30000
291128.169183673 0.926287955357143 30000
317338.623673469 0.831262401785714 30000
345428.733061224 0.831262401785714 30000
375534.402857143 0.747406040816326 30000
407798.965102041 0.747406040816326 30000
442377.634285714 0.685781308673469 30000
479437.507346939 0.685781308673469 30000
519154.593061224 0.653841038265306 30000
561721.98122449 0.653841038265306 30000
607341.673469388 0.648605334183673 30000
656234.237755102 0.648605334183673 30000
708633.609795918 0.657770910714286 30000
764792.291632653 0.657770910714286 30000
824979.123673469 0.668720401785714 30000
889482.997959184 0.668720401785714 30000
958613.600816327 0.680203674744898 30000
1032702.89816327 0.680203674744898 30000
1112107.36346939 0.699455408163265 30000
1197207.23510204 0.699455408163265 30000
1288411.71489796 0.73183044005102 30000
1386158.2255102 0.73183044005102 30000
1490916.12367347 0.779748581632653 30000
1603188.1855102 0.779748581632653 30000
1723514.31979592 0.842671409438775 30000
1852470.82530612 0.842671409438775 30000
1990677.81734694 0.905108418367347 30000
2138799.2277551 0.905108418367347 30000
2297545.03285714 0.950318970663265 30000
2467677.93734694 0.950318970663265 30000
2650014.11693878 1.00466260841837 30000
2845429.9022449 1.00466260841837 30000
3054863.26408163 1.15446656122449 30000
3279319.75469388 1.15446656122449 30000
3519876.22102041 1.15446656122449 30000
3777688.23122449 1.15446656122449 30000
0 1875099.7251412 40000
5694.63459183673 1875099.7251412 40000
11785.082755102 1875099.7251412 40000
18298.3876530612 1875099.7251412 40000
25264.0509183673 2264239.34781783 40000
32714.0326530612 2264239.34781783 40000
40681.9319387755 667314.150047431 40000
49203.8063265306 667314.150047431 40000
58317.3523469388 3330.59528301403 40000
68063.5444897959 3330.59528301403 40000
78488.2741836735 138.273858594388 40000
89636.6133673469 138.273858594388 40000
101560.189897959 18.0529948482143 40000
114311.451122449 18.0529948482143 40000
127949.400306122 4.36978592602041 40000
142534.679693878 4.36978592602041 40000
158133.667959184 1.9165646875 40000
174816.84122449 1.9165646875 40000
192659.59255102 1.29668211862245 40000
211741.41244898 1.29668211862245 40000
232149.986326531 1.0627263182398 40000
253975.458061224 1.0627263182398 40000
277318.624897959 0.932222568239796 40000
302283.562040816 0.932222568239796 40000
328983.359081633 0.830607540816326 40000
357538.481020408 0.830607540816326 40000
388077.587755102 0.744393799744898 40000
420739.173061224 0.744393799744898 40000
455670.745102041 0.681117236607143 40000
493028.826428571 0.681117236607143 40000
532983.051428571 0.646056731505102 40000
575713.707857143 0.646056731505102 40000
621414.195306122 0.637378676020408 40000
670289.38622449 0.637378676020408 40000
722561.362346939 0.646087462372449 40000
778465.317244898 0.646087462372449 40000
838254.473265306 0.659352953443877 40000
902198.44255102 0.659352953443877 40000
970584.866020408 0.669050249362245 40000
1043724.33030612 0.669050249362245 40000
1121945.45081633 0.6781175625 40000
1205602.24714286 0.6781175625 40000
1295072.50408163 0.694138588010204 40000
1390759.41061224 0.694138588010204 40000
1493095.65734694 0.719093759566326 40000
1602543.43653061 0.719093759566326 40000
1719596.08102041 0.748149794642857 40000
1844782.16173469 0.748149794642857 40000
1978667.94612245 0.771635006377551 40000
2121857.39816327 0.771635006377551 40000
2274996.27581633 0.785556089285714 40000
2438777.04795918 0.785556089285714 40000
2613938.89438776 0.823954308035714 40000
2801271.80326531 0.823954308035714 40000
3001622.30755102 1.05374778316327 40000
3215895.12397959 1.05374778316327 40000
3445058.07 1.05374778316327 40000
3690143.7027551 1.05374778316327 40000
0 2920247.00383294 50000
6070.17020408163 2920247.00383294 50000
12559.5171428571 2920247.00383294 50000
19498.7336734694 2920247.00383294 50000
26917.6357142857 2377129.54589147 50000
34851.3008163265 2377129.54589147 50000
43333.0526530612 63080.3397528559 50000
52402.3534693877 63080.3397528559 50000
62098.6655102041 1168.15609174022 50000
72466.7126530612 1168.15609174022 50000
83552.0957142857 104.972911103741 50000
95404.8002040816 104.972911103741 50000
108078.319387755 17.1539857372449 50000
121628.777346939 17.1539857372449 50000
136116.682857143 5.14459603869048 50000
151608.683265306 5.14459603869048 50000
168171.425918367 2.53634078911565 50000
185881.204489796 2.53634078911565 50000
204816.943469388 1.5548526420068 50000
225062.828979592 1.5548526420068 50000
246710.939591837 1.11261972534014 50000
269856.861632653 1.11261972534014 50000
294604.950816326 0.91401318920068 50000
321065.701428571 0.91401318920068 50000
349357.500204082 0.809657474914966 50000
379608.380204082 0.809657474914966 50000
411953.39 0.744413230017007 50000
446536.34755102 0.744413230017007 50000
483513.347959184 0.701518135204081 50000
523049.255714286 0.701518135204081 50000
565322.089387755 0.675080258078231 50000
610520.390816326 0.675080258078231 50000
658847.609795918 0.664511318877551 50000
710520.350204082 0.664511318877551 50000
765768.37 0.669997667091837 50000
824841.596734694 0.669997667091837 50000
888002.235102041 0.686263054421769 50000
955535.290204081 0.686263054421769 50000
1027743.30591837 0.705181181547619 50000
1104948.11877551 0.705181181547619 50000
1187497.87346939 0.722866113520408 50000
1275760.00734694 0.722866113520408 50000
1370131.77367347 0.74071912542517 50000
1471035.85693878 0.74071912542517 50000
1578923.88061224 0.761391130102041 50000
1694279.03795918 0.761391130102041 50000
1817618.72285714 0.789665097789116 50000
1949495.40673469 0.789665097789116 50000
2090500.14632653 0.835185528061224 50000
2241264.33755102 0.835185528061224 50000
2402464.10020408 0.898730704081633 50000
2574821.15489796 0.898730704081633 50000
2759107.2077551 0.950928657738095 50000
2956150.08897959 0.950928657738095 50000
3166830.24510204 0.931747448979592 50000
3392093.01612245 0.931747448979592 50000
3632946.88163265 0.931747448979592 50000
3890472.23020408 0.931747448979592 50000
0 1341919.55628592 60000
6258.38632653061 1341919.55628592 60000
12949.0417346939 1341919.55628592 60000
20101.8716326531 1341919.55628592 60000
27748.593877551 5503041.93767295 60000
35923.645 5503041.93767295 60000
44663.2739795918 5508239.45724509 60000
54005.542244898 5508239.45724509 60000
63993.9485714286 85266.0483061256 60000
74671.9917346939 85266.0483061256 60000
86087.7016326531 812.686510844175 60000
98290.9206122449 812.686510844175 60000
111337.834591837 44.4661739289966 60000
125285.535714286 44.4661739289966 60000
140196.553469388 8.09979861840986 60000
156137.042244898 8.09979861840986 60000
173178.59377551 2.95248505165816 60000
191396.424693878 2.95248505165816 60000
210873.001428571 1.6634486817602 60000
231695.321530612 1.6634486817602 60000
253954.913673469 1.18785451764456 60000
277751.46255102 1.18785451764456 60000
303191.902653061 0.947929696003401 60000
330388.605816327 0.947929696003401 60000
359464.818571429 0.805057741284014 60000
390548.318571429 0.805057741284014 60000
423777.758163265 0.720252120748299 60000
459303.570612245 0.720252120748299 60000
497281.626530612 0.676141643707483 60000
537883.202346939 0.676141643707483 60000
581288.636734694 0.658379643707483 60000
627690.955510204 0.658379643707483 60000
677298.590306122 0.656771095238095 60000
730331.753673469 0.656771095238095 60000
787027.876428571 0.66570684630102 60000
847639.795204082 0.66570684630102 60000
912436.658673469 0.685762727040816 60000
981709.364897959 0.685762727040816 60000
1055766.03020408 0.721214984268707 60000
1134936.52030612 0.721214984268707 60000
1219575.16897959 0.773870403061224 60000
1310058.96561224 0.773870403061224 60000
1406791.18010204 0.83627906292517 60000
1510204.08153061 0.83627906292517 60000
1620758.93816327 0.89172112202381 60000
1738949.64234694 0.89172112202381 60000
1865301.80428571 0.92968437627551 60000
2000380.00183673 0.92968437627551 60000
2144786.87428571 0.952494801870748 60000
2299166.7472449 0.952494801870748 60000
2464207.44510204 0.959000738520408 60000
2640647.54081633 0.959000738520408 60000
2829271.82479592 0.927824728103742 60000
3030923.08581633 0.927824728103742 60000
3246500.29857143 0.814763783163265 60000
3476964.9672449 0.814763783163265 60000
3723346.56285714 0.814763783163265 60000
3986743.4294898 0.814763783163265 60000
0 2503859.88194394 70000
6699.8 2503859.88194394 70000
13850.3571428571 2503859.88194394 70000
21484.4357142857 2503859.88194394 70000
29633.8071428571 6873159.88276961 70000
38332.2285714286 6873159.88276961 70000
47618.4214285714 2339910.51013579 70000
57531.1071428571 2339910.51013579 70000
68111.9857142857 1046222.30978458 70000
79407.7214285714 1046222.30978458 70000
91464.9785714286 7627.32506199405 70000
104335.385714286 7627.32506199405 70000
118075.535714286 183.207284895833 70000
132742.021428571 183.207284895833 70000
148397.392857143 15.9330363392857 70000
165110.157142857 15.9330363392857 70000
182950.807142857 3.96818730654762 70000
201994.8 3.96818730654762 70000
222323.55 1.84876412202381 70000
244024.428571429 1.84876412202381 70000
267189.771428571 1.19658936011905 70000
291917.871428571 1.19658936011905 70000
318313.971428571 0.924426532738095 70000
346492.25 0.924426532738095 70000
376570.857142857 0.794488422619048 70000
408679.857142857 0.794488422619048 70000
442955.271428571 0.731793630952381 70000
479543.05 0.731793630952381 70000
518599.071428571 0.698162663690476 70000
560291.128571429 0.698162663690476 70000
604796.942857143 0.681631592261905 70000
652305.157142857 0.681631592261905 70000
703019.307142857 0.682427946428571 70000
757154.842857143 0.682427946428571 70000
814943.1 0.697610386904762 70000
876631.3 0.697610386904762 70000
942481.557142857 0.722022261904762 70000
1012775.84285714 0.722022261904762 70000
1087812.01428571 0.748659791666667 70000
1167912.75 0.748659791666667 70000
1253417.60714286 0.768940967261905 70000
1344691.95714286 0.768940967261905 70000
1442124.00714286 0.780836636904762 70000
1546131.75 0.780836636904762 70000
1657157.00714286 0.789621354166667 70000
1775673.37142857 0.789621354166667 70000
1902187.2 0.795073794642857 70000
2037237.61428571 0.795073794642857 70000
2181400.47142857 0.791871830357143 70000
2335291.34285714 0.791871830357143 70000
2499565.51428571 0.789906800595238 70000
2674923.94285714 0.789906800595238 70000
2862115.24285714 0.810320357142857 70000
3061936.67857143 0.810320357142857 70000
3275241.11428571 0.866727053571429 70000
3502939 0.866727053571429 70000
3746000.35714286 0.866727053571429 70000
4005463.71428571 0.866727053571429 70000
0 1786740.67425936 80000
6999.44846938775 1786740.67425936 80000
14461.6353061224 1786740.67425936 80000
22415.2163265306 1786740.67425936 80000
30893.0926530612 7705007.46431764 80000
39930.2880612245 7705007.46431764 80000
49563.9489795918 5178740.35325754 80000
59832.2831632653 5178740.35325754 80000
70778.805 3459907.32897508 80000
82447.028877551 3459907.32897508 80000
94884.7144897959 16046.95801903 80000
108141.744183673 16046.95801903 80000
122274.368265306 317.806804728316 80000
137338.837040816 317.806804728316 80000
153396.70744898 22.3568477895408 80000
170513.781734694 22.3568477895408 80000
188759.046122449 4.56562110267857 80000
208208.916122449 4.56562110267857 80000
228940.868571429 1.98713271875 80000
251039.809591837 1.98713271875 80000
274597.013265306 1.28411665816327 80000
299706.937653061 1.28411665816327 80000
326473.592755102 0.98074531377551 80000
355006.295204082 0.98074531377551 80000
385419.668265306 0.822716004464286 80000
417838.948469388 0.822716004464286 80000
452396.801632653 0.738681054209184 80000
489234.384183673 0.738681054209184 80000
528501.343163265 0.694972089923469 80000
570357.938877551 0.694972089923469 80000
614975.044897959 0.674738341836735 80000
662534.148061224 0.674738341836735 80000
713230.53244898 0.668956323341837 80000
767271.156734694 0.668956323341837 80000
824874.654183673 0.673177307397959 80000
886278.761938775 0.673177307397959 80000
951731.830408163 0.685019942602041 80000
1021502.37520408 0.685019942602041 80000
1095873.7705102 0.703708133928571 80000
1175150.61704082 0.703708133928571 80000
1259655.55806122 0.730006920918367 80000
1349734.58602041 0.730006920918367 80000
1445754.91989796 0.765391105229592 80000
1548107.12785714 0.765391105229592 80000
1657210.43387755 0.811118801020408 80000
1773509.53377551 0.811118801020408 80000
1897478.8405102 0.863375866071428 80000
2029624.60683673 0.863375866071428 80000
2170485.98663265 0.90429000382653 80000
2320638.21887755 0.90429000382653 80000
2480692.62765306 0.90739659502551 80000
2651302.99010204 0.90739659502551 80000
2833166.5977551 0.861089591836735 80000
3027024.25653061 0.861089591836735 80000
3233667.71602041 0.763292774234694 80000
3453939.6694898 0.763292774234694 80000
3688740.12183673 0.763292774234694 80000
3939026.38959184 0.763292774234694 80000
0 1882079.30205053 90000
7298.83836734694 1882079.30205053 90000
15081.1751020408 1882079.30205053 90000
23377.9187755102 1882079.30205053 90000
32223.2895918367 6374302.81088607 90000
41653.7155102041 6374302.81088607 90000
51706.7283673469 2606050.1193457 90000
62425.3793877551 2606050.1193457 90000
73852.7197959184 8564.89277869898 90000
86036.2163265306 8564.89277869898 90000
99024.4395918367 324.567463553571 90000
112871.479591837 324.567463553571 90000
127634.737959184 86.5572879260204 90000
143373.824081633 86.5572879260204 90000
160153.866734694 20.6561683890306 90000
178043.306326531 20.6561683890306 90000
197116.102653061 5.3852183380102 90000
217449.527142857 5.3852183380102 90000
239128.578367347 2.2394340880102 90000
262239.35877551 2.2394340880102 90000
286880.113469388 1.31828736734694 90000
313149.08755102 1.31828736734694 90000
341155.564897959 0.95244624872449 90000
371014.34877551 0.95244624872449 90000
402846.865714286 0.792701368622449 90000
436784.477142857 0.792701368622449 90000
472966.271632653 0.735801080357143 90000
511540.16877551 0.735801080357143 90000
552665.126938776 0.731620144132653 90000
596508.935510204 0.731620144132653 90000
643252.630408163 0.741644732142857 90000
693087.18244898 0.741644732142857 90000
746216.808979592 0.744158353316327 90000
802860.077755102 0.744158353316327 90000
863248.803061225 0.73969224872449 90000
927630.253469388 0.73969224872449 90000
996269.359591837 0.737305113520408 90000
1069446.50632653 0.737305113520408 90000
1147463.0522449 0.742585327806122 90000
1230639.12183673 0.742585327806122 90000
1319313.6055102 0.755139635204082 90000
1413852.99061224 0.755139635204082 90000
1514643.63428571 0.767907818877551 90000
1622098.38673469 0.767907818877551 90000
1736658.79897959 0.775715452806122 90000
1858795.12285714 0.775715452806122 90000
1989007.41489796 0.78385425 90000
2127828.84795918 0.78385425 90000
2275831.23061224 0.793191214285714 90000
2433620.59163265 0.793191214285714 90000
2601842.69938776 0.790477515306122 90000
2781188.58122449 0.790477515306122 90000
2972394.52346939 0.760203673469388 90000
3176243.17530612 0.760203673469388 90000
3393571.27591837 0.679089371173469 90000
3625270.75836735 0.679089371173469 90000
3872290.95734694 0.679089371173469 90000
4135645.23244898 0.679089371173469 90000
0 96162.7447481633 hpsmc
8124.10775510204 96162.7447481633 hpsmc
16856.3853061225 96162.7447481633 hpsmc
26243.4481632653 96162.7447481633 hpsmc
36334.08 341.099370176871 hpsmc
47181.4008163265 341.099370176871 hpsmc
58840.6987755102 46.9360754013605 hpsmc
71373.7665306122 46.9360754013605 hpsmc
84846.7330612245 17.693619292517 hpsmc
99328.9795918367 17.693619292517 hpsmc
114896.391836735 7.64200084353741 hpsmc
131630.275918367 7.64200084353741 hpsmc
149618.44244898 4.43509540136054 hpsmc
168955.206530612 4.43509540136054 hpsmc
189740.303673469 3.2813231292517 hpsmc
212083.226122449 3.2813231292517 hpsmc
236099.970612245 2.68994304761905 hpsmc
261917.374693878 2.68994304761905 hpsmc
289668.780408163 2.26003466666667 hpsmc
319499.454693877 2.26003466666667 hpsmc
351566.589387755 1.89984854421769 hpsmc
386036.048979592 1.89984854421769 hpsmc
423088.875102041 1.60397556462585 hpsmc
462919.118367347 1.60397556462585 hpsmc
505732.754285714 1.37674979591837 hpsmc
551755.271836735 1.37674979591837 hpsmc
601227.337142857 1.21471346938776 hpsmc
654405.87755102 1.21471346938776 hpsmc
711570.586122449 1.10902680272109 hpsmc
773018.50122449 1.10902680272109 hpsmc
839071.595102041 1.05101036734694 hpsmc
910073.521632653 1.05101036734694 hpsmc
986397.204897959 1.03460234013605 hpsmc
1068440.50285714 1.03460234013605 hpsmc
1156631.6277551 1.0564262585034 hpsmc
1251431.31428571 1.0564262585034 hpsmc
1353336.07183673 1.11603493877551 hpsmc
1462876.01632653 1.11603493877551 hpsmc
1580625.71102041 1.21746206802721 hpsmc
1707199.83020408 1.21746206802721 hpsmc
1843258.57959184 1.37156427210884 hpsmc
1989513.11673469 1.37156427210884 hpsmc
2146727.71918367 1.59826832653061 hpsmc
2315724.12081633 1.59826832653061 hpsmc
2497384.76408163 1.92806628571429 hpsmc
2692659.3044898 1.92806628571429 hpsmc
2902566.77877551 2.40171961904762 hpsmc
3128204.27755102 2.40171961904762 hpsmc
3370751.28163265 3.06539213605442 hpsmc
3631473.99836735 3.06539213605442 hpsmc
3911735.11836735 3.95621589115646 hpsmc
4212998.15183673 3.95621589115646 hpsmc
4536837.18530612 5.06791902040816 hpsmc
4884945.55428571 5.06791902040816 hpsmc
5259139.0955102 6.54987216326531 hpsmc
5661374.57632653 6.54987216326531 hpsmc
6093752.94693878 6.54987216326531 hpsmc
6558533.43346939 6.54987216326531 hpsmc
