0 2333402.97958473 100000
7859.32795918367 2333402.97958473 100000
16224.3695918367 2333402.97958473 100000
25128.1062244898 2333402.97958473 100000
34603.5191836735 5172656.7185708 100000
44689.6974489796 5172656.7185708 100000
55424.5084693877 6476593.79578604 100000
66850.7058163265 6476593.79578604 100000
79011.0430612245 1282998.15475014 100000
91954.3814285714 1282998.15475014 100000
105729.582142857 8238.08844218984 100000
120392.835612245 8238.08844218984 100000
135997.889183673 255.885894187287 100000
152607.040918367 255.885894187287 100000
170286.253469388 25.6881271130952 100000
189101.489489796 25.6881271130952 100000
209128.483877551 5.84707767793367 100000
230442.971530612 5.84707767793367 100000
253129.238061224 2.49236779868197 100000
277275.233673469 2.49236779868197 100000
302975.01622449 1.51462670323129 100000
330328.75122449 1.51462670323129 100000
359441.490306122 1.07728820578231 100000
390428.057346939 1.07728820578231 100000
423406.940816326 0.849655976190476 100000
458508.844489796 0.849655976190476 100000
495869.358265306 0.740341710671769 100000
535633.844285714 0.740341710671769 100000
577956.215408163 0.698354140731292 100000
623002.599795918 0.698354140731292 100000
670946.454795918 0.68789987457483 100000
721974.674591837 0.68789987457483 100000
776286.368673469 0.687401082908163 100000
834092.861836735 0.687401082908163 100000
895618.915714286 0.693605440476191 100000
961103.950306122 0.693605440476191 100000
1030800.82244898 0.711539036777211 100000
1104983.155 0.711539036777211 100000
1183939.22918367 0.741280762329932 100000
1267974.42765306 0.741280762329932 100000
1357416.12061224 0.776130012755102 100000
1452612.44428571 0.776130012755102 100000
1553934.74397959 0.810617893707483 100000
1661776.35255102 0.810617893707483 100000
1776555.03346939 0.846719213010204 100000
1898720.31 0.846719213010204 100000
2028744.9144898 0.883202260629252 100000
2167135.78214286 0.883202260629252 100000
2314431.60795918 0.911834429209184 100000
2471202.84673469 0.911834429209184 100000
2638062.70683673 0.945138952380952 100000
2815657.37795918 0.945138952380952 100000
3004678.24642857 1.06358161437075 100000
3205861.89520408 1.06358161437075 100000
3419990.10387755 1.68260243154762 100000
3647894.73479592 1.68260243154762 100000
3890462.61918367 1.68260243154762 100000
4148638.00020408 1.68260243154762 100000
0 1171974.95029472 10000
5026.25469387755 1171974.95029472 10000
10413.4297959184 1171974.95029472 10000
16187.4555102041 1171974.95029472 10000
22374.9628571429 20387.2013013605 10000
29006.0869387755 20387.2013013605 10000
36113.0653061225 107.157004917517 10000
43730.2379591837 107.157004917517 10000
51893.3465306122 15.0304267355442 10000
60641.6367346939 15.0304267355442 10000
70017.8583673469 8.44230357568027 10000
80066.8636734694 8.44230357568027 10000
90835.6073469388 4.66222587329932 10000
102377.351428571 4.66222587329932 10000
114747.460408163 2.73196600510204 10000
128004.102040816 2.73196600510204 10000
142211.751428571 1.72128081972789 10000
157438.387755102 1.72128081972789 10000
173756.895918367 1.1995172244898 10000
191246.468163265 1.1995172244898 10000
209990.501632653 0.959164965136054 10000
230078 0.959164965136054 10000
251607.07755102 0.861090100340136 10000
274680.053469388 0.861090100340136 10000
299408.35755102 0.802014204081633 10000
325909.726938776 0.802014204081633 10000
354312.411020408 0.741157066326531 10000
384751.667346939 0.741157066326531 10000
417374.667346939 0.68175412244898 10000
452336.992244898 0.68175412244898 10000
489807.53877551 0.63348393792517 10000
529965.715918367 0.63348393792517 10000
573003.547346939 0.602665539965986 10000
619129.175510204 0.602665539965986 10000
668562.656734694 0.591575121598639 10000
721541.567755102 0.591575121598639 10000
778320.304897959 0.599863734693878 10000
839171.485714286 0.599863734693878 10000
904388.051428571 0.624074018707483 10000
974281.164489796 0.624074018707483 10000
1049187.91755102 0.658666604591837 10000
1129467.12857143 0.658666604591837 10000
1215504.94734694 0.701996034013605 10000
1307712.75306122 0.701996034013605 10000
1406534.86326531 0.753669557823129 10000
1512445.02979592 0.753669557823129 10000
1625951.3444898 0.801338208333333 10000
1747599.04244898 0.801338208333333 10000
1877971.90367347 0.822222534863946 10000
2017695.05632653 0.822222534863946 10000
2167440.58326531 0.797650162414966 10000
2327926.12040816 0.797650162414966 10000
2499922.56571429 0.722397089285714 10000
2684256.18163265 0.722397089285714 10000
2881809.99673469 0.591017388605442 10000
3093533.61714286 0.591017388605442 10000
3320443.22653061 0.591017388605442 10000
3563627.89346939 0.591017388605442 10000
0 3282577.79907189 110000
8096.31693877551 3282577.79907189 110000
16719.3552040816 3282577.79907189 110000
25903.9805102041 3282577.79907189 110000
35685.0585714286 1345397.39570917 110000
46101.1907142857 1345397.39570917 110000
57195.9590816327 51603.8229610984 110000
69011.7006122449 51603.8229610984 110000
81595.7330612245 2828.91059160565 110000
94997.8645918367 2828.91059160565 110000
109271.638979592 284.726181010629 110000
124473.090408163 284.726181010629 110000
140663.233877551 49.683842608631 110000
157905.574795918 49.683842608631 110000
176269.844591837 13.3840138112245 110000
195828.265102041 13.3840138112245 110000
216658.038979592 5.13347575276361 110000
238842.594897959 5.13347575276361 110000
262469.097142857 2.591612125 110000
287632.18122449 2.591612125 110000
314431.463469388 1.59276648256803 110000
342974.031428571 1.59276648256803 110000
373371.953469388 1.13264541517857 110000
405746.014387755 1.13264541517857 110000
440224.470204082 0.905123281887755 110000
476946.78377551 0.905123281887755 110000
516054.908367347 0.796915047193878 110000
557706.984897959 0.796915047193878 110000
602067.380306122 0.752279669217687 110000
649311.668367347 0.752279669217687 110000
699629.120102041 0.738390455357143 110000
753216.477755102 0.738390455357143 110000
810290.406836735 0.738429367984694 110000
871073.798877551 0.738429367984694 110000
935809.468673469 0.74592653422619 110000
1004755.17346939 0.74592653422619 110000
1078183.61295918 0.759942862670068 110000
1156387.41010204 0.759942862670068 110000
1239675.3755102 0.780784465986395 110000
1328378.73346939 0.780784465986395 110000
1422849.87673469 0.806775507015306 110000
1523463.61173469 0.806775507015306 110000
1630619.64897959 0.833334672406463 110000
1744743.84826531 0.833334672406463 110000
1866288.21867347 0.853473254251701 110000
1995735.89938776 0.853473254251701 110000
2133601.15969388 0.861720137117347 110000
2280429.39897959 0.861720137117347 110000
2436805.86316327 0.86070062627551 110000
2603350.66387755 0.86070062627551 110000
2780723.75928571 0.861253185586735 110000
2969629.93489796 0.861253185586735 110000
3170820.04877551 0.875793537414966 110000
3385092.27673469 0.875793537414966 110000
3613295.84795918 0.932235006590136 110000
3856338.51622449 0.932235006590136 110000
4115185.31469388 0.932235006590136 110000
4390861.04632653 0.932235006590136 110000
0 1485035.85192117 120000
8478.48673469388 1485035.85192117 120000
17498.3228571429 1485035.85192117 120000
27095.3329591837 1485035.85192117 120000
37305.3416326531 3336623.52510655 120000
48168.1539795918 3336623.52510655 120000
59724.9019387755 10051088.696832 120000
72019.371122449 10051088.696832 120000
85100.6544897959 3748746.31077133 120000
99016.5181632653 3748746.31077133 120000
113822.689285714 63733.7826820166 120000
129574.895 63733.7826820166 120000
146332.842959184 940.231621621173 120000
164162.875 940.231621621173 120000
183131.332959184 49.5710156949405 120000
203312.519693878 49.5710156949405 120000
224782.064897959 7.92024229251701 120000
247624.886122449 7.92024229251701 120000
271927.227755102 2.77835189455782 120000
297781.968367347 2.77835189455782 120000
325288.620714286 1.53454749702381 120000
354553.331734694 1.53454749702381 120000
385688.88255102 1.08102640837585 120000
418813.361632653 1.08102640837585 120000
454054.145306122 0.888173453231292 120000
491546.570918367 0.888173453231292 120000
531435.263673469 0.802410043792517 120000
573872.809795918 0.802410043792517 120000
619022.410204082 0.765620731079932 120000
667057.880510204 0.765620731079932 120000
718160.997346939 0.751091868835034 120000
772530.78622449 0.751091868835034 120000
830375.560510204 0.744758987670068 120000
891915.575102041 0.744758987670068 120000
957388.33377551 0.741132300595238 120000
1027044.60867347 0.741132300595238 120000
1101151.09397959 0.740759127763606 120000
1179994.38642857 0.740759127763606 120000
1263875.67795918 0.750406336522109 120000
1353116.06306122 0.750406336522109 120000
1448060.51928571 0.781559357355442 120000
1549071.27306122 0.781559357355442 120000
1656535.76071429 0.845087194515306 120000
1770869.28214286 0.845087194515306 120000
1892507.03979592 0.939240082057823 120000
2021918.73387755 0.939240082057823 120000
2159599.2744898 1.02575812988946 120000
2306078.0694898 1.02575812988946 120000
2461916.37081633 1.03378549213435 120000
2627712.58183673 1.03378549213435 120000
2804103.58418367 0.944135556760204 120000
2991767.39142857 0.944135556760204 120000
3191421.8222449 0.816187031887755 120000
3403833.78826531 0.816187031887755 120000
3629820.62091837 0.67630803337585 120000
3870247.4177551 0.67630803337585 120000
4126037.65714286 0.67630803337585 120000
4398171.87142857 0.67630803337585 120000
0 3272477.61631506 130000
8811.85683673469 3272477.61631506 130000
18182.5346938775 3272477.61631506 130000
28146.786122449 3272477.61631506 130000
38743.5339795918 5807829.92540589 130000
50010.3110204082 5807829.92540589 130000
61992.9906122449 8389413.55260077 130000
74734.6659183673 8389413.55260077 130000
88283.9905102041 5127651.87438209 130000
102692.398163265 5127651.87438209 130000
118012.712755102 75869.8724979509 130000
134306.09877551 75869.8724979509 130000
151630.940510204 1365.43651619515 130000
170055.352959184 1365.43651619515 130000
189647.451122449 76.4087078852041 130000
210480.910408163 76.4087078852041 130000
232634.966632653 10.5477206957908 130000
256193.025918367 10.5477206957908 130000
281245.444897959 3.10528233992347 130000
307885.360408163 3.10528233992347 130000
336214.249897959 1.59817714795918 130000
366339.15122449 1.59817714795918 130000
398372.662653061 1.12935654655612 130000
432438.503265306 1.12935654655612 130000
468661.782244898 0.924278846938775 130000
507182.899897959 0.924278846938775 130000
548145.036734694 0.809980602678571 130000
591703.884183673 0.809980602678571 130000
638023.474285714 0.74770403125 130000
687280.35 0.74770403125 130000
739659.394897959 0.726021335459183 130000
795358.003469388 0.726021335459183 130000
854587.47122449 0.731885828443878 130000
917571.604591837 0.731885828443878 130000
984548.111020408 0.754611100765306 130000
1055771.37918367 0.754611100765306 130000
1131508.30867347 0.790791402423469 130000
1212046.65061224 0.790791402423469 130000
1297690.83734694 0.838413981505102 130000
1388763.37255102 0.838413981505102 130000
1485609.00153061 0.890050480229592 130000
1588593.32112245 0.890050480229592 130000
1698106.95 0.931104827168367 130000
1814561.35836735 0.931104827168367 130000
1938398.59867347 0.946112137117347 130000
2070085.74520408 0.946112137117347 130000
2210120.4544898 0.926259742346939 130000
2359032.35540816 0.926259742346939 130000
2517384.43928571 0.873574875 130000
2685773.05989796 0.873574875 130000
2864836.27408163 0.802665190688775 130000
3055251.06153061 0.802665190688775 130000
3257734.71489796 0.729531343112245 130000
3473054.5705102 0.729531343112245 130000
3702023.83806122 0.643947394132653 130000
3945508.55112245 0.643947394132653 130000
4204426.17704082 0.643947394132653 130000
4479756.7377551 0.643947394132653 130000
0 4207064.94637874 140000
9286.13387755102 4207064.94637874 140000
19151.5371428571 4207064.94637874 140000
29634.827755102 4207064.94637874 140000
40773.1383673469 4530308.75125887 140000
52608.0575510204 4530308.75125887 140000
65182.6591836735 9373292.93650146 140000
78544.4730612245 9373292.93650146 140000
92739.5436734694 6020730.45811584 140000
107824.312653061 6020730.45811584 140000
123850.765714286 371694.851031796 140000
140878.315102041 371694.851031796 140000
158972.314285714 4669.13815819388 140000
178196.631428571 4669.13815819388 140000
198622.56122449 171.582145522959 140000
220325.854285714 171.582145522959 140000
243385.231836735 17.5201356913265 140000
267886.841632653 17.5201356913265 140000
293919.802040816 4.10619685204082 140000
321580.657959184 4.10619685204082 140000
350971.895510204 1.76407951530612 140000
382198.971428571 1.76407951530612 140000
415379.224897959 1.12537931632653 140000
450632.965714286 1.12537931632653 140000
488090.900816326 0.89776543622449 140000
527891.163673469 0.89776543622449 140000
570179.314285714 0.808040568877551 140000
615111.309795918 0.808040568877551 140000
662852.019183673 0.776929594387755 140000
713576.708571429 0.776929594387755 140000
767474.011836735 0.768481915816327 140000
824739.989387755 0.768481915816327 140000
885587.04 0.764598459183673 140000
950236.474285714 0.764598459183673 140000
1018928.91183673 0.765520586734694 140000
1091915.36938776 0.765520586734694 140000
1169464.68734694 0.776821290816326 140000
1251862.0444898 0.776821290816326 140000
1339411.92857143 0.796681071428571 140000
1432433.68040816 0.796681071428571 140000
1531271.89102041 0.822884346938776 140000
1636288.97510204 0.822884346938776 140000
1747871.1122449 0.859911790816326 140000
1866428.24693878 0.859911790816326 140000
1992398.5444898 0.907364227040816 140000
2126243.93510204 0.907364227040816 140000
2268457.54040816 0.952768178571428 140000
2419560.70285714 0.952768178571428 140000
2580111.89755102 0.987047806122449 140000
2750699.30571429 0.987047806122449 140000
2931951.21183673 1.01178124744898 140000
3124536.00367347 1.01178124744898 140000
3329159.20163265 1.02391743622449 140000
3546575.34122449 1.02391743622449 140000
3777583.51714286 1.00980083928571 140000
4023034.80979592 1.00980083928571 140000
4283829.31469388 1.00980083928571 140000
4560929.51020408 1.00980083928571 140000
0 2908818.37730045 150000
9690.28877551021 2908818.37730045 150000
19976.6604081633 2908818.37730045 150000
30895.3844897959 2908818.37730045 150000
42485.8844897959 19789742.8368577 150000
54787.583877551 19789742.8368577 150000
67844.6369387755 11322843.0684106 150000
81705.9287755102 11322843.0684106 150000
96417.1906122449 4328137.73766141 150000
112033.615306122 4328137.73766141 150000
128610.395714286 85549.3107819643 150000
146204.301632653 85549.3107819643 150000
164879.98755102 2214.08318004677 150000
184703.684897959 2214.08318004677 150000
205744.778979592 137.118322078231 150000
228080.539795918 137.118322078231 150000
251788.237346939 17.942208985119 150000
276951.449387755 17.942208985119 150000
303663.215306122 4.5584043537415 150000
332014.99755102 4.5584043537415 150000
362109.297142857 1.97925856590136 150000
394053.345918367 1.97925856590136 150000
427960.683469388 1.22413486267007 150000
463951.157142857 1.22413486267007 150000
502154.075918367 0.930252610119048 150000
542705.056530612 0.930252610119048 150000
585747.600408163 0.80106518622449 150000
631434.670612245 0.80106518622449 150000
679928.691836735 0.747764655612245 150000
731404.704285714 0.747764655612245 150000
786044.055918367 0.733621485969388 150000
844040.710204082 0.733621485969388 150000
905601.246122449 0.739393738945578 150000
970944.858163265 0.739393738945578 150000
1040303.35632653 0.754791889030612 150000
1113925.89693878 0.754791889030612 150000
1192072.67489796 0.775331516581633 150000
1275021.23142857 0.775331516581633 150000
1363066.45408163 0.800943630527211 150000
1456523.73061224 0.800943630527211 150000
1555724.21816327 0.836566020408163 150000
1661021.15102041 0.836566020408163 150000
1772788.26367347 0.890678017431973 150000
1891424.52163265 0.890678017431973 150000
2017350.96755102 0.968966457057823 150000
2151015.45204082 0.968966457057823 150000
2292895.78755102 1.06907907227891 150000
2443495.01755102 1.06907907227891 150000
2603347.72428571 1.18177434481293 150000
2773024.75959184 1.18177434481293 150000
2953130.09102041 1.28153871938776 150000
3144302.37877551 1.28153871938776 150000
3347224.43734694 1.31695085076531 150000
3562615.35081633 1.31695085076531 150000
3791243.08836735 1.22722631972789 150000
4033921.35040816 1.22722631972789 150000
4291514.29938776 1.22722631972789 150000
4564936.55979592 1.22722631972789 150000
0 3678801.07134641 160000
9846.33234693878 3678801.07134641 160000
20305.5858163265 3678801.07134641 160000
31415.7710204082 3678801.07134641 160000
43216.4823469388 8824893.54979659 160000
55750.4817346939 8824893.54979659 160000
69063.6986734694 5907161.78084896 160000
83203.6464285714 5907161.78084896 160000
98224.1733673469 1464789.88081922 160000
114179.127857143 1464789.88081922 160000
131123.942040816 37720.3769259518 160000
149123.550714286 37720.3769259518 160000
168242.888673469 1682.36247704783 160000
188550.058265306 1682.36247704783 160000
210119.496938776 125.016256965136 160000
233031.977244898 125.016256965136 160000
257366.687959184 17.4795132935799 160000
283215.488061224 17.4795132935799 160000
310671.820306122 4.59326573469388 160000
339833.87877551 4.59326573469388 160000
370809.360204082 1.99569572321429 160000
403712.296428571 1.99569572321429 160000
438659.886836735 1.21943455314626 160000
475780.417244898 1.21943455314626 160000
515208.508571429 0.923400514030612 160000
557088.284387755 0.923400514030612 160000
601571.787142857 0.808438209183674 160000
648820.561938776 0.808438209183674 160000
699007.240306122 0.776934274659864 160000
752315.540204082 0.776934274659864 160000
808937.098469388 0.782530281462585 160000
869079.389693878 0.782530281462585 160000
932960.974897959 0.80108025212585 160000
1000814.66908163 0.80108025212585 160000
1072885.95744898 0.823437883078231 160000
1149439.3305102 0.823437883078231 160000
1230751.94897959 0.847468376913265 160000
1317119.97887755 0.847468376913265 160000
1408857.0077551 0.871855220238095 160000
1506300.37979592 0.871855220238095 160000
1609800.10938776 0.894569200680272 160000
1719734.71887755 0.894569200680272 160000
1836504.90346939 0.915158282312925 160000
1960536.69877551 0.915158282312925 160000
2092278.31326531 0.940158838647959 160000
2232211.21469388 0.940158838647959 160000
2380843.795 0.98199690837585 160000
2538719.28918367 0.98199690837585 160000
2706409.44020408 1.05112870939626 160000
2884525.58540816 1.05112870939626 160000
3073715.48897959 1.13710132334184 160000
3274669.67704082 1.13710132334184 160000
3488116.68632653 1.1765835269983 160000
3714834.15061225 1.1765835269983 160000
3955648.80071429 1.04984519132653 160000
4211436.4644898 1.04984519132653 160000
4483126.81816327 1.04984519132653 160000
4771708.13765306 1.04984519132653 160000
0 1981386.84839362 170000
10304.5942857143 1981386.84839362 170000
21230.8114285714 1981386.84839362 170000
32816.2220408163 1981386.84839362 170000
45101.812244898 8697546.4799512 170000
58126.8604081633 8697546.4799512 170000
71939.1836734694 10460676.1877923 170000
86584.8914285714 10460676.1877923 170000
102113.508571429 8380175.05493324 170000
118579.683265306 8380175.05493324 170000
136039.771428571 129658.993387986 170000
154553.544489796 129658.993387986 170000
174182.481632653 2213.33897789796 170000
194998.308571429 2213.33897789796 170000
217069.335510204 145.782613904762 170000
240470.703673469 145.782613904762 170000
265286.093061224 21.0358996462585 170000
291597.475918367 21.0358996462585 170000
319497.071020408 5.15415432653061 170000
349080.512653061 5.15415432653061 170000
380448.558367347 2.05122023129252 170000
413708.796734694 2.05122023129252 170000
448977.355102041 1.22696867346939 170000
486372.068571429 1.22696867346939 170000
526024.434285714 0.952507523809524 170000
568069.364897959 0.952507523809524 170000
612652.019591837 0.841802299319728 170000
659922.680816327 0.841802299319728 170000
710047.000816326 0.788869006802721 170000
763195.755102041 0.788869006802721 170000
819551.673469388 0.766682421768707 170000
879307.732244898 0.766682421768707 170000
942670.569795918 0.765615074829932 170000
1009855.36326531 0.765615074829932 170000
1081094.36734694 0.776580285714286 170000
1156631.79102041 0.776580285714286 170000
1236727.21306122 0.793985156462585 170000
1321657.28979592 0.793985156462585 170000
1411710.63183673 0.814670340136054 170000
1507196.34285714 0.814670340136054 170000
1608445.72734694 0.838906231292517 170000
1715803.75183673 0.838906231292517 170000
1829639.29142857 0.874793993197279 170000
1950345.12979592 0.874793993197279 170000
2078332.83591837 0.932096292517007 170000
2214043.01061224 0.932096292517007 170000
2357943.57877551 1.00676076870748 170000
2510526.37387755 1.00676076870748 170000
2672315.67673469 1.08402245578231 170000
2843868.2155102 1.08402245578231 170000
3025771.45795918 1.16673828571429 170000
3218650.44244898 1.16673828571429 170000
3423167.77795918 1.28733070068027 170000
3640025.35183673 1.28733070068027 170000
3869969.45306122 1.51591727891156 170000
4113787.35673469 1.51591727891156 170000
4372317.57061224 1.51591727891156 170000
4646448.12734694 1.51591727891156 170000
0 2657137.19234673 180000
10521.428877551 2657137.19234673 180000
21677.6663265306 2657137.19234673 180000
33507.0798979592 2657137.19234673 180000
46049.781122449 8307816.27346728 180000
59349.3694897959 8307816.27346728 180000
73451.1884693878 11622949.0788589 180000
88404.0694897959 11622949.0788589 180000
104258.587959184 9886036.17111617 180000
121070.55122449 9886036.17111617 180000
138895.766632653 1714332.15549041 180000
157797.01744898 1714332.15549041 180000
177837.086938775 13312.2833070899 180000
199087.478265306 13312.2833070899 180000
221619.694591837 356.048039502551 180000
245512.215 356.048039502551 180000
270845.26255102 29.0718127997449 180000
297706.03622449 29.0718127997449 180000
326188.710918367 5.73100396875 180000
356389.205510204 5.73100396875 180000
388412.15877551 2.16120490943878 180000
422365.69744898 2.16120490943878 180000
458368.412142857 1.24723607142857 180000
496542.381428571 1.24723607142857 180000
537020.147755102 0.929388524234694 180000
579941.229489796 0.929388524234694 180000
625450.376938775 0.805071845663265 180000
673704.548265306 0.805071845663265 180000
724871.165510204 0.760164371173469 180000
779122.882653061 0.760164371173469 180000
836649.793469388 0.753413716836735 180000
897645.479693878 0.753413716836735 180000
962322.706836735 0.770214053571429 180000
1030899.47234694 0.770214053571429 180000
1103614.70142857 0.804243455357143 180000
1180717.78316327 0.804243455357143 180000
1262472.05846939 0.847864744897959 180000
1349158.30806122 0.847864744897959 180000
1441074.75244898 0.8912244375 180000
1538535.30795918 0.8912244375 180000
1641876.56265306 0.927444713647959 180000
1751452.54438775 0.927444713647959 180000
1867638.20877551 0.953335544005102 180000
1990834.67112245 0.953335544005102 180000
2121462.2305102 0.967908673469388 180000
2259970.83367347 0.967908673469388 180000
2406836.58704082 0.977260764030612 180000
2562561.75673469 0.977260764030612 180000
2727681.7444898 0.999089575255102 180000
2902765.08765306 0.999089575255102 180000
3088409.97122449 1.06345332206633 180000
3285254.69173469 1.06345332206633 180000
3493974.16928571 1.2167999942602 180000
3715286.92346939 1.2167999942602 180000
3949951.58540816 1.54846494642857 180000
4198773.87367347 1.54846494642857 180000
4462606.59428571 1.54846494642857 180000
4742356.61663265 1.54846494642857 180000
0 2827509.02953463 190000
11272.8280612245 2827509.02953463 190000
23204.3193877551 2827509.02953463 190000
35827.4071428571 2827509.02953463 190000
49186.6479591837 9452008.76440233 190000
63322.7239795918 9452008.76440233 190000
78282.1290816327 7380890.98882281 190000
94111.3571428571 7380890.98882281 190000
110860.776530612 5799471.16483747 190000
128586.567346939 5799471.16483747 190000
147342.97244898 100893.873324973 190000
167191.983673469 100893.873324973 190000
188195.592857143 4094.37708479167 190000
210419.666326531 4094.37708479167 190000
233939.756632653 282.31267698023 190000
258827.541836735 282.31267698023 190000
285164.38622449 31.4622535735544 190000
313031.654081633 31.4622535735544 190000
342522.333163265 6.64766797512755 190000
373729.41122449 6.64766797512755 190000
406753.625 2.43887024872449 190000
441697.648469388 2.43887024872449 190000
478675.779081633 1.3226862414966 190000
517806.18877551 1.3226862414966 190000
559212.86122449 0.947966575255102 190000
603029.466326531 0.947966575255102 190000
649397.422959184 0.81835278380102 190000
698462.024489796 0.81835278380102 190000
750382.125 0.781480555909864 190000
805324.32755102 0.781480555909864 190000
863464.921428571 0.781185933248299 190000
924987.944897959 0.781185933248299 190000
990090.996938775 0.795101809098639 190000
1058981.3627551 0.795101809098639 190000
1131883.7627551 0.811943731930272 190000
1209026.79183673 0.811943731930272 190000
1290658.41734694 0.826933164328231 190000
1377042.10459184 0.826933164328231 190000
1468452.94234694 0.841083123937075 190000
1565183.45459184 0.841083123937075 190000
1667541.66326531 0.860209381377551 190000
1775856.9 0.860209381377551 190000
1890477.86887755 0.891491850552721 190000
2011766.83469388 0.891491850552721 190000
2140115.12091837 0.934087022746599 190000
2275931.48622449 0.934087022746599 190000
2419653.74795918 0.967452030187075 190000
2571737.15867347 0.967452030187075 190000
2732673.77857143 0.958516488095238 190000
2902975.04030612 0.958516488095238 190000
3083185.30969388 0.899664602465986 190000
3273883.82295918 0.899664602465986 190000
3475680.8122449 0.824951524234694 190000
3689221.38010204 0.824951524234694 190000
3915189.37397959 0.757192348001701 190000
4154305.44897959 0.757192348001701 190000
4407338.69132653 0.757192348001701 190000
4675094.99489796 0.757192348001701 190000
0 3807534.37241033 200000
11546.1342857143 3807534.37241033 200000
23766.6830612245 3807534.37241033 200000
36699.2236734694 3807534.37241033 200000
50387.2667346939 7699925.88369093 200000
64874.3228571428 7699925.88369093 200000
80207.8581632653 7498616.65830167 200000
96437.3165306122 7498616.65830167 200000
113612.141836735 9882902.46601218 200000
131789.688979592 9882902.46601218 200000
151029.290612245 212565.657460731 200000
171392.257142857 212565.657460731 200000
192943.854489796 4598.31517763563 200000
215755.281836735 4598.31517763563 200000
239895.760612245 253.724788769983 200000
265446.37877551 253.724788769983 200000
292488.224285714 28.3478107682823 200000
321110.296122449 28.3478107682823 200000
351401.593265306 6.27789737329932 200000
383461.003469388 6.27789737329932 200000
417393.347755102 2.49230929506803 200000
453307.402653061 2.49230929506803 200000
491315.900204082 1.43846660926871 200000
531543.438979592 1.43846660926871 200000
574120.550816327 1.03659501318027 200000
619183.700816327 1.03659501318027 200000
666877.265102041 0.862902791666667 200000
717353.530816326 0.862902791666667 200000
770778.629387755 0.79339706079932 200000
827320.67 0.79339706079932 200000
887163.583877551 0.781122618197279 200000
950501.191020408 0.781122618197279 200000
1017537.20020408 0.800343925595238 200000
1088485.20897959 0.800343925595238 200000
1163574.63693878 0.829750671768707 200000
1243048.74795918 0.829750671768707 200000
1327162.67244898 0.85269675127551 200000
1416187.36285714 0.85269675127551 200000
1510407.61591837 0.863001679421769 200000
1610129.98367347 0.863001679421769 200000
1715672.88469388 0.867443387755102 200000
1827378.47061224 0.867443387755102 200000
1945602.73734694 0.878976172193877 200000
2070731.34714286 0.878976172193877 200000
2203163.80653061 0.903063581207483 200000
2343327.31061224 0.903063581207483 200000
2491674.76530612 0.930208269982993 200000
2648680.83183673 0.930208269982993 200000
2814853.79326531 0.939565523809524 200000
2990725.66571429 0.939565523809524 200000
3176868.02040816 0.909730264030612 200000
3373874.18387755 0.909730264030612 200000
3582382.97102041 0.835663335459184 200000
3803062.86306122 0.835663335459184 200000
4036627.82959184 0.716948585459184 200000
4283827.43979592 0.716948585459184 200000
4545456.75122449 0.716948585459184 200000
4822360.26530612 0.716948585459184 200000
0 1522733.45783308 20000
5188.7387755102 1522733.45783308 20000
10748.7220408163 1522733.45783308 20000
16708.1730612245 1522733.45783308 20000
23094.5914285714 1896633.34739915 20000
29938.3714285714 1896633.34739915 20000
37273.5257142857 7360.94357330357 20000
45134.7906122449 7360.94357330357 20000
53559.0734693877 102.359378755102 20000
62587.6236734694 102.359378755102 20000
72263.1379591837 11.784613875 20000
82632.6551020408 11.784613875 20000
93745.3848979592 4.30137639795918 20000
105655.602857143 4.30137639795918 20000
118419.031836735 2.48125017857143 20000
132097.184081633 2.48125017857143 20000
146756.63755102 1.7086081377551 20000
162466.864897959 1.7086081377551 20000
179303.851836735 1.29637960714286 20000
197347.926122449 1.29637960714286 20000
216685.204897959 1.06149630612245 20000
237409.765714286 1.06149630612245 20000
259619.304489796 0.918605471938776 20000
283421.648571429 0.918605471938776 20000
308930.414693878 0.817185650510204 20000
336267.903673469 0.817185650510204 20000
365565.824081633 0.732838492346939 20000
396963.844897959 0.732838492346939 20000
430613.213877551 0.662462755102041 20000
466674.586530612 0.662462755102041 20000
505322.368163265 0.618381994897959 20000
546740.371836735 0.618381994897959 20000
591128.331428571 0.606589132653061 20000
638698.283265306 0.606589132653061 20000
689678.908163265 0.618820721938775 20000
744314.807755102 0.618820721938775 20000
802867.951836735 0.645067454081633 20000
865619.125714286 0.645067454081633 20000
932869.37755102 0.679143428571429 20000
1004940.74204082 0.679143428571429 20000
1082179.85877551 0.716059821428571 20000
1164956.52489796 0.716059821428571 20000
1253668.76081633 0.752154543367347 20000
1348740.63918367 0.752154543367347 20000
1450628.79795918 0.783112691326531 20000
1559821.71673469 0.783112691326531 20000
1676843.33510204 0.797289153061224 20000
1802255.22367347 0.797289153061224 20000
1936658.75510204 0.785429954081633 20000
2080698.72244898 0.785429954081633 20000
2235065.51020408 0.763077489795918 20000
2400500.16 0.763077489795918 20000
2577795.09428571 0.763317206632653 20000
2767802.07673469 0.763317206632653 20000
2971431.48857143 0.843981168367347 20000
3189661.01265306 0.843981168367347 20000
3423536.35714286 0.843981168367347 20000
3674179.21591837 0.843981168367347 20000
0 4668830.99016098 210000
11993.8535714286 4668830.99016098 210000
24682.1642857143 4668830.99016098 210000
38106.268877551 4668830.99016098 210000
52311.637755102 7263668.85795038 210000
67339.6076530612 7263668.85795038 210000
83239.7826530612 16077904.9909318 210000
100061.766836735 16077904.9909318 210000
117861.364795918 11669986.3200321 210000
136692.314285714 11669986.3200321 210000
156618.687244898 647935.455545898 210000
177698.355102041 647935.455545898 210000
200001.590306122 10444.6788192251 210000
223600.732142857 10444.6788192251 210000
248568.119897959 422.671079016794 210000
274984.360204082 422.671079016794 210000
302932.126530612 39.471836519983 210000
332504.426530612 39.471836519983 210000
363790.134183673 7.35632836522109 210000
396892.591326531 7.35632836522109 210000
431915.139795918 2.53857930165816 210000
468969.38877551 2.53857930165816 210000
508175.214795918 1.3841950085034 210000
549654.56122449 1.3841950085034 210000
593541.772448979 1.01391690157313 210000
639975.326530612 1.01391690157313 210000
689104.035714286 0.881294877763605 210000
741080.845918367 0.881294877763605 210000
796075.237755102 0.832315153061224 210000
854260.825510204 0.832315153061224 210000
915823.624489796 0.812542414965986 210000
980957.917346939 0.812542414965986 210000
1049870.3877551 0.807142803996599 210000
1122782.1872449 0.807142803996599 210000
1199924.80153061 0.813808352465986 210000
1281544.18418367 0.813808352465986 210000
1367898.68979592 0.829042661564626 210000
1459265.2744898 0.829042661564626 210000
1555933.29540816 0.850507622236395 210000
1658208.64438776 0.850507622236395 210000
1766419.94846939 0.879891151147959 210000
1880910.30255102 0.879891151147959 210000
2002043.46989796 0.917219083758503 210000
2130205.94897959 0.917219083758503 210000
2265804.90663265 0.954602993197279 210000
2409272.31173469 0.954602993197279 210000
2561064.93520408 0.97795824829932 210000
2721664.35 0.97795824829932 210000
2891583.13163265 0.974694368622449 210000
3071360.7244898 0.974694368622449 210000
3261569.64234694 0.941353708545918 210000
3462817.53520408 0.941353708545918 210000
3675740.98877551 0.890496607142857 210000
3901019.99234694 0.890496607142857 210000
4139371.73826531 0.837770740858843 210000
4391552.68877551 0.837770740858843 210000
4658368.91020408 0.837770740858843 210000
4940665.73877551 0.837770740858843 210000
0 3688255.77827284 220000
12668.512244898 3688255.77827284 220000
26049.3465306122 3688255.77827284 220000
40180.8239795918 3688255.77827284 220000
55108.0282653061 12706782.3218414 220000
70873.788877551 12706782.3218414 220000
87525.4436734694 15719190.4995029 220000
105114.838877551 15719190.4995029 220000
123689.312346939 8973724.96574002 220000
143309.727040816 8973724.96574002 220000
164032.43755102 543794.140312149 220000
185920.561020408 543794.140312149 220000
209037.214591837 9123.241002767 220000
233454.532142857 9123.241002767 220000
259242.393367347 383.182657407951 220000
286481.948877551 383.182657407951 220000
315249.840918367 37.0943909976616 220000
345636.236836735 37.0943909976616 220000
377729.049795918 7.64571670259354 220000
411627.463877551 7.64571670259354 220000
447428.408979592 2.81800197236394 220000
485242.340102041 2.81800197236394 220000
525181.966428571 1.52478619132653 220000
567366.759693877 1.52478619132653 220000
611920.7 1.05715109204932 220000
658981.29255102 1.05715109204932 220000
708683.788367347 0.866207646258503 220000
761181.471938775 0.866207646258503 220000
816627.627755102 0.792575675807823 220000
875191.319591837 0.792575675807823 220000
937046.119591837 0.774410712372449 220000
1002376.87081633 0.774410712372449 220000
1071379.6872449 0.787137457695578 220000
1144261.95377551 0.787137457695578 220000
1221237.81785714 0.818620889668367 220000
1302539.46040816 0.818620889668367 220000
1388412.58744898 0.857416329931973 220000
1479109.66755102 0.857416329931973 220000
1574905.71112245 0.894774728103741 220000
1676084.74530612 0.894774728103741 220000
1782951.08489796 0.927479176232993 220000
1895820.31561224 0.927479176232993 220000
2015035.07336735 0.955496800807823 220000
2140951.51918367 0.955496800807823 220000
2273941.59336735 0.976418443027211 220000
2414406.54061224 0.976418443027211 220000
2562765.63908163 0.981819091411564 220000
2719462.96295918 0.981819091411564 220000
2884967.38244898 0.960432523809524 220000
3059772.56377551 0.960432523809524 220000
3244401.47755102 0.903443942814626 220000
3439406.39877551 0.903443942814626 220000
3645371.16102041 0.812567467261905 220000
3862911.15642857 0.812567467261905 220000
4092677.84408163 0.690137116496599 220000
4335356.49581633 0.690137116496599 220000
4591675.21295918 0.690137116496599 220000
4862398.16377551 0.690137116496599 220000
0 2294145.32507829 230000
12901.3028571429 2294145.32507829 230000
26528.7621428571 2294145.32507829 230000
40923.6107142857 2294145.32507829 230000
56131.6628571429 13850023.9744172 230000
72194.1514285714 13850023.9744172 230000
89161.4721428572 7975256.60388055 230000
107084.020714286 7975256.60388055 230000
126016.774285714 7187411.86326566 230000
146014.71 7187411.86326566 230000
167139.677142857 345276.74715896 230000
189453.525 345276.74715896 230000
213024.975 8766.53511884821 230000
237925.039285714 8766.53511884821 230000
264224.73 438.530878151786 230000
292008.803571429 438.530878151786 230000
321355.144285714 41.4254250848214 230000
352355.380714286 41.4254250848214 230000
385101.141428571 7.84856459375 230000
419693.217857143 7.84856459375 230000
456230.110714286 2.77646979464286 230000
494826.355714286 2.77646979464286 230000
535596.488571429 1.51977916517857 230000
578664.207857143 1.51977916517857 230000
624155.502857143 1.08680553125 230000
672207.816428571 1.08680553125 230000
722970.045 0.910592334821429 230000
776588.794285714 0.910592334821429 230000
833226.705 0.836869513392857 230000
893055.580714286 0.836869513392857 230000
956254.097142857 0.811051254464286 230000
1023012.38357143 0.811051254464286 230000
1093529.73214286 0.813017450892857 230000
1168019.17928571 0.813017450892857 230000
1246702.92428571 0.835576214285714 230000
1329819.20142857 0.835576214285714 230000
1417615.40785714 0.871798133928572 230000
1510357.26642857 0.871798133928572 230000
1608321.95357143 0.913975910714286 230000
1711804.97142857 0.913975910714286 230000
1821115.56642857 0.956215727678571 230000
1936581.31071429 0.956215727678571 230000
2058550.39285714 0.986820625 230000
2187389.32714286 0.986820625 230000
2323485.24428571 0.985632316964286 230000
2467245.89142857 0.985632316964286 230000
2619104.21357143 0.94723421875 230000
2779513.77214286 0.94723421875 230000
2948955.61714286 0.895072745535714 230000
3127942.86857143 0.895072745535714 230000
3317011.55357143 0.850141339285714 230000
3516727.47857143 0.850141339285714 230000
3727690.81071429 0.810788776785714 230000
3950536.07785714 0.810788776785714 230000
4185932.16857143 0.770763316964286 230000
4434584.62285714 0.770763316964286 230000
4697242.50428571 0.770763316964286 230000
4974693.81857143 0.770763316964286 230000
0 5979758.62322569 240000
13156.8795918367 5979758.62322569 240000
27048.4787755102 5979758.62322569 240000
41721.7444897959 5979758.62322569 240000
57216.5816326531 6830192.49976449 240000
73579.9371428571 6830192.49976449 240000
90858.7579591837 15071323.0262223 240000
109107.033061225 15071323.0262223 240000
128378.751428571 15987635.1863136 240000
148730.249387755 15987635.1863136 240000
170222.557959184 1798944.93084678 240000
192919.055510204 1798944.93084678 240000
216887.815102041 22977.2227033699 240000
242199.257142857 22977.2227033699 240000
268930.844081633 718.941332112245 240000
297157.691020408 718.941332112245 240000
326968.997142857 57.2740769617347 240000
358451.614285714 57.2740769617347 240000
391697.088979592 10.1956818673469 240000
426806.357142857 10.1956818673469 240000
463885.049387755 3.27602096173469 240000
503038.796326531 3.27602096173469 240000
544389.66 1.59484619387755 240000
588057.355102041 1.59484619387755 240000
634170.985714286 1.05231074234694 240000
682871.392653061 1.05231074234694 240000
734299.416734694 0.86270868367347 240000
788609.982857143 0.86270868367347 240000
845967.405306122 0.806533737244898 240000
906535.998367347 0.806533737244898 240000
970501.20244898 0.802347635204082 240000
1038050.80530612 0.802347635204082 240000
1109386.67877551 0.817385326530612 240000
1184720.08408163 0.817385326530612 240000
1264274.01918367 0.838858660714286 240000
1348290.26081633 0.838858660714286 240000
1437012.93306122 0.860439581632653 240000
1530709.63346939 0.860439581632653 240000
1629657.34897959 0.879008073979592 240000
1734149.49795918 0.879008073979592 240000
1844498.27755102 0.894686395408163 240000
1961034.66367347 0.894686395408163 240000
2084099.02163265 0.91031581377551 240000
2214062.2322449 0.91031581377551 240000
2351309.26040816 0.935764966836735 240000
2496248.5444898 0.935764966836735 240000
2649311.99632653 0.991426431122449 240000
2810952.65387755 0.991426431122449 240000
2981654.07061225 1.09398104081633 240000
3161923.27346939 1.09398104081633 240000
3352293.11020408 1.22948164285714 240000
3553336.33346939 1.22948164285714 240000
3765644.47469388 1.36148567602041 240000
3989853.66489796 1.36148567602041 240000
4226628.20326531 1.4713415127551 240000
4476672.29387755 1.4713415127551 240000
4740732.39306123 1.4713415127551 240000
5019590.16734694 1.4713415127551 240000
0 6492181.72048208 250000
13592.3639795918 6492181.72048208 250000
27935.6192857143 6492181.72048208 250000
43071.618877551 6492181.72048208 250000
59042.2157142857 6594313.17606219 250000
75894.1866326531 6594313.17606219 250000
93676.7704081633 9422275.46847857 250000
112441.667755102 9422275.46847857 250000
132243.041326531 21543058.569405 250000
153137.515714286 21543058.569405 250000
175186.639387755 1385285.93139602 250000
198451.960816327 1385285.93139602 250000
222999.952346939 17388.7043815665 250000
248904.472142857 17388.7043815665 250000
276241.840306122 687.481421137968 250000
305085.915 687.481421137968 250000
335522.864081633 60.0437990856718 250000
367638.855408163 60.0437990856718 250000
401529.904591837 10.4628602470238 250000
437292.027244898 10.4628602470238 250000
475028.624795918 3.35515580846088 250000
514850.484489796 3.35515580846088 250000
556868.393571428 1.6695176192602 250000
601205.448979592 1.6695176192602 250000
647992.133469388 1.10195866687925 250000
697361.391734694 1.10195866687925 250000
749458.478163265 0.879404530612245 250000
804428.647142857 0.879404530612245 250000
862436.848571428 0.798545228954082 250000
923645.570408163 0.798545228954082 250000
988234.534183674 0.786497116071429 250000
1056390.8472449 0.786497116071429 250000
1128306.54081633 0.808859726615646 250000
1204195.80357143 0.808859726615646 250000
1284275.28612245 0.844957903911565 250000
1368773.94877551 0.844957903911565 250000
1457940.44734694 0.880804758290816 250000
1552028.36153061 0.880804758290816 250000
1651310.96653061 0.908891376488095 250000
1756076.30918367 0.908891376488095 250000
1866624.74602041 0.928617660926871 250000
1983276.32908163 0.928617660926871 250000
2106370.80591837 0.940829903061224 250000
2236260.23377551 0.940829903061224 250000
2373321.28928571 0.94254300212585 250000
2517947.88265306 0.94254300212585 250000
2670561.00540816 0.929279306972789 250000
2831601.34459184 0.929279306972789 250000
3001531.74469388 0.902356980654762 250000
3180844.59346939 0.902356980654762 250000
3370056.89806122 0.870033776147959 250000
3569715.20887755 0.870033776147959 250000
3780400.54346939 0.83507937457483 250000
4002713.61489796 0.83507937457483 250000
4237304.375 0.770612481930272 250000
4484847.395 0.770612481930272 250000
4746054.17520408 0.770612481930272 250000
5021685.45469388 0.770612481930272 250000
0 4518380.41723374 260000
14285.0585714286 4518380.41723374 260000
29334.1521428571 4518380.41723374 260000
45192.5371428571 4518380.41723374 260000
61900.1457142857 9536276.80587244 260000
79507.5585714286 9536276.80587244 260000
98057.37 12422499.6406701 260000
117600.160714286 12422499.6406701 260000
138194.497857143 10952002.0340163 260000
159893.624285714 10952002.0340163 260000
182758.769285714 379501.718967439 260000
206848.5 379501.718967439 260000
232229.37 12565.6676907247 260000
258973.257142857 12565.6676907247 260000
287154.701428571 730.263682427083 260000
316845.580714286 730.263682427083 260000
348131.083571429 68.5807599375 260000
381093.736428571 68.5807599375 260000
415824.052142857 11.5282765357143 260000
452420.53 11.5282765357143 260000
490979.007142857 3.48854409970238 260000
531605.969285714 3.48854409970238 260000
574415.888571429 1.67357274553571 260000
619517.912857143 1.67357274553571 260000
667045.149285714 1.10028028125 260000
717117.394285714 1.10028028125 260000
769881.065714286 0.890215025297619 260000
825471.932857143 0.890215025297619 260000
884047.062142857 0.818043223214286 260000
945766.182142857 0.818043223214286 260000
1010797.00785714 0.803789666666667 260000
1079315.24071429 0.803789666666667 260000
1151509.89285714 0.812924144345238 260000
1227580.625 0.812924144345238 260000
1307729.76 0.831636790178571 260000
1392180.91785714 0.831636790178571 260000
1481165.705 0.856339257440476 260000
1574921.05214286 0.856339257440476 260000
1673710.51142857 0.885961142857143 260000
1777797.635 0.885961142857143 260000
1887469.93428571 0.915200345238095 260000
2003028.23142857 0.915200345238095 260000
2124786.65928571 0.934273489583333 260000
2253077.98571429 0.934273489583333 260000
2388250.95142857 0.938555102678571 260000
2530680.91857143 0.938555102678571 260000
2680748.57357143 0.932825949404762 260000
2838871.87285714 0.932825949404762 260000
3005476.75928571 0.922382584821428 260000
3181021.12142857 0.922382584821428 260000
3365986.80714286 0.905444700892857 260000
3560874.29928571 0.905444700892857 260000
3766221.35071429 0.874242168154762 260000
3982584.34928571 0.874242168154762 260000
4210556.95285714 0.799408223214286 260000
4450762.10285714 0.799408223214286 260000
4703854.68642857 0.799408223214286 260000
4970529.52285714 0.799408223214286 260000
0 4583515.43677467 270000
14602.738877551 4583515.43677467 270000
29977.9634693878 4583515.43677467 270000
46167.0569387755 4583515.43677467 270000
63214.1613265306 7209721.33098022 270000
81163.4186734694 7209721.33098022 270000
100061.729897959 15896421.3420719 270000
119958.754795918 15896421.3420719 270000
140912.429795918 7781576.74029816 270000
162972.414693878 7781576.74029816 270000
186202.163673469 226988.504309236 270000
210659.613163265 226988.504309236 270000
236413.735102041 6970.93720308844 270000
263527.983673469 6970.93720308844 270000
292079.60744898 484.124148401998 270000
322143.096122449 484.124148401998 270000
353795.698265306 58.6134686177721 270000
387125.697959184 58.6134686177721 270000
422218.620408163 11.6712820403912 270000
459168.26744898 11.6712820403912 270000
498073.958673469 3.75233211415816 270000
539040.531428571 3.75233211415816 270000
582172.823061225 1.78705143835034 270000
627589.465306122 1.78705143835034 270000
675411.84877551 1.13342161755952 270000
725764.122959184 1.13342161755952 270000
778781.472857143 0.883427077806122 270000
834604.60122449 0.883427077806122 270000
893382.48744898 0.796384491071428 270000
955269.628673469 0.796384491071428 270000
1020434.31642857 0.788056129464286 270000
1089050.36 0.788056129464286 270000
1161294.32755102 0.817179530612245 270000
1237364.85826531 0.817179530612245 270000
1317460.59132653 0.856016479804422 270000
1401796.71918367 0.856016479804422 270000
1490593.95204082 0.885956048894558 270000
1584095.07112245 0.885956048894558 270000
1682542.85765306 0.898888287414966 270000
1786202.16387755 0.898888287414966 270000
1895346.11867347 0.898796324829932 270000
2010269.92193878 0.898796324829932 270000
2131274.29132653 0.898704362244898 270000
2258684.77438775 0.898704362244898 270000
2392840.71306122 0.90972837712585 270000
2534095.24367347 0.90972837712585 270000
2682826.33244898 0.930000379464286 270000
2839428.49887755 0.930000379464286 270000
3004321.09234694 0.942288879889456 270000
3177942.77438775 0.942288879889456 270000
3360751.51867347 0.923815895620748 270000
3553238.40540816 0.923815895620748 270000
3755913.82693878 0.865833485756803 270000
3969315.76438775 0.865833485756803 270000
4194012.54653061 0.759386793579932 270000
4430602.84979592 0.759386793579932 270000
4679715.69826531 0.759386793579932 270000
4942013.22255102 0.759386793579932 270000
0 7289566.60134304 280000
15127.7721428571 7289566.60134304 280000
31049.3121428571 7289566.60134304 280000
47805.03 7289566.60134304 280000
65438.2221428571 6949118.28132412 280000
83997.9578571428 6949118.28132412 280000
103527.533571429 18101618.6537825 280000
124081.791428571 18101618.6537825 280000
145712.687142857 9922927.82990798 280000
168477.949285714 9922927.82990798 280000
192438.192857143 4156424.15157991 280000
217651.146428571 4156424.15157991 280000
244188.970714286 48201.2040355179 280000
272115.167142857 48201.2040355179 280000
301504.782857143 1307.89585636607 280000
332435.751428571 1307.89585636607 280000
364988.892857143 85.67673478125 280000
399245.027142857 85.67673478125 280000
435299.406428571 13.0696703973214 280000
473241.51 13.0696703973214 280000
513175.249285714 3.85504183928571 280000
555198.762857143 3.85504183928571 280000
599424.621428571 1.79381312946429 280000
645971.168571429 1.79381312946429 280000
694956.747857143 1.13807669196429 280000
746508.362142857 1.13807669196429 280000
800761.673571429 0.895063459821428 280000
857861.003571428 0.895063459821428 280000
917950.673571429 0.811874183035714 280000
981189.437142857 0.811874183035714 280000
1047744.70714286 0.801837830357143 280000
1117786.78285714 0.801837830357143 280000
1191500.39571429 0.828597428571428 280000
1269076.05 0.828597428571428 280000
1350718.68214286 0.873174709821428 280000
1436641.88785714 0.873174709821428 280000
1527067.92214286 0.919441754464286 280000
1622230.58571429 0.919441754464286 280000
1722383.88428571 0.951138348214286 280000
1827784.71 0.951138348214286 280000
1938713.04642857 0.95784328125 280000
2055451.76357143 0.95784328125 280000
2178309.70928571 0.938071245535714 280000
2307607.27714286 0.938071245535714 280000
2443682.17928571 0.896284178571429 280000
2586886.56 0.896284178571429 280000
2737598.54142857 0.840960964285714 280000
2896210.67785714 0.840960964285714 280000
3063132.84214286 0.7837014375 280000
3238806.65785714 0.7837014375 280000
3423685.29428571 0.736809 280000
3618256.55785714 0.736809 280000
3823025.57357143 0.711817339285714 280000
4038523.44428571 0.711817339285714 280000
4265318.79642857 0.724397357142857 280000
4504000.46142857 0.724397357142857 280000
4755191.90785714 0.724397357142857 280000
5019548.355 0.724397357142857 280000
0 6484367.08682171 290000
15561.827755102 6484367.08682171 290000
31948.1037755102 6484367.08682171 290000
49205.7717346939 6484367.08682171 290000
67375.9073469388 25086210.1557844 290000
86511.322244898 25086210.1557844 290000
106661.894081633 13427943.0587259 290000
127880.434489796 13427943.0587259 290000
150225.623061224 10898135.5165434 290000
173756.139387755 10898135.5165434 290000
198533.597040816 4193575.76032256 290000
224625.47755102 4193575.76032256 290000
252102.196428571 48527.6570462713 290000
281034.169183673 48527.6570462713 290000
311503.547244898 1218.53939552615 290000
343586.614081633 1218.53939552615 290000
377371.389081633 80.0642260520833 290000
412948.825612245 80.0642260520833 290000
450412.811020408 12.4819560280612 290000
489866.034591837 12.4819560280612 290000
531408.251632653 3.79038989732143 290000
575156.821326531 3.79038989732143 290000
621226.168877551 1.82095609630102 290000
669736.587448979 1.82095609630102 290000
720820.106122449 1.18986319855442 290000
774614.621938776 1.18986319855442 290000
831260.965918367 0.95591500085034 290000
890914.638979592 0.95591500085034 290000
953728.208061224 0.869130329506803 290000
1019877.71193878 0.869130329506803 290000
1089533.32142857 0.842333315901361 290000
1162882.81122449 0.842333315901361 290000
1240122.75795918 0.845077809311224 290000
1321461.47418367 0.845077809311224 290000
1407113.14040816 0.867156005739796 290000
1497306.60704082 0.867156005739796 290000
1592285.39438776 0.900523911139456 290000
1692301.82469388 0.900523911139456 290000
1797622.89010204 0.931416271258503 290000
1908530.25265306 0.931416271258503 290000
2025320.24428571 0.945670522108843 290000
2148303.86683673 0.945670522108843 290000
2277812.66 0.93920965454932 290000
2414186.96540816 0.93920965454932 290000
2557796.4644898 0.916960309311224 290000
2709025.50857143 0.916960309311224 290000
2868273.11887755 0.884332011267007 290000
3035967.65642857 0.884332011267007 290000
3212555.08612245 0.84617193920068 290000
3398510.71265306 0.84617193920068 290000
3594327.44459184 0.809216021258503 290000
3800533.39826531 0.809216021258503 290000
4017674.29387755 0.778384785714286 290000
4246331.05938775 0.778384785714286 290000
4487116.89653061 0.744686807610544 290000
4740674.34683673 0.744686807610544 290000
5007681.15959184 0.744686807610544 290000
5288850.29183673 0.744686807610544 290000
0 6237110.13883114 300000
15979.2906122449 6237110.13883114 300000
32788.913877551 6237110.13883114 300000
50471.9240816326 6237110.13883114 300000
69074.4508163265 13963084.2187275 300000
88645.6989795918 13963084.2187275 300000
109231.798163265 15553727.5702632 300000
130885.028571429 15553727.5702632 300000
153666.896326531 11998564.6829511 300000
177632.756938776 11998564.6829511 300000
202841.04122449 4854331.9429468 300000
229359.405918367 4854331.9429468 300000
257258.583061224 39584.1995016263 300000
286606.229387755 39584.1995016263 300000
317476.152244898 997.316099007653 300000
349954.460204082 997.316099007653 300000
384118.035918367 76.7341734375 300000
420056.063265306 76.7341734375 300000
457863.876734694 13.2845856568878 300000
497633.735510204 13.2845856568878 300000
539473.275306122 4.08130282397959 300000
583483.98122449 4.08130282397959 300000
629782.714897959 1.91749821556122 300000
678486.337959184 1.91749821556122 300000
729720.937959184 1.20719219770408 300000
783618.753061224 1.20719219770408 300000
840315.096734694 0.933111946428571 300000
899957.583673469 0.933111946428571 300000
962703.054489796 0.836976595663265 300000
1028705.2744898 0.836976595663265 300000
1098136.46081633 0.823804034438775 300000
1171178.05653061 0.823804034438775 300000
1248014.58 0.8479451875 300000
1328842.85081633 0.8479451875 300000
1413871.98979592 0.886040542091837 300000
1503317.26836735 0.886040542091837 300000
1597412.40979592 0.925000826530612 300000
1696394.21265306 0.925000826530612 300000
1800521.00265306 0.956573969387755 300000
1910060.33142857 0.956573969387755 300000
2025288.97653061 0.978030636479592 300000
2146505.24265306 0.978030636479592 300000
2274019.73571429 0.994598848214286 300000
2408161.51346939 0.994598848214286 300000
2549271.93489796 1.01549170918367 300000
2697716.96142857 1.01549170918367 300000
2853871.78040816 1.04275301658163 300000
3018142.3322449 1.04275301658163 300000
3190949.93387755 1.06251185841837 300000
3372737.42938776 1.06251185841837 300000
3563969.19 1.05232490688776 300000
3765137.26469388 1.05232490688776 300000
3976758.30489796 1.00240884438776 300000
4199376.63979592 1.00240884438776 300000
4433561.20102041 0.904063117346939 300000
4679914.74857143 0.904063117346939 300000
4939070.7955102 0.904063117346939 300000
5211690.53265306 0.904063117346939 300000
0 1901576.75703895 30000
5473.47918367347 1901576.75703895 30000
11332.2502040816 1901576.75703895 30000
17602.7775510204 1901576.75703895 30000
24314.6391836735 2712959.71799408 30000
31498.1914285714 2712959.71799408 30000
39186.9040816327 897417.965657109 30000
47415.8036734694 897417.965657109 30000
56224.5869387755 2832.37414672279 30000
65651.393877551 2832.37414672279 30000
75742.1481632653 56.2203367287415 30000
86541.9951020408 56.2203367287415 30000
98101.5285714286 7.23940983163265 30000
110474.455918367 7.23940983163265 30000
123716.819591837 2.86527074319728 30000
137890.888979592 2.86527074319728 30000
153061.268571429 1.82950055782313 30000
169298.789795918 1.82950055782313 30000
186677.39755102 1.4000298877551 30000
205278.820408163 1.4000298877551 30000
225188.67877551 1.10838699404762 30000
246498.041632653 1.10838699404762 30000
269305.761632653 0.922099363945578 30000
293717.696734694 0.922099363945578 30000
319846.710204082 0.811003641156462 30000
347812.670612245 0.811003641156462 30000
377745.565306122 0.732276648809524 30000
409783.165306122 0.732276648809524 30000
444074.13877551 0.671776425170068 30000
480776.494285714 0.671776425170068 30000
520059.13755102 0.634356414965986 30000
562104.984897959 0.634356414965986 30000
607107.071428571 0.620433369047619 30000
655274.777959184 0.620433369047619 30000
706828.382448979 0.622351720238095 30000
762008.400408163 0.622351720238095 30000
821068.579591837 0.63091862585034 30000
884282.126938776 0.63091862585034 30000
951940.930204081 0.642021711734694 30000
1024357.11469388 0.642021711734694 30000
1101866.15673469 0.660021456632653 30000
1184826.10530612 0.660021456632653 30000
1273619.91714286 0.693854490646258 30000
1368657.79183673 0.693854490646258 30000
1470379.50693878 0.751518538265306 30000
1579254.41795918 0.751518538265306 30000
1695785.35020408 0.833684941326531 30000
1820510.93387755 0.833684941326531 30000
1954007.16081633 0.919757775510204 30000
2096892.05469388 0.919757775510204 30000
2249824.89265306 0.967080888605442 30000
2413512.4322449 0.967080888605442 30000
2588710.46816326 0.944229320578231 30000
2776228.50244898 0.944229320578231 30000
2976934.41469388 0.819703517857143 30000
3191753.68367347 0.819703517857143 30000
3421679.50612245 0.819703517857143 30000
3667775.13183673 0.819703517857143 30000
0 1487440.5805181 40000
5932.28510204082 1487440.5805181 40000
12280.1595918367 1487440.5805181 40000
19074.8771428571 1487440.5805181 40000
26346.0020408163 2666442.74443511 40000
34128.1667346939 2666442.74443511 40000
42456.8483673469 686938.051724074 40000
51370.0581632653 686938.051724074 40000
60910.0308163265 3907.04728647619 40000
71119.0010204082 3907.04728647619 40000
82045.1163265306 134.80401312415 40000
93739.0583673469 134.80401312415 40000
106253.198163265 18.9525267542517 40000
119647.508979592 18.9525267542517 40000
133981.119387755 5.54084516028912 40000
149322.449591837 5.54084516028912 40000
165739.919795918 2.44899280272109 40000
183311.241836735 2.44899280272109 40000
202116.661632653 1.49409629039116 40000
222242.337959184 1.49409629039116 40000
243781.187142857 1.14341810756803 40000
266832.883061224 1.14341810756803 40000
291503.01244898 0.958764506377551 40000
317905.608979592 0.958764506377551 40000
346162.308571429 0.81946568707483 40000
376404.03877551 0.81946568707483 40000
408769.329387755 0.725794415391156 40000
443406.846530612 0.725794415391156 40000
480477.082040816 0.675024793792517 40000
520150.664081633 0.675024793792517 40000
562610.89122449 0.653261607993197 40000
608052.043061225 0.653261607993197 40000
656685.293061225 0.654460017431973 40000
708732.795714286 0.654460017431973 40000
764436.133469388 0.673247417091837 40000
824050.403877551 0.673247417091837 40000
887851.821836735 0.701886059098639 40000
956133.496122449 0.701886059098639 40000
1029210.49755102 0.734799204081633 40000
1107419.01428571 0.734799204081633 40000
1191120.57530612 0.769507323554422 40000
1280699.51632653 0.769507323554422 40000
1376568.89265306 0.805822121173469 40000
1479171.32387755 0.805822121173469 40000
1588978.14918367 0.840915632227891 40000
1706497.02959184 0.840915632227891 40000
1832268.56918367 0.870742125 40000
1966872.22795918 0.870742125 40000
2110928.85591837 0.898979537414966 40000
2265101.5377551 0.898979537414966 40000
2430101.50571429 0.916605482993197 40000
2606688.98428571 0.916605482993197 40000
2795676.56897959 0.885079043792517 40000
2997935.98387755 0.885079043792517 40000
3214399.77102041 0.761074463010204 40000
3446064.66918367 0.761074463010204 40000
3693997.52673469 0.761074463010204 40000
3959342.90387755 0.761074463010204 40000
0 1683457.40969481 50000
6364.57040816327 1683457.40969481 50000
13161.8568367347 1683457.40969481 50000
20421.7662244898 1683457.40969481 50000
28177.0092857143 5984977.42064777 50000
36459.3621428571 5984977.42064777 50000
45306.2084693878 3395318.4029854 50000
54755.8665306122 3395318.4029854 50000
64848.5237755102 65871.808200368 50000
75628.1060204082 65871.808200368 50000
87142.2774489796 438.361952 50000
99440.5714285714 438.361952 50000
112576.259693878 21.7518052850765 50000
126605.417755102 21.7518052850765 50000
141591.597857143 4.83126930548469 50000
157597.417653061 4.83126930548469 50000
174692.971530612 2.34011281760204 50000
192952.092244898 2.34011281760204 50000
212456.089285714 1.56853326785714 50000
233287.206734694 1.56853326785714 50000
255537.034591837 1.20863168686225 50000
279301.835816327 1.20863168686225 50000
304685.350102041 1.00153392410714 50000
331796.924693878 1.00153392410714 50000
360754.318163265 0.864931644770408 50000
391684.635 0.864931644770408 50000
424720.587244898 0.771032424107143 50000
460005.16744898 0.771032424107143 50000
497693.517857143 0.708276529336735 50000
537948.25744898 0.708276529336735 50000
580944.154897959 0.668974995535714 50000
626868.128571429 0.668974995535714 50000
675918.311938775 0.648949418367347 50000
728309.661122449 0.648949418367347 50000
784268.347346939 0.64509227997449 50000
844036.429897959 0.64509227997449 50000
907875.594489796 0.655838139030612 50000
976061.545714286 0.655838139030612 50000
1048890.54918367 0.68387784119898 50000
1126679.43153061 0.68387784119898 50000
1209764.64581633 0.729226963010204 50000
1298507.87908163 0.729226963010204 50000
1393294.18316327 0.776061696428571 50000
1494534.77846939 0.776061696428571 50000
1602668.92316327 0.800160536352041 50000
1718167.65153061 0.800160536352041 50000
1841530.03561224 0.797146477678572 50000
1973293.46571429 0.797146477678572 50000
2114028.97744898 0.786170864795918 50000
2264348.72846939 0.786170864795918 50000
2424904.12928571 0.783402136479592 50000
2596392.38540816 0.783402136479592 50000
2779557.43193878 0.782555162627551 50000
2975196.47571429 0.782555162627551 50000
3184156.25693878 0.751641590561224 50000
3407346.13346939 0.751641590561224 50000
3645734.34244898 0.751641590561224 50000
3900354.54244898 0.751641590561224 50000
0 2089043.014868 60000
6480.98571428571 2089043.014868 60000
13401.9912244898 2089043.014868 60000
20792.6057142857 2089043.014868 60000
28685.2818367347 4341529.74591028 60000
37113.4267346939 4341529.74591028 60000
46114.2655102041 2825251.08018762 60000
55725.977755102 2825251.08018762 60000
65990.5610204082 155269.00281345 60000
76952.8763265306 155269.00281345 60000
88657.7846938775 1430.53212224107 60000
101158.73755102 1430.53212224107 60000
114508.231836735 61.4219493022959 60000
128763.536938775 61.4219493022959 60000
143987.649183673 9.50444946556122 60000
160245.473877551 9.50444946556122 60000
177606.68877551 3.28004055102041 60000
196146.698571429 3.28004055102041 60000
215944.725918367 1.74287649362245 60000
237088.583877551 1.74287649362245 60000
259667.04 1.19622030229592 60000
283779.36122449 1.19622030229592 60000
309527.677959184 0.951998179846939 60000
337025.574489796 0.951998179846939 60000
366389.498571429 0.818860772959184 60000
397747.351836735 0.818860772959184 60000
431234.671836735 0.731274403061224 60000
466995.586530612 0.731274403061224 60000
505184.723265306 0.674452432397959 60000
545967.20877551 0.674452432397959 60000
589518.669183673 0.64897749744898 60000
636027.138979592 0.64897749744898 60000
685693.061020408 0.65209549744898 60000
738731.195510204 0.65209549744898 60000
795370.62 0.673983141581633 60000
855855.683877551 0.673983141581633 60000
920447.917346939 0.701856232142857 60000
989426.031428571 0.701856232142857 60000
1063086.87244898 0.72606050255102 60000
1141750.1944898 0.72606050255102 60000
1225753.88693878 0.744360855867347 60000
1315461.61040816 0.744360855867347 60000
1411259.93326531 0.763913977040816 60000
1513563.10408163 0.763913977040816 60000
1622813.05163265 0.797044715561224 60000
1739480.33938776 0.797044715561224 60000
1864068.93795918 0.848881465561224 60000
1997117.17959184 0.848881465561224 60000
2139198.71265306 0.902810139030612 60000
2290928.22857143 0.902810139030612 60000
2452959.55285714 0.9349128125 60000
2625992.32653061 0.9349128125 60000
2810773.91510204 0.934268531887755 60000
3008102.27204082 0.934268531887755 60000
3218828.8022449 0.869468617346939 60000
3443862.18 0.869468617346939 60000
3684175.98489796 0.869468617346939 60000
3940806.79285714 0.869468617346939 60000
0 1992674.16800962 70000
6880.80591836735 1992674.16800962 70000
14222.3204081633 1992674.16800962 70000
22054.366122449 1992674.16800962 70000
30410.8791836735 6176236.15101383 70000
39326.8240816327 6176236.15101383 70000
48839.2220408163 3174528.83292112 70000
58988.1793877551 3174528.83292112 70000
69815.8591836735 285062.107256503 70000
81368.5379591837 285062.107256503 70000
93693.5206122449 2720.75066281718 70000
106843.253877551 2720.75066281718 70000
120873.269591837 105.96402336267 70000
135842.184693878 105.96402336267 70000
151811.70122449 13.0780324944728 70000
168850.719795918 13.0780324944728 70000
187029.169387755 3.80108352423469 70000
206424.17755102 3.80108352423469 70000
227116.985306122 1.88515802933673 70000
249195.003877551 1.88515802933673 70000
272749.757959184 1.23827640433673 70000
297879.970816327 1.23827640433673 70000
324692.592653061 0.951475463435374 70000
353298.687142857 0.951475463435374 70000
383819.601632653 0.816305145408163 70000
416381.825306122 0.816305145408163 70000
451123.159387755 0.752327841836735 70000
488188.603673469 0.752327841836735 70000
527734.47 0.719861427721089 70000
569926.325510204 0.719861427721089 70000
614942.077755102 0.701727883503401 70000
662968.889591837 0.701727883503401 70000
714209.349387755 0.692768232993197 70000
768878.385918367 0.692768232993197 70000
827205.325102041 0.694015128401361 70000
889434.918367347 0.694015128401361 70000
955829.399387755 0.703921733843538 70000
1026665.39897959 0.703921733843538 70000
1102241.14367347 0.717875393282313 70000
1182873.37061225 0.717875393282313 70000
1268901.44102041 0.736103204506803 70000
1360685.28346939 0.736103204506803 70000
1458610.53571429 0.764019093112245 70000
1563087.51632653 0.764019093112245 70000
1674556.36653061 0.799525618197279 70000
1793482.93673469 0.799525618197279 70000
1920367.01346939 0.829941724914966 70000
2055741.29102041 0.829941724914966 70000
2200172.39979592 0.845343668367347 70000
2354269.13326531 0.845343668367347 70000
2518675.24938776 0.835711294217687 70000
2694082.83938776 0.835711294217687 70000
2881226.15755102 0.790484555272109 70000
3080891.90489796 0.790484555272109 70000
3293918.20081633 0.707407470663265 70000
3521196.63979592 0.707407470663265 70000
3763683.60346939 0.707407470663265 70000
4022395.11877551 0.707407470663265 70000
0 2912086.55664778 80000
7222.13959183673 2912086.55664778 80000
14924.1591836735 2912086.55664778 80000
23136.5273469388 2912086.55664778 80000
31894.0653061224 5706696.98627459 80000
41233.7706122449 5706696.98627459 80000
51192.6408163265 2627679.57468789 80000
61813.1142857143 2627679.57468789 80000
73137.6293877551 42590.8030674813 80000
85214.0653061224 42590.8030674813 80000
98092.4775510204 553.287523348639 80000
111825.097959184 553.287523348639 80000
126469.599183673 49.6403237772109 80000
142085.830204082 49.6403237772109 80000
158737.992653061 11.3871479659864 80000
176495.728979592 11.3871479659864 80000
195431.946122449 3.88187962755102 80000
215626.08 3.88187962755102 80000
237159.742857143 1.86497581632653 80000
260122.164081633 1.86497581632653 80000
284609.102040816 1.23478873129252 80000
310721.755918367 1.23478873129252 80000
338566.765714286 0.993073664965986 80000
368259.476734694 0.993073664965986 80000
399923.939591837 0.869347234693877 80000
433689.645714286 0.869347234693877 80000
469696.968163265 0.798911333333333 80000
508092.808979592 0.798911333333333 80000
549038.216326531 0.761147534013605 80000
592700.767346939 0.761147534013605 80000
639261.097142857 0.741118528911564 80000
688911.810612245 0.741118528911564 80000
741858.570612245 0.726929333333333 80000
798319.009795918 0.726929333333333 80000
858525.995102041 0.714828051020408 80000
922729.804081633 0.714828051020408 80000
991194.860408163 0.70618168707483 80000
1064204.08653061 0.70618168707483 80000
1142058.90367347 0.70056631122449 80000
1225081.40816327 0.70056631122449 80000
1313613.28326531 0.698618952380952 80000
1408022.32816327 0.698618952380952 80000
1508697.01714286 0.709679678571428 80000
1616053.02857143 0.709679678571428 80000
1730534.33306122 0.755083290816326 80000
1852614.28163265 0.755083290816326 80000
1982797.78204082 0.857980462585034 80000
2121620.21061224 0.857980462585034 80000
2269657.20571429 1.00128476360544 80000
2427519.22693877 1.00128476360544 80000
2595859.1722449 1.08355670748299 80000
2775371.28979592 1.08355670748299 80000
2966798.79510204 1.02823040646258 80000
3170931.69469388 1.02823040646258 80000
3388612.22693877 0.898741244897959 80000
3620740.30285714 0.898741244897959 80000
3868275.68244898 0.898741244897959 80000
4132240.15102041 0.898741244897959 80000
0 2211890.06673158 90000
7362.51551020408 2211890.06673158 90000
15214.0910204082 2211890.06673158 90000
23585.7779591837 2211890.06673158 90000
32514.1726530612 1940094.89997136 90000
42035.8714285714 1940094.89997136 90000
52188.5795918367 378794.857355638 90000
63015.5473469388 378794.857355638 90000
74561.133877551 45822.0112728172 90000
86874.1342857143 45822.0112728172 90000
100004.452653061 3385.32224679337 90000
114005.32 3385.32224679337 90000
128936.62122449 200.321667585884 90000
144859.350204082 200.321667585884 90000
161838.936734694 21.5748352304422 90000
179945.246530612 21.5748352304422 90000
199253.690204082 4.95344679761905 90000
219845.223265306 4.95344679761905 90000
241803.019183673 2.05129572363946 90000
265218.014285714 2.05129572363946 90000
290187.79877551 1.27305312244898 90000
316815.507755102 1.27305312244898 90000
345210.930204082 0.998271083333333 90000
375491.617959184 0.998271083333333 90000
407782.885714286 0.879589473639456 90000
442217.811020408 0.879589473639456 90000
478938.343265306 0.814302920918367 90000
518097.521632653 0.814302920918367 90000
559856.148163265 0.763911350340136 90000
604386.114693877 0.763911350340136 90000
651873.729795918 0.723022348639456 90000
702513.064897959 0.723022348639456 90000
756514.826122449 0.697783821428571 90000
814101.918367347 0.697783821428571 90000
875511.663265306 0.690261243197279 90000
940998.017142857 0.690261243197279 90000
1010832.68 0.699334082482993 90000
1085303.98653061 0.699334082482993 90000
1164718.01510204 0.725466724489796 90000
1249405.24163265 0.725466724489796 90000
1339714.99469388 0.773741992346939 90000
1436019.89142857 0.773741992346939 90000
1538718.0555102 0.84716337244898 90000
1648234.22612245 0.84716337244898 90000
1765021.97591837 0.930258289115646 90000
1889562.60204082 0.930258289115646 90000
2022370.67102041 0.993899855442177 90000
2163996.23673469 0.993899855442177 90000
2315024.84040816 1.0280587372449 90000
2476079.72857143 1.0280587372449 90000
2647826.28897959 1.04176387670068 90000
2830976.48653061 1.04176387670068 90000
3026284.42734694 1.02941030612245 90000
3234558.55755102 1.02941030612245 90000
3456660.55428571 0.947357368197279 90000
3693507.54367347 0.947357368197279 90000
3946078.75469388 0.947357368197279 90000
4215417.73714286 0.947357368197279 90000
0 1458.34805802572 hpsmc
8434.03928571429 1458.34805802572 hpsmc
17495.9647959184 1458.34805802572 hpsmc
27234.4235714286 1458.34805802572 hpsmc
37698.0626530612 405.272512794855 hpsmc
48942.3170408163 405.272512794855 hpsmc
61024.8843877551 171.572383261692 hpsmc
74006.8563265306 171.572383261692 hpsmc
87958.3751020408 23.408866477466 hpsmc
102948.451632653 23.408866477466 hpsmc
119057.410102041 7.2537121747449 hpsmc
136365.574693878 7.2537121747449 hpsmc
154965.714183673 4.23799396534864 hpsmc
174951.728673469 4.23799396534864 hpsmc
196427.700204082 3.25980426530612 hpsmc
219504.49877551 3.25980426530612 hpsmc
244300.913673469 2.73140171067177 hpsmc
270947.04744898 2.73140171067177 hpsmc
299578.659285714 2.31294288244048 hpsmc
330346.215612245 2.31294288244048 hpsmc
363405.839489796 1.94861095790816 hpsmc
398930.623877551 1.94861095790816 hpsmc
437102.712346939 1.64627337032313 hpsmc
478121.218367347 1.64627337032313 hpsmc
522197.7 1.41039414562075 hpsmc
569560.685204082 1.41039414562075 hpsmc
620453.409183673 1.2384395837585 hpsmc
675139.471020408 1.2384395837585 hpsmc
733902.833673469 1.12497460352891 hpsmc
797047.823979592 1.12497460352891 hpsmc
864899.132653061 1.06299912202381 hpsmc
937808.602244898 1.06299912202381 hpsmc
1016152.9644898 1.04598915625 hpsmc
1100338.36561224 1.04598915625 hpsmc
1190799.235 1.0699968480017 hpsmc
1288003.94183673 1.0699968480017 hpsmc
1392454.79510204 1.13473229485544 hpsmc
1504691.43755102 1.13473229485544 hpsmc
1625296.50234694 1.24390530505952 hpsmc
1754891.0877551 1.24390530505952 hpsmc
1894147.20173469 1.4067479744898 hpsmc
2043784.36795918 1.4067479744898 hpsmc
2204576.41377551 1.64139452465986 hpsmc
2377354.86418367 1.64139452465986 hpsmc
2563013.46714286 1.97622475297619 hpsmc
2762512.71887755 1.97622475297619 hpsmc
2976884.38918367 2.44642527147109 hpsmc
3207236.04673469 2.44642527147109 hpsmc
3454760.10969388 3.08373921704932 hpsmc
3720737.23969388 3.08373921704932 hpsmc
4006540.86714286 3.89398349362245 hpsmc
4313650.76714286 3.89398349362245 hpsmc
4643655.32214286 4.83655054953231 hpsmc
4998260.57255102 4.83655054953231 hpsmc
5379300.39867347 6.00742165625 hpsmc
5788746.70265306 6.00742165625 hpsmc
6228715.06510204 6.00742165625 hpsmc
6701481.715 6.00742165625 hpsmc
