0 2290780.5310754 100000
7727.76285714286 2290780.5310754 100000
15966.1914285714 2290780.5310754 100000
24750.3428571429 2290780.5310754 100000
34115.2742857143 9145262.63026701 100000
44098.38 9145262.63026701 100000
54742.8971428571 8287425.48803526 100000
66090.8942857143 8287425.48803526 100000
78189.1142857143 4208681.90355846 100000
91087.8057142857 4208681.90355846 100000
104838.385714286 24564.6399785893 100000
119499.282857143 24564.6399785893 100000
135130.094285714 461.724265470238 100000
151793.922857143 461.724265470238 100000
169559.714285714 29.9856231964286 100000
188501.088571429 29.9856231964286 100000
208694.002857143 5.78266597619048 100000
230222.594285714 5.78266597619048 100000
253175.674285714 2.41155894642857 100000
277645.56 2.41155894642857 100000
303733.917142857 1.47979608333333 100000
331548.254285714 1.47979608333333 100000
361201.922857143 1.08001805952381 100000
392815.285714286 1.08001805952381 100000
426520.391428571 0.879741958333333 100000
462453.962857143 0.879741958333333 100000
500764.408571429 0.777126779761905 100000
541607.148571429 0.777126779761905 100000
585151.625714286 0.730420440476191 100000
631575.462857143 0.730420440476191 100000
681070.305714286 0.719155898809524 100000
733837.148571429 0.719155898809524 100000
790093.345714286 0.729298125 100000
850070.274285714 0.729298125 100000
914013.334285714 0.751834511904762 100000
982185.454285714 0.751834511904762 100000
1054865.92285714 0.782305011904762 100000
1132351.55714286 0.782305011904762 100000
1214962.54571429 0.814903285714286 100000
1303035.43714286 0.814903285714286 100000
1396933.65714286 0.844353720238095 100000
1497040.49714286 0.844353720238095 100000
1603768.46285714 0.873451148809524 100000
1717553.43142857 0.873451148809524 100000
1838864 0.909165613095238 100000
1968196.81142857 0.909165613095238 100000
2106081.22857143 0.951570148809524 100000
2253085.17714286 0.951570148809524 100000
2409809.30285714 0.99120906547619 100000
2576898.65714286 0.99120906547619 100000
2755038.02285714 1.02077879166667 100000
2944956.58857143 1.02077879166667 100000
3147434.96 1.05401004166667 100000
3363303.99142857 1.05401004166667 100000
3593447.12285714 1.14612025 100000
3838810.89714286 1.14612025 100000
4100400.28571429 1.14612025 100000
4379288.03714286 1.14612025 100000
0 1538423.27752641 10000
4946.80775510204 1538423.27752641 10000
10250.9191836735 1538423.27752641 10000
15938.3448979592 1538423.27752641 10000
22036.4644897959 35370.3841583061 10000
28575.3955102041 35370.3841583061 10000
35587.3089795918 207.323160637755 10000
43105.7448979592 207.323160637755 10000
51167.6657142857 13.4617324744898 10000
59812.0873469388 13.4617324744898 10000
69080.7636734694 5.62358848469388 10000
79019.5555102041 5.62358848469388 10000
89677.0616326531 4.00843356377551 10000
101103.934285714 4.00843356377551 10000
113356.986122449 2.65205001020408 10000
126495.767755102 2.65205001020408 10000
140583.936734694 1.79238501530612 10000
155689.942040816 1.79238501530612 10000
171888.393061224 1.34438073979592 10000
189256.637142857 1.34438073979592 10000
207880.235510204 1.09041363520408 10000
227849.540816327 1.09041363520408 10000
249262.435102041 0.906886234693878 10000
272222.276326531 0.906886234693878 10000
296842.005306122 0.767986142857143 10000
323240.723265306 0.767986142857143 10000
351546.429795918 0.683729727040816 10000
381898.760816327 0.683729727040816 10000
414444.197142857 0.645408280612245 10000
449341.540408163 0.645408280612245 10000
486760.544081633 0.63298193877551 10000
526883.966938775 0.63298193877551 10000
569906.888571429 0.630509219387755 10000
616038.762857143 0.630509219387755 10000
665504.786938776 0.629431147959184 10000
718545.90122449 0.629431147959184 10000
775419.473877551 0.629699239795918 10000
836403.407755102 0.629699239795918 10000
901794.771428571 0.637334153061225 10000
971911.168163265 0.637334153061225 10000
1047095.52734694 0.658667418367347 10000
1127712.68204082 0.658667418367347 10000
1214155.52938776 0.697557846938776 10000
1306845.71510204 0.697557846938776 10000
1406234.31795918 0.752811859693878 10000
1512805.2722449 0.752811859693878 10000
1627078.10571429 0.819156033163265 10000
1749609.30857143 0.819156033163265 10000
1880995.07142857 0.894618181122449 10000
2021875.3922449 0.894618181122449 10000
2172937.49877551 0.96032349744898 10000
2334915.84857143 0.96032349744898 10000
2508600.34285714 0.957732418367347 10000
2694836.32653061 0.957732418367347 10000
2894530.74857143 0.849958073979592 10000
3108656.95346939 0.849958073979592 10000
3338257.41918367 0.849958073979592 10000
3584450.60204082 0.849958073979592 10000
0 3183706.80654497 110000
8121.72448979592 3183706.80654497 110000
16764.2506122449 3183706.80654497 110000
25962.9726530612 3183706.80654497 110000
35752.0208163265 5458438.32166833 110000
46169.3175510204 5458438.32166833 110000
57257.8416326531 7177208.99609347 110000
69056.7795918367 7177208.99609347 110000
81615.4306122449 2037640.36175124 110000
94979.301632653 2037640.36175124 110000
109202.748163265 15874.715629966 110000
124340.125714286 15874.715629966 110000
140449.582040816 387.131004387755 110000
157594.32122449 387.131004387755 110000
175840.075510204 31.225194380102 110000
195258.89755102 31.225194380102 110000
215924.104081633 6.56198206377551 110000
237917.860408163 6.56198206377551 110000
261324.86 2.61267502295918 110000
286234.852653061 2.61267502295918 110000
312746.436734694 1.47949694387755 110000
340959.474693878 1.47949694387755 110000
370986.469795918 1.04965125170068 110000
402942.453469388 1.04965125170068 110000
436951.305714286 0.872203159013605 110000
473144.491020408 0.872203159013605 110000
511663.586530612 0.797048238945578 110000
552656.489795918 0.797048238945578 110000
596283.739183673 0.765677946428571 110000
642714.721632653 0.765677946428571 110000
692127.672653061 0.748994702380952 110000
744715.996734694 0.748994702380952 110000
800681.946938775 0.73209287755102 110000
860244.209387755 0.73209287755102 110000
923632.846938775 0.715883664115646 110000
991093.091428571 0.715883664115646 110000
1062889.13591837 0.711059085884354 110000
1139296.55020408 0.711059085884354 110000
1220612.39346939 0.728987977040816 110000
1307153.95020408 0.728987977040816 110000
1399254.93795918 0.773596891156462 110000
1497273.09183673 0.773596891156462 110000
1601587.63632653 0.833343182823129 110000
1712604.34163265 0.833343182823129 110000
1830754.25959184 0.883126931122449 110000
1956494.9877551 0.883126931122449 110000
2090313.19755102 0.90836906122449 110000
2232728.42653061 0.90836906122449 110000
2384294.34244898 0.917523119047619 110000
2545597.47918367 0.917523119047619 110000
2717263.55714286 0.919332335884354 110000
2899958.74734694 0.919332335884354 110000
3094390.9355102 0.904279230442177 110000
3301314.77836735 0.904279230442177 110000
3521532.9677551 0.841567613945578 110000
3755898.75877551 0.841567613945578 110000
4005322.29020408 0.841567613945578 110000
4270769.32040816 0.841567613945578 110000
0 1785379.27028075 120000
8406.09571428571 1785379.27028075 120000
17356.8628571429 1785379.27028075 120000
26887.3160204082 1785379.27028075 120000
37036.3603061224 5899678.56289536 120000
47842.9008163265 5899678.56289536 120000
59349.7331632653 6226745.02899229 120000
71602.2466326531 6226745.02899229 120000
84648.4241836735 5677679.34674482 120000
98541.436122449 5677679.34674482 120000
113334.452755102 64616.6295343935 120000
129085.831734694 64616.6295343935 120000
145859.118061224 1114.38890005166 120000
163719.153571429 1114.38890005166 120000
182737.264285714 55.3685605627126 120000
202987.369897959 55.3685605627126 120000
224551.171122449 8.19642963520408 120000
247511.665510204 8.19642963520408 120000
271960.928469388 2.77912382419218 120000
297993.629081633 2.77912382419218 120000
325714.811122449 1.54989280952381 120000
355233.408877551 1.54989280952381 120000
386664.840816326 1.12387113520408 120000
420133.603265306 1.12387113520408 120000
455771.973571429 0.926516899872449 120000
493718.713265306 0.926516899872449 120000
534126.849081633 0.818004086096939 120000
577153.298265306 0.818004086096939 120000
622969.243265306 0.761126988307823 120000
671754.944387755 0.761126988307823 120000
723702.333469388 0.736981509353742 120000
779017.60755102 0.736981509353742 120000
837917.338367347 0.731848197278912 120000
900634.956530612 0.731848197278912 120000
967418.157857143 0.743857445790816 120000
1038530.20020408 0.743857445790816 120000
1114251.20030612 0.776770081420068 120000
1194880.72744898 0.776770081420068 120000
1280736.50663265 0.824296446003401 120000
1372155.71540816 0.824296446003401 120000
1469502.76489796 0.870982568452381 120000
1573158.92510204 0.870982568452381 120000
1683532.69959184 0.909074445790816 120000
1801062.41918367 0.909074445790816 120000
1926208.46091837 0.944637491496598 120000
2059467.51326531 0.944637491496598 120000
2201363.49826531 0.986090337372449 120000
2352456.64938775 0.986090337372449 120000
2513344.80836735 1.04417241262755 120000
2684659.53469388 1.04417241262755 120000
2867079.07397959 1.1441098934949 120000
3061323.17061224 1.1441098934949 120000
3268158.25510204 1.29913591815476 120000
3488398.74091837 1.29913591815476 120000
3722914.8055102 1.43367192240646 120000
3972632.39030612 1.43367192240646 120000
4238535.79438775 1.43367192240646 120000
4521675.4555102 1.43367192240646 120000
0 5027482.80216656 130000
8643.44846938776 5027482.80216656 130000
17835.0180612245 5027482.80216656 130000
27611.4315306122 5027482.80216656 130000
38009.4116326531 5490230.45482949 130000
49067.0412244898 5490230.45482949 130000
60829.2036734694 5057708.25319287 130000
73336.7020408163 5057708.25319287 130000
86639.8601020408 608604.939985401 130000
100789.001632653 608604.939985401 130000
115837.170612245 29706.8005835491 130000
131841.491326531 29706.8005835491 130000
148861.808265306 1627.2745069324 130000
166964.766428571 1627.2745069324 130000
186217.010816327 117.784190686224 130000
206694.707142857 117.784190686224 130000
228471.300918367 15.3901184674745 130000
251633.838673469 15.3901184674745 130000
276266.646734694 3.93485170982143 130000
302464.932244898 3.93485170982143 130000
330329.342755102 1.72663820663265 130000
359963.246020408 1.72663820663265 130000
391480.890612245 1.0902322940051 130000
425000.605408163 1.0902322940051 130000
460651.600102041 0.857073968112245 130000
498567.164693878 0.857073968112245 130000
538892.830102041 0.762623382015306 130000
581780.927755102 0.762623382015306 130000
627393.309795918 0.730904669005102 130000
675905.429387755 0.730904669005102 130000
727499.540204082 0.732805978316327 130000
782372.857040816 0.732805978316327 130000
840733.475510204 0.750393797831633 130000
902801.732142857 0.750393797831633 130000
968815.644795918 0.772243270408163 130000
1039022.75204082 0.772243270408163 130000
1113692.35408163 0.796419084183673 130000
1193105.99204082 0.796419084183673 130000
1277566.96867347 0.827072383928571 130000
1367396.26806122 0.827072383928571 130000
1462932.55561224 0.864276841836735 130000
1564538.97857143 0.864276841836735 130000
1672603.16602041 0.899979520408163 130000
1787534.50867347 0.899979520408163 130000
1909769.59928571 0.925906465561224 130000
2039772.23265306 0.925906465561224 130000
2178036.12581633 0.940958261479592 130000
2325084.91806122 0.940958261479592 130000
2481480.33153061 0.946945544005102 130000
2647812.6505102 0.946945544005102 130000
2824714.32244898 0.939215630739796 130000
3012858.59785714 0.939215630739796 130000
3212959.53030612 0.907972953443878 130000
3425774.69663265 0.907972953443878 130000
3652113.35755102 0.836513758928571 130000
3892836.45765306 0.836513758928571 130000
4148856.62540816 0.836513758928571 130000
4421144.97367347 0.836513758928571 130000
0 3778472.67591177 140000
9345.45540816327 3778472.67591177 140000
19270.0063265306 3778472.67591177 140000
29811.3542857143 3778472.67591177 140000
41004.1846938775 5663251.8771887 140000
52890.7232653061 5663251.8771887 140000
65514.7037755102 4395068.31982027 140000
78919.86 4395068.31982027 140000
93157.4660204082 1924069.69844937 140000
108275.779795918 1924069.69844937 140000
124332.107653061 23942.8751505831 140000
141382.247857143 23942.8751505831 140000
159489.538979592 974.911240663903 140000
178720.335714286 974.911240663903 140000
199140.992755102 79.4853201232993 140000
220828.42122449 79.4853201232993 140000
243859.532244898 12.3419636358418 140000
268317.269183673 12.3419636358418 140000
294292.115714286 3.61621456994048 140000
321876.063571429 3.61621456994048 140000
351168.644795918 1.71315126743197 140000
382276.931734694 1.71315126743197 140000
415314.028979592 1.11934587670068 140000
450397.565306122 1.11934587670068 140000
487654.217857143 0.896375882865646 140000
527221.220204082 0.896375882865646 140000
569240.330102041 0.809838302933673 140000
613863.861734694 0.809838302933673 140000
661251.669591837 0.783161328231292 140000
711577.180714286 0.783161328231292 140000
765019.854387755 0.780446818027211 140000
821775.738571428 0.780446818027211 140000
882049.929591837 0.779133548044218 140000
946058.080204081 0.779133548044218 140000
1014032.43183673 0.77346575127551 140000
1086220.30653061 0.77346575127551 140000
1162881.09081633 0.77023284502551 140000
1244293.77602041 0.77023284502551 140000
1330750.92602041 0.778310397959184 140000
1422566.21755102 0.778310397959184 140000
1520071.42408163 0.804396715348639 140000
1623619.43193878 0.804396715348639 140000
1733584.24030612 0.84457712159864 140000
1850363.97734694 0.84457712159864 140000
1974380.90020408 0.880387292091837 140000
2106084.41112245 0.880387292091837 140000
2245948.04132653 0.893818462372449 140000
2394480.00744898 0.893818462372449 140000
2552217.17928571 0.881241860119048 140000
2719729.60397959 0.881241860119048 140000
2897623.52214286 0.852692376062925 140000
3086541.36785714 0.852692376062925 140000
3287166.29285714 0.827752813562925 140000
3500225.18265306 0.827752813562925 140000
3726488.65653061 0.837222181335034 140000
3966772.57561224 0.837222181335034 140000
4221947.09122449 0.837222181335034 140000
4492936.64489796 0.837222181335034 140000
0 3559356.47700554 150000
9499.35204081633 3559356.47700554 150000
19592.1275510204 3559356.47700554 150000
30311.887755102 3559356.47700554 150000
41699.8214285714 5790391.44565767 150000
53797.1173469388 5790391.44565767 150000
66646.4897959184 9534985.51518285 150000
80296.7551020408 9534985.51518285 150000
94798.2551020408 5025846.55456848 150000
110201.331632653 5025846.55456848 150000
126563.954081633 124504.976175468 150000
143945.617346939 124504.976175468 150000
162410.392857143 2572.09552777423 150000
182023.87755102 2572.09552777423 150000
202859.295918367 136.563676647534 150000
224992.923469388 136.563676647534 150000
248504.086734694 17.5803450786565 150000
273479.739795918 17.5803450786565 150000
300011.413265306 4.61678183460884 150000
328193.68877551 4.61678183460884 150000
358131.826530612 1.95609499362245 150000
389935.663265306 1.95609499362245 150000
423718.086734694 1.16235296556122 150000
459605.714285714 1.16235296556122 150000
497726.68877551 0.88083912627551 150000
538222.882653061 0.88083912627551 150000
581240.744897959 0.779526179846939 150000
626937.403061224 0.779526179846939 150000
675479.137755102 0.750913329081633 150000
727044.433673469 0.750913329081633 150000
781820.928571429 0.75571868622449 150000
840008.464285714 0.75571868622449 150000
901820.612244898 0.774752604166667 150000
967481.62244898 0.774752604166667 150000
1037231 0.795741082057823 150000
1111323.50510204 0.795741082057823 150000
1190030.67857143 0.814441294642857 150000
1273640.84183673 0.814441294642857 150000
1362456.04591837 0.831774904336735 150000
1456802.75 0.831774904336735 150000
1557024.19387755 0.850236755952381 150000
1663488.0255102 0.850236755952381 150000
1776580.19897959 0.87425718537415 150000
1896717.17857143 0.87425718537415 150000
2024333.73469388 0.913421481717687 150000
2159899.7244898 0.913421481717687 150000
2303906.3622449 0.978557589285714 150000
2456881.4744898 0.978557589285714 150000
2619383.39795918 1.08129434523809 150000
2792004.03061225 1.08129434523809 150000
2975374.93367347 1.25046071428571 150000
3170165.80612245 1.25046071428571 150000
3377087.53571429 1.52143899872449 150000
3596893.7244898 1.52143899872449 150000
3830389.84183673 1.84587052508503 150000
4078425.59693877 1.84587052508503 150000
4341908.66836735 1.84587052508503 150000
4621800.12755102 1.84587052508503 150000
0 3235756.5512764 160000
10023.2942857143 3235756.5512764 160000
20657.9057142857 3235756.5512764 160000
31938.4371428571 3235756.5512764 160000
43904.4346938775 5730463.39608034 160000
56598.74 5730463.39608034 160000
70065.8424489796 13433015.1704776 160000
84351.8791836735 13433015.1704776 160000
99506.2828571429 4480283.28303398 160000
115583.429387755 4480283.28303398 160000
132639.34244898 101184.855280919 160000
150731.693469388 101184.855280919 160000
169924.744897959 3200.13946727806 160000
190284.406938776 3200.13946727806 160000
211884.828571429 178.231009710884 160000
234796.863265306 178.231009710884 160000
259104.546530612 19.9923328018707 160000
284890.266122449 19.9923328018707 160000
312244.648571429 4.71958941666667 160000
341263.263673469 4.71958941666667 160000
372046.624489796 2.01131853401361 160000
404703.482857143 2.01131853401361 160000
439345.886122449 1.2382913920068 160000
476097.415918367 1.2382913920068 160000
515083.301632653 0.947634257653061 160000
556440.306938775 0.947634257653061 160000
600313.434285714 0.827059778061224 160000
646855.924897959 0.827059778061224 160000
696230.906530612 0.775910713435374 160000
748608.097959184 0.775910713435374 160000
804172.047755102 0.75588362329932 160000
863115.543265306 0.75588362329932 160000
925644.553877551 0.756765858843537 160000
991978.231020408 0.756765858843537 160000
1062345.61265306 0.774970119897959 160000
1136995.50979592 0.774970119897959 160000
1216184.9722449 0.803359567176871 160000
1300194.11836735 0.803359567176871 160000
1389311.30530612 0.836922278911565 160000
1483851.25428571 0.836922278911565 160000
1584141.86857143 0.875514076530612 160000
1690532.4722449 0.875514076530612 160000
1803395.45795918 0.915485869047619 160000
1923124.63918367 0.915485869047619 160000
2050138.54571429 0.945231281462585 160000
2184877.12816327 0.945231281462585 160000
2327813.2922449 0.954482739795918 160000
2479444.66 0.954482739795918 160000
2640298.51306122 0.943964569727891 160000
2810940.03142857 0.943964569727891 160000
2991960.75918367 0.919848987244898 160000
3183993.43428571 0.919848987244898 160000
3387708.69306122 0.878325558673469 160000
3603815.07020408 0.878325558673469 160000
3833068.88530612 0.78606843707483 160000
4076269.29959184 0.78606843707483 160000
4334263.25918367 0.78606843707483 160000
4607952.08612245 0.78606843707483 160000
0 3203379.97128232 170000
10364.7382653061 3203379.97128232 170000
21347.3576530612 3203379.97128232 170000
32982.6683673469 3203379.97128232 170000
45310.7021428571 5268683.63345543 170000
58374.9717346939 5268683.63345543 170000
72215.508877551 7483979.30958881 170000
86879.3073469388 7483979.30958881 170000
102418.58244898 6360078.90081108 170000
118882.068469388 6360078.90081108 170000
136325.461734694 287090.407779368 170000
154809.680102041 287090.407779368 170000
174392.160408163 4184.96420507568 170000
195142.523061224 4184.96420507568 170000
217128.647959184 178.996187008503 170000
240421.896020408 178.996187008503 170000
265104.07122449 20.1208019819303 170000
291255.237040816 20.1208019819303 170000
318964.159489796 4.8890351462585 170000
348323.085612245 4.8890351462585 170000
379431.224489796 2.08108453826531 170000
412391.26622449 2.08108453826531 170000
447312.862959184 1.27415499914966 170000
484314.369387755 1.27415499914966 170000
523521.102244898 0.965624183035714 170000
565060.11877551 0.965624183035714 170000
609074.140816326 0.831166143707483 170000
655709.37122449 0.831166143707483 170000
705122.455918367 0.775136219387755 170000
757477.002857143 0.775136219387755 170000
812948.803571428 0.756900748937075 170000
871724.092653061 0.756900748937075 170000
933999.547755102 0.754235592687075 170000
999984.030102041 0.754235592687075 170000
1069896.84397959 0.759700069515306 170000
1143972.95826531 0.759700069515306 170000
1222461.26591837 0.775274009778911 170000
1305624.58397959 0.775274009778911 170000
1393737.91306122 0.804590728528911 170000
1487098.88040816 0.804590728528911 170000
1586020.77785714 0.847012038690476 170000
1690832.56183673 0.847012038690476 170000
1801885.81540816 0.893023151147959 170000
1919551.2672449 0.893023151147959 170000
2044225.75367347 0.92503403465136 170000
2176323.51612245 0.92503403465136 170000
2316286.64418367 0.928961060799319 170000
2464586.81612245 0.928961060799319 170000
2621716.59632653 0.912426213860544 170000
2788203.35938775 0.912426213860544 170000
2964605.80908163 0.90231675042517 170000
3151510.49734694 0.90231675042517 170000
3349547.48887755 0.917473693452381 170000
3559376.43704082 0.917473693452381 170000
3781700.50795918 0.933413866071428 170000
4017264.64 0.933413866071428 170000
4266857.28428571 0.933413866071428 170000
4531312.14520408 0.933413866071428 170000
0 2827185.67265327 180000
10849.3645918367 2827185.67265327 180000
22339.8363265306 2827185.67265327 180000
34511.7133673469 2827185.67265327 180000
47405.293877551 7617509.40316722 180000
61060.8760204082 7617509.40316722 180000
75526.0848979592 6322728.53227478 180000
90846.713877551 6322728.53227478 180000
107077.715 6657624.09316947 180000
124266.713367347 6657624.09316947 180000
142475.987959184 71509.7389880906 180000
161762.32255102 71509.7389880906 180000
182191.659591837 1982.90009922258 180000
203831.773265306 1982.90009922258 180000
226752.269489796 129.639496513605 180000
251030.081122449 129.639496513605 180000
276747.63622449 19.368216948767 180000
303987.362857143 19.368216948767 180000
332839.016020408 5.51413200680272 180000
363401.509387755 5.51413200680272 180000
395771.924897959 2.36113654931973 180000
430060.166632653 2.36113654931973 180000
466379.802142857 1.35352982312925 180000
504851.725918367 1.35352982312925 180000
545600.495918367 0.967377252976191 180000
588763.492244898 0.967377252976191 180000
634481.758469388 0.814179358630952 180000
682909.160306123 0.814179358630952 180000
734203.226938776 0.768721809311225 180000
788536.141428571 0.768721809311225 180000
846087.41377551 0.773442342261905 180000
907047.544387755 0.773442342261905 180000
971616.192346939 0.792782407738095 180000
1040011.33408163 0.792782407738095 180000
1112454.6094898 0.810992903486395 180000
1189189.63928571 0.810992903486395 180000
1270471.03459184 0.827764724277211 180000
1356564.39693878 0.827764724277211 180000
1447757.30867347 0.844765511904762 180000
1544352.00602041 0.844765511904762 180000
1646667.21081633 0.862357797193878 180000
1755041.79397959 0.862357797193878 180000
1869834.7755102 0.884987352891156 180000
1991427.15622449 0.884987352891156 180000
2120220.08602041 0.91870271960034 180000
2256642.19081633 0.91870271960034 180000
2401142.24561225 0.967251321215986 180000
2554201.99663265 0.967251321215986 180000
2716327.00265306 1.02811070642007 180000
2888053.96193878 1.02811070642007 180000
3069950.7122449 1.08299405718537 180000
3262621.72602041 1.08299405718537 180000
3466704.44693878 1.09743423235544 180000
3682872.95336735 1.09743423235544 180000
3911843.45357143 1.02653465136054 180000
4154377.94918367 1.02653465136054 180000
4411275.07653061 1.02653465136054 180000
4683386.5922449 1.02653465136054 180000
0 2854101.00777738 190000
11393.7812244898 2854101.00777738 190000
23451.4489795918 2854101.00777738 190000
36210.212244898 2854101.00777738 190000
49711.1967346939 10217209.1150933 190000
63997.4865306122 10217209.1150933 190000
79116.0824489796 6154980.60944598 190000
95112.0269387755 6154980.60944598 190000
112040.154285714 6161488.06780538 190000
129953.340408163 6161488.06780538 190000
148908.377959184 229653.327908015 190000
168965.976326531 229653.327908015 190000
190192.72 4955.18689448639 190000
212651.276734694 4955.18689448639 190000
236418.022857143 246.040477136054 190000
261567.376326531 246.040477136054 190000
288181.588571429 27.1372472840136 190000
316342.911020408 27.1372472840136 190000
346141.428571429 6.08439439115646 190000
377675.059591837 6.08439439115646 190000
411043.680816326 2.36205213605442 190000
446353.044081633 2.36205213605442 190000
483716.734693878 1.35159578401361 190000
523254.213061224 1.35159578401361 190000
565092.773061224 0.992973843537415 190000
609365.583673469 0.992973843537415 190000
656213.647346939 0.84794450170068 190000
705787.758367347 0.84794450170068 190000
758246.544489796 0.791714879251701 190000
813758.425306122 0.791714879251701 190000
872497.695510204 0.779544442176871 190000
934656.275102041 0.779544442176871 190000
1000431.95918367 0.790951931972789 190000
1070032.33469388 0.790951931972789 190000
1143682.61387755 0.813526195578231 190000
1221619.75918367 0.813526195578231 190000
1304090.52489796 0.840119192176871 190000
1391359.29061224 0.840119192176871 190000
1483706.10285714 0.86661019047619 190000
1581424.71673469 0.86661019047619 190000
1684830.42938775 0.888531664965986 190000
1794252.24653061 0.888531664965986 190000
1910038.75755102 0.902762467687075 190000
2032564.01061224 0.902762467687075 190000
2162217.72081633 0.910138984693878 190000
2299413.10367347 0.910138984693878 190000
2444592.75020408 0.911154887755102 190000
2598218.83510204 0.911154887755102 190000
2760782.90857143 0.899282285714286 190000
2932805.89632653 0.899282285714286 190000
3114836.14122449 0.861085962585034 190000
3307459.19510204 0.861085962585034 190000
3511288.02693878 0.794334195578231 190000
3726976.73142857 0.794334195578231 190000
3955214.65387755 0.704534892857143 190000
4196732.26530612 0.704534892857143 190000
4452301.16244898 0.704534892857143 190000
4722739.94285714 0.704534892857143 190000
0 3077288.36337608 200000
11648.96 3077288.36337608 200000
23970.827755102 3077288.36337608 200000
37005.8971428571 3077288.36337608 200000
50794.4620408163 12033663.830744 200000
65378.8310204082 12033663.830744 200000
80807.3567346939 7178697.3194939 200000
97128.3918367347 7178697.3194939 200000
114392.303673469 12113597.4281837 200000
132655.503673469 12113597.4281837 200000
151974.403265306 252704.150255116 200000
172409.443265306 252704.150255116 200000
194027.108571429 4002.91751071429 200000
216893.884081633 4002.91751071429 200000
241082.29877551 190.861382306122 200000
266670.925714286 190.861382306122 200000
293738.337959184 23.7003718911565 200000
322369.152653061 23.7003718911565 200000
352658.060408163 6.07310161904762 200000
384695.72244898 6.07310161904762 200000
418586.902857143 2.54675354421769 200000
454438.380408163 2.54675354421769 200000
492360.963265306 1.45150719047619 200000
532477.547755102 1.45150719047619 200000
574913.044897959 1.01940572108844 200000
619802.439183674 1.01940572108844 200000
667286.759183674 0.844530292517007 200000
717517.106938776 0.844530292517007 200000
770652.643265306 0.787166081632653 200000
826858.573061225 0.787166081632653 200000
886314.204081633 0.781533333333334 200000
949208.917551021 0.781533333333334 200000
1015740.15346939 0.79743262585034 200000
1086115.42530612 0.79743262585034 200000
1160562.39346939 0.823703394557823 200000
1239312.7477551 0.823703394557823 200000
1322616.31020408 0.853642585034014 200000
1410737.00571429 0.853642585034014 200000
1503952.86204082 0.877823108843538 200000
1602558.0244898 0.877823108843538 200000
1706862.75591837 0.88963425170068 200000
1817199.48081633 0.88963425170068 200000
1933916.74122449 0.891720299319728 200000
2057381.21142857 0.891720299319728 200000
2187983.74204082 0.893974238095238 200000
2326137.34530612 0.893974238095238 200000
2472281.2244898 0.907271217687075 200000
2626872.71510204 0.907271217687075 200000
2790403.40244898 0.935842095238095 200000
2963387.03346939 0.935842095238095 200000
3146375.63428571 0.971661673469388 200000
3339941.37795918 0.971661673469388 200000
3544700.76081633 0.997395190476191 200000
3761298.48489796 0.997395190476191 200000
3990419.54612245 1.00528187755102 200000
4232787.21959184 1.00528187755102 200000
4489169.10367347 1.00528187755102 200000
4760375.10530612 1.00528187755102 200000
0 1613475.97025173 20000
5266.4 1613475.97025173 20000
10906.3771428571 1613475.97025173 20000
16947.3567346939 1613475.97025173 20000
23418.2465306122 1049452.7805065 20000
30347.9542857143 1049452.7805065 20000
37770.5763265306 20419.4874416054 20000
45720.2089795918 20419.4874416054 20000
54234.6546938775 595.832534013605 20000
63353.9395918367 595.832534013605 20000
73121.0546938776 40.4098312040816 20000
83582.6971428571 40.4098312040816 20000
94787.0465306122 7.37622910884354 20000
106787.471020408 7.37622910884354 20000
119641.044897959 2.78483754421769 20000
133407.066122449 2.78483754421769 20000
148151.503673469 1.65576888435374 20000
163943.291428571 1.65576888435374 20000
180857.293061224 1.23880848979592 20000
198972.819591837 1.23880848979592 20000
218375.853061224 0.996933040816326 20000
239156.822857143 0.996933040816326 20000
261414.311836735 0.839412027210884 20000
285253.573877551 0.839412027210884 20000
310786.533877551 0.753014591836735 20000
338133.270204082 0.753014591836735 20000
367422.755918367 0.719812367346939 20000
398793.6 0.719812367346939 20000
432392.564897959 0.710576401360544 20000
468379.755102041 0.710576401360544 20000
506922.687346939 0.697150972789116 20000
548204.444081633 0.697150972789116 20000
592419.226122449 0.66963919047619 20000
639775.31755102 0.66963919047619 20000
690495.826938775 0.638237523809524 20000
744820.169795918 0.638237523809524 20000
803003.327346939 0.616328163265306 20000
865321.035102041 0.616328163265306 20000
932066.076734694 0.609689571428571 20000
1003552.73142857 0.609689571428571 20000
1080118.99755102 0.622994551020408 20000
1162125.11020408 0.622994551020408 20000
1249957.24734694 0.665015802721088 20000
1344029.0122449 0.665015802721088 20000
1444785.13959184 0.736068346938775 20000
1552699.27183673 0.736068346938775 20000
1668281.37142857 0.81132425170068 20000
1792074.01469388 0.81132425170068 20000
1924662.76897959 0.856050972789116 20000
2066671.00408163 0.856050972789116 20000
2218768.78693878 0.858220598639456 20000
2381672.14040816 0.858220598639456 20000
2556150.4555102 0.830626972789116 20000
2743024.2677551 0.830626972789116 20000
2943174.89306122 0.796637197278912 20000
3157545.91020408 0.796637197278912 20000
3387147.60816327 0.796637197278912 20000
3633061.43346939 0.796637197278912 20000
0 5720080.2376029 210000
11911.3728571429 5720080.2376029 210000
24519.9371428571 5720080.2376029 210000
37864.4257142857 5720080.2376029 210000
51989.6871428571 5332109.12156636 210000
66940.57 5332109.12156636 210000
82763.9614285714 6414388.3647042 210000
99512.8642857143 6414388.3647042 210000
117238.242857143 3818539.7329877 210000
136001.254285714 3818539.7329877 210000
155861.017142857 158343.63840525 210000
176880.727142857 158343.63840525 210000
199129.695714286 6273.83863527976 210000
222677.234285714 6273.83863527976 210000
247600.808571429 327.382586327381 210000
273981.961428571 327.382586327381 210000
301902.235714286 32.6235431220238 210000
331455.405714286 32.6235431220238 210000
362737.284285714 6.86350050892857 210000
395843.684285714 6.86350050892857 210000
430886.727142857 2.60988956547619 210000
467978.534285714 2.60988956547619 210000
507235.304285714 1.46432284523809 210000
548787.505714286 1.46432284523809 210000
592767.645714286 1.0438972172619 210000
639316.385714286 1.0438972172619 210000
688586.618571428 0.868987788690476 210000
740735.314285714 0.868987788690476 210000
795931.674285714 0.803604857142857 210000
854353.054285714 0.803604857142857 210000
916189.041428571 0.793891913690476 210000
981637.377142857 0.793891913690476 210000
1050910.07285714 0.811644473214286 210000
1124229.33285714 0.811644473214286 210000
1201835.70857143 0.841649696428571 210000
1283973.82857143 0.841649696428571 210000
1370914.82285714 0.87956287797619 210000
1462933.89857143 0.87956287797619 210000
1560330.72571429 0.925299077380952 210000
1663419.24428571 0.925299077380952 210000
1772529.70285714 0.973876535714286 210000
1888018.85142857 0.973876535714286 210000
2010253.63285714 1.01120362797619 210000
2139633.60714286 1.01120362797619 210000
2276572.60428571 1.01886525892857 210000
2421512.99428571 1.01886525892857 210000
2574921.61 0.984940032738095 210000
2737295.86285714 0.984940032738095 210000
2909159.66571429 0.914176122023809 210000
3091063.43285714 0.914176122023809 210000
3283598.35 0.826177788690476 210000
3487384.14285714 0.826177788690476 210000
3703077.23142857 0.739130788690476 210000
3931372.76857143 0.739130788690476 210000
4173008.71714286 0.645063458333333 210000
4428765.85 0.645063458333333 210000
4699467.75 0.645063458333333 210000
4985986.92571429 0.645063458333333 210000
0 3140966.0640371 220000
12637.3928571429 3140966.0640371 220000
25982.3892857143 3140966.0640371 220000
40071.1607142857 3140966.0640371 220000
54948.9214285714 7871660.18950042 220000
70658.625 7871660.18950042 220000
87245.4857142857 14361055.4240037 220000
104759.239285714 14361055.4240037 220000
123251.882142857 8019512.91179966 220000
142779.932142857 8019512.91179966 220000
163399.907142857 373848.441437879 220000
185170.585714286 373848.441437879 220000
208159.789285714 6856.41336883928 220000
232433.078571429 6856.41336883928 220000
258062.796428571 290.832499955357 220000
285125.807142857 290.832499955357 220000
313701.235714286 29.1121268526786 220000
343874.989285714 29.1121268526786 220000
375735.235714286 6.5138996875 220000
409376.925 6.5138996875 220000
444899.528571429 2.65498756696429 220000
482407.039285714 2.65498756696429 220000
522010.232142857 1.53437975446429 220000
563828.925 1.53437975446429 220000
607982.935714286 1.08154926339286 220000
654607.907142857 1.08154926339286 220000
703837.221428571 0.880877901785714 220000
755820.085714286 0.880877901785714 220000
810707.967857143 0.80048125 220000
868663.639285714 0.80048125 220000
929858.914285714 0.778443995535714 220000
994476.910714286 0.778443995535714 220000
1062705.26785714 0.787562209821429 220000
1134747.45 0.787562209821429 220000
1210818.225 0.815072276785714 220000
1291141.40357143 0.815072276785714 220000
1375954.36071429 0.84825296875 220000
1465508.03571429 0.84825296875 220000
1560066.93214286 0.876234017857143 220000
1659911.37857143 0.876234017857143 220000
1765339.78928571 0.8943103125 220000
1876659.62142857 0.8943103125 220000
1994203.2 0.900414241071428 220000
2118316.41428571 0.900414241071428 220000
2249367.76071429 0.89332125 220000
2387746.08214286 0.89332125 220000
2533858.30714286 0.877317276785714 220000
2688138.49285714 0.877317276785714 220000
2851043.30357143 0.865900669642857 220000
3023056.53214286 0.865900669642857 220000
3204682.31785714 0.878160334821429 220000
3396463.23214286 0.878160334821429 220000
3598962.19285714 0.924429620535714 220000
3812782.81071429 0.924429620535714 220000
4038555.825 0.985704397321429 220000
4276950.40714286 0.985704397321429 220000
4528669.63928571 0.985704397321429 220000
4794459.55714286 0.985704397321429 220000
0 2996501.33534785 230000
12833.1585714286 2996501.33534785 230000
26386.7671428571 2996501.33534785 230000
40699.7071428571 2996501.33534785 230000
55817.7214285714 10738065.1957725 230000
71781.9785714286 10738065.1957725 230000
88642.7957142857 11746093.1480039 230000
106450.49 11746093.1480039 230000
125255.378571429 7946043.72230376 230000
145116.927142857 7946043.72230376 230000
166094.601428571 437299.259033092 230000
188245.58 437299.259033092 230000
211643.051428571 8200.31528151786 230000
236351.055714286 8200.31528151786 230000
262445.068571429 397.068808235119 230000
290005.14 397.068808235119 230000
319111.32 41.4161879970238 230000
349848.232857143 41.4161879970238 230000
382311.938571429 8.36379553571429 230000
416596.21 8.36379553571429 230000
452806.255714286 2.93753957738095 230000
491044.997142857 2.93753957738095 230000
531431.365714286 1.542363375 230000
574084.292857143 1.542363375 230000
619129.571428571 1.05764156547619 230000
666702.142857143 1.05764156547619 230000
716943.81 0.868199428571429 230000
770005.524285714 0.868199428571429 230000
826042.811428571 0.803349398809524 230000
885227.207142857 0.803349398809524 230000
947730.247142857 0.796021011904762 230000
1013739.47714286 0.796021011904762 230000
1083453.87857143 0.813169818452381 230000
1157081.58142857 0.813169818452381 230000
1234837.57714286 0.837837607142857 230000
1316959.72857143 0.837837607142857 230000
1403685.89857143 0.861752544642857 230000
1495281.39571429 0.861752544642857 230000
1592016.10285714 0.883022973214286 230000
1694175.91285714 0.883022973214286 230000
1802071.87714286 0.9036644375 230000
1916019.62142857 0.9036644375 230000
2036359.93 0.925130226190476 230000
2163454.17142857 0.925130226190476 230000
2297679.72428571 0.946510247023809 230000
2439436.83857143 0.946510247023809 230000
2589146.34857143 0.965698422619048 230000
2747258.82142857 0.965698422619048 230000
2914240.83428571 0.975156711309524 230000
3090593.27142857 0.975156711309524 230000
3276839.88857143 0.962201 230000
3473536.46142857 0.962201 230000
3681270.78571429 0.922247473214286 230000
3900662.67714286 0.922247473214286 230000
4132361.68428571 0.847734264880952 230000
4377063.09857143 0.847734264880952 230000
4635494.23142857 0.847734264880952 230000
4908425.85 0.847734264880952 230000
0 4342842.16737216 240000
13412.1423469388 4342842.16737216 240000
27563.5940816327 4342842.16737216 240000
42495.6981632653 4342842.16737216 240000
58252.2294897959 11297677.1978964 240000
74876.9629591837 11297677.1978964 240000
92418.5373469388 18738820.4751198 240000
110928.023367347 18738820.4751198 240000
130458.923673469 10135797.6096669 240000
151064.740918367 10135797.6096669 240000
172808.705510204 548432.625016242 240000
195751.615918367 548432.625016242 240000
219959.134489796 7592.79347754485 240000
245501.78744898 7592.79347754485 240000
272454.964897959 387.601099940264 240000
300891.625 387.601099940264 240000
330899.31755102 44.3045134260204 240000
362560.728469388 44.3045134260204 240000
395968.271428571 8.97420873937075 240000
431216.792040816 8.97420873937075 240000
468410.863673469 3.08554765412415 240000
507657.491632653 3.08554765412415 240000
549066.113163265 1.59633981186224 240000
592760.757142857 1.59633981186224 240000
638863.020510204 1.0850804162415 240000
687509.091836735 1.0850804162415 240000
738837.591632653 0.88084315795068 240000
792996.868163265 0.88084315795068 240000
850142.565510204 0.806273835246599 240000
910440.055510204 0.806273835246599 240000
974064.437755102 0.797037534438775 240000
1041195.67571429 0.797037534438775 240000
1112030.75642857 0.818463928358843 240000
1186771.53081633 0.818463928358843 240000
1265634.44142857 0.849040491921769 240000
1348848.0905102 0.849040491921769 240000
1436648.37612245 0.880736760629252 240000
1529293.08377551 0.880736760629252 240000
1627047.29479592 0.913431137542517 240000
1730190.68214286 0.913431137542517 240000
1839022.37428571 0.944169830357143 240000
1953858.52326531 0.944169830357143 240000
2075027.44081633 0.962997089710884 240000
2202876.89418367 0.962997089710884 240000
2337778.97 0.957099638180272 240000
2480120.34653061 0.957099638180272 240000
2630312.02142857 0.91952618409864 240000
2788786.87979592 0.91952618409864 240000
2956002.12612245 0.854167829506803 240000
3132436.85234694 0.854167829506803 240000
3318604.19755102 0.774020247236394 240000
3515039.18826531 0.774020247236394 240000
3722306.03428571 0.696502198767007 240000
3941005.4244898 0.696502198767007 240000
4171764.79908163 0.625479453443877 240000
4415252.94122449 0.625479453443877 240000
4672167.81734694 0.625479453443877 240000
4943251.16877551 0.625479453443877 240000
0 5159019.80779273 250000
13705.2776530612 5159019.80779273 250000
28162.6893877551 5159019.80779273 250000
43417.0643877551 5159019.80779273 250000
59510.7413265306 7877254.02942021 250000
76488.5493877551 7877254.02942021 250000
94402.7892857143 8922388.8932711 250000
113300.780714286 8922388.8932711 250000
133239.805408163 10733402.8230789 250000
154274.654591837 10733402.8230789 250000
176467.591020408 1811725.28739363 250000
199883.367959184 1811725.28739363 250000
224586.738673469 23996.6351158278 250000
250647.43744898 23996.6351158278 250000
278145.160612245 748.602984379677 250000
307154.623469388 748.602984379677 250000
337760.503367347 56.7015703418367 250000
370049.968163265 56.7015703418367 250000
404117.657244898 9.63306517261905 250000
440058.21 9.63306517261905 250000
477976.227857143 3.12543464923469 250000
517981.293265306 3.12543464923469 250000
560187.969693878 1.59229732185374 250000
604718.292142857 1.59229732185374 250000
651696.786122449 1.08647988796769 250000
701262.920204082 1.08647988796769 250000
753553.67244898 0.898223259353741 250000
808723.454489796 0.898223259353741 250000
866926.677959184 0.836806240008503 250000
928335.188061225 0.836806240008503 250000
993123.320510204 0.826455056972789 250000
1061472.88255102 0.826455056972789 250000
1133588.09602041 0.834243089923469 250000
1209668.20173469 0.834243089923469 250000
1289934.85510204 0.850332823554422 250000
1374619.67357143 0.850332823554422 250000
1463964.23663265 0.872975712159864 250000
1558222.57632653 0.872975712159864 250000
1657671.13928571 0.898285522108843 250000
1762588.86265306 0.898285522108843 250000
1873282.07918367 0.919024208120748 250000
1990064.59316327 0.919024208120748 250000
2113275.11397959 0.930158864158163 250000
2243264.80357143 0.930158864158163 250000
2380404.74795918 0.930916394345238 250000
2525093.42877551 0.930916394345238 250000
2677744.27071429 0.923875514455782 250000
2838793.11306122 0.923875514455782 250000
3008705.68122449 0.919890698129252 250000
3187965.13418367 0.919890698129252 250000
3377089.49806122 0.936831356079932 250000
3576621.70408163 0.936831356079932 250000
3787134.56959184 0.981255831845238 250000
4009228.30755102 0.981255831845238 250000
4243542.97908163 1.0237138422619 250000
4490753.51244898 1.0237138422619 250000
4751564.72204082 1.0237138422619 250000
5026728.74193878 1.0237138422619 250000
0 4467100.1124489 260000
14124.0342857143 4467100.1124489 260000
29018.3289795918 4467100.1124489 260000
44721.786122449 4467100.1124489 260000
61281.0881632653 8059889.74438139 260000
78742.9175510204 8059889.74438139 260000
97153.9567346939 13605368.1196106 260000
116568.668571429 13605368.1196106 260000
137041.515918367 16599208.9160087 260000
158629.555102041 16599208.9160087 260000
181392.435918367 3917816.927619 260000
205394.995102041 3917816.927619 260000
230704.662857143 39847.9709594847 260000
257391.462857143 39847.9709594847 260000
285533.199183673 1007.1936227449 260000
315207.675918367 1007.1936227449 260000
346497.884081633 66.8321608469388 260000
379492.001632653 66.8321608469388 260000
414283.393469388 10.9110498979592 260000
450968.017959184 10.9110498979592 260000
489652.207346939 3.47293106632653 260000
530442.293877551 3.47293106632653 260000
573454.983673469 1.71697398979592 260000
618806.982857143 1.71697398979592 260000
666633.151836735 1.13619893877551 260000
717060.570612245 1.13619893877551 260000
770234.473469388 0.914570770408163 260000
826305.281632653 0.914570770408163 260000
885431.196734694 0.830952994897959 260000
947775.607346939 0.830952994897959 260000
1013514.86938776 0.80462387755102 260000
1082835.71265306 0.80462387755102 260000
1155930.05387755 0.801765658163265 260000
1233005.37061224 0.801765658163265 260000
1314276.92081633 0.81188018877551 260000
1399978.11673469 0.81188018877551 260000
1490342.37061225 0.836366862244898 260000
1585631.62285714 0.836366862244898 260000
1686107.81387755 0.877413918367347 260000
1792056.22530612 0.877413918367347 260000
1903775.10612245 0.931293244897959 260000
2021578.26612245 0.931293244897959 260000
2145797.66938775 0.989413974489796 260000
2276780.84081633 0.989413974489796 260000
2414898.64653061 1.04163996428571 260000
2560537.51346939 1.04163996428571 260000
2714107.20979592 1.07542530612245 260000
2876040.84489796 1.07542530612245 260000
3046792.27591837 1.07641406632653 260000
3226843.88816326 1.07641406632653 260000
3416701.40816327 1.03505363265306 260000
3616899.09061224 1.03505363265306 260000
3827997.12489796 0.953094596938775 260000
4050594.60244898 0.953094596938775 260000
4285311.36244898 0.826571112244898 260000
4532813.92653061 0.826571112244898 260000
4793792.15755102 0.826571112244898 260000
5068985.19428571 0.826571112244898 260000
0 4614628.79639673 270000
14942.6010204082 4614628.79639673 270000
30676.2809183673 4614628.79639673 270000
47235.0645918367 4614628.79639673 270000
64669.9893877551 8315414.22364517 270000
83023.5864285714 8315414.22364517 270000
102341.222244898 17295997.0576822 270000
122679.605 17295997.0576822 270000
144089.772040816 27527166.3514382 270000
166628.431530612 27527166.3514382 270000
190355.127040816 2604589.6759671 270000
215332.23755102 2604589.6759671 270000
241624.97744898 27514.7963623729 270000
269301.396530612 27514.7963623729 270000
298440.88622449 810.712738169855 270000
329114.331734694 810.712738169855 270000
361403.959897959 63.9597550854592 270000
395394.832959184 63.9597550854592 270000
431177.683979592 11.0573947988946 270000
468848.916836735 11.0573947988946 270000
508502.1 3.51182431611395 270000
550247.814387755 3.51182431611395 270000
594190.970102041 1.71613079081633 270000
640453.489693878 1.71613079081633 270000
689151.624897959 1.12390853911565 270000
740418.639897959 1.12390853911565 270000
794384.963469388 0.902114642644558 270000
851198.036836735 0.902114642644558 270000
911002.465816326 0.826491944090136 270000
973962.704081633 0.826491944090136 270000
1040237.5344898 0.816857463435374 270000
1110008.42316327 0.816857463435374 270000
1183456.83622449 0.840296837585034 270000
1260772.74602041 0.840296837585034 270000
1342165.9727551 0.877233936011905 270000
1427849.17204082 0.877233936011905 270000
1518049.17653061 0.910549981930272 270000
1613001.32510204 0.910549981930272 270000
1712957.96908163 0.927987742134354 270000
1818182.80142857 0.927987742134354 270000
1928953.69214286 0.925435874787415 270000
2045565.52367347 0.925435874787415 270000
2168318.84928571 0.907058885629252 270000
2297545.41173469 0.907058885629252 270000
2433579.78918367 0.88267437542517 270000
2576787.74928571 0.88267437542517 270000
2727540.7305102 0.860705869260204 270000
2886238.52540816 0.860705869260204 270000
3053300.77438775 0.836386337159864 270000
3229169.80112245 0.836386337159864 270000
3414307.77714286 0.791019806547619 270000
3609202.39265306 0.791019806547619 270000
3814369.69193878 0.719750640943877 270000
4030348.40255102 0.719750640943877 270000
4257714.11234694 0.628060629464286 270000
4497059.42163265 0.628060629464286 270000
4749022.2972449 0.628060629464286 270000
5014260.55387755 0.628060629464286 270000
0 4721931.30715848 280000
15436.7859183673 4721931.30715848 280000
31678.2206122449 4721931.30715848 280000
48762.9034693877 4721931.30715848 280000
66735.3722448979 13935158.2545897 280000
85643.133877551 13935158.2545897 280000
105533.695306122 15417182.2851784 280000
126460.501836735 15417182.2851784 280000
148474.029591837 11554781.9849383 280000
171630.693061224 11554781.9849383 280000
195992.845102041 1574076.67013783 280000
221619.869387755 1574076.67013783 280000
248580.057142857 21499.4382462653 280000
276944.66877551 21499.4382462653 280000
306781.995510204 727.584856610969 280000
338169.236122449 727.584856610969 280000
371189.527755102 60.443975144983 280000
405926.00755102 60.443975144983 280000
442470.720204082 11.1540168303571 280000
480915.710408163 11.1540168303571 280000
521355.992040816 3.70145241113946 280000
563901.424897959 3.70145241113946 280000
608658.899591837 1.8217921292517 280000
655744.214285714 1.8217921292517 280000
705276.13632653 1.17303168239796 280000
757382.340612245 1.17303168239796 280000
812199.409591837 0.917558170493197 280000
869866.894897959 0.917558170493197 280000
930533.255714285 0.825000055272109 280000
994352.889591837 0.825000055272109 280000
1061489.10163265 0.81200987670068 280000
1132120.04285714 0.81200987670068 280000
1206420.89510204 0.837093292942177 280000
1284584.65530612 0.837093292942177 280000
1366813.22795918 0.872172960884354 280000
1453314.45591837 0.872172960884354 280000
1544316.96632653 0.898963657738095 280000
1640049.38632653 0.898963657738095 280000
1740758.15816326 0.910574403061224 280000
1846704.57 0.910574403061224 280000
1958158.81755102 0.910376457482993 280000
2075408.91163265 0.910376457482993 280000
2198754.73979592 0.907549547193877 280000
2328514.00469388 0.907549547193877 280000
2465022.22408163 0.911050709608843 280000
2608623.82326531 0.911050709608843 280000
2759692.91938775 0.925395578231292 280000
2918618.4755102 0.925395578231292 280000
3085804.30061224 0.947887144557823 280000
3261686.86469388 0.947887144557823 280000
3446711.54530612 0.962689762329932 280000
3641356.38102041 0.962689762329932 280000
3846120.19469388 0.944670528911564 280000
4061531.50102041 0.944670528911564 280000
4288145.53734694 0.861960206207483 280000
4526538.32530612 0.861960206207483 280000
4777327.45510204 0.861960206207483 280000
5041157.23959184 0.861960206207483 280000
0 4859618.76459323 290000
15419.2885714286 4859618.76459323 290000
31651.812244898 4859618.76459323 290000
48738.5253061225 4859618.76459323 290000
66726.2326530612 12658712.7603324 290000
85661.7391836735 12658712.7603324 290000
105594.775102041 10439135.2557397 290000
126580.92122449 10439135.2557397 290000
148672.833061224 16499436.8417132 290000
171926.091428571 16499436.8417132 290000
196407.978367347 3507823.11648964 290000
222179.925306122 3507823.11648964 290000
249309.214285714 39600.7216453827 290000
277868.977959184 39600.7216453827 290000
307935.274285714 1150.04017978827 290000
339584.16122449 1150.04017978827 290000
372903.397959184 81.7755857933673 290000
407977.818367347 81.7755857933673 290000
444901.032244898 13.0171429770408 290000
483769.574693877 13.0171429770408 290000
524688.756734694 3.93106902806122 290000
567763.889387755 3.93106902806122 290000
613109.059591837 1.85548510714286 290000
660844.204897959 1.85548510714286 290000
711095.113469388 1.17600962755102 290000
763996.349387755 1.17600962755102 290000
819682.476734694 0.913140400510204 290000
878308.536734694 0.913140400510204 290000
940020.794693878 0.820444762755102 290000
1004988.91836735 0.820444762755102 290000
1073379.65020408 0.81194918622449 290000
1145374.35918367 0.81194918622449 290000
1221166.1155102 0.845523168367347 290000
1300950.91469388 0.845523168367347 290000
1384942.30408163 0.893120336734694 290000
1473359.68163265 0.893120336734694 290000
1566437.07183673 0.934403719387755 290000
1664423.12571429 0.934403719387755 290000
1767572.34489796 0.957306428571428 290000
1876156.78285714 0.957306428571428 290000
1990466.04489796 0.960792418367347 290000
2110801.43755102 0.960792418367347 290000
2237478.89387755 0.951577704081633 290000
2370834.82408163 0.951577704081633 290000
2511217.33959184 0.933958829081633 290000
2659000.87959184 0.933958829081633 290000
2814571.5844898 0.908173474489796 290000
2978344.8477551 0.908173474489796 290000
3150750.68938776 0.877774668367347 290000
3332242.53183673 0.877774668367347 290000
3523300.12530612 0.847729336734694 290000
3724429.5477551 0.847729336734694 290000
3936157.35428571 0.813484971938775 290000
4159048.12897959 0.813484971938775 290000
4393686.93306123 0.743954102040816 290000
4640693.93142857 0.743954102040816 290000
4900718.54204082 0.743954102040816 290000
5174451.13714286 0.743954102040816 290000
0 3335323.28464342 300000
16029.5026530612 3335323.28464342 300000
32890.4623469388 3335323.28464342 300000
50626.1519387755 3335323.28464342 300000
69282.9352040816 13528599.0008618 300000
88907.1759183673 13528599.0008618 300000
109545.237857143 14460708.1691669 300000
131258.939387755 14460708.1691669 300000
154094.644285714 8849341.16852104 300000
178117.261836735 8849341.16852104 300000
203385.519489796 2155994.69371236 300000
229961.235612245 2155994.69371236 300000
257918.592244898 38191.2326142774 300000
287325.589591837 38191.2326142774 300000
318256.409693878 1383.77091924936 300000
350791.416428571 1383.77091924936 300000
385014.064591837 100.393047889668 300000
421010.899897959 100.393047889668 300000
458874.649897959 14.7987826715561 300000
498701.133061224 14.7987826715561 300000
540595.440612245 4.0946683494898 300000
584662.66377551 4.0946683494898 300000
631014.075612245 1.84009453762755 300000
679770.221938776 1.84009453762755 300000
731051.648571429 1.16075575637755 300000
784997.446836735 1.16075575637755 300000
841737.435306122 0.920700869260204 300000
901419.978061224 0.920700869260204 300000
964199.621020408 0.844844580994898 300000
1030234.00102041 0.844844580994898 300000
1099696.2094898 0.837497210459184 300000
1172756.24693878 0.837497210459184 300000
1249608.84122449 0.853756728954082 300000
1330445.62928571 0.853756728954082 300000
1415473.70265306 0.87487156505102 300000
1504912.51653061 0.87487156505102 300000
1598987.70795918 0.899218986607143 300000
1697946.55040816 0.899218986607143 300000
1802033.22642857 0.930147488520408 300000
1911519.73683673 0.930147488520408 300000
2026684.26428571 0.967631313137755 300000
2147820.44602041 0.967631313137755 300000
2275240.46479592 1.00693749170918 300000
2409268.86704082 1.00693749170918 300000
2550245.65377551 1.04250881058673 300000
2698535.55336735 1.04250881058673 300000
2854515.65785714 1.06922593622449 300000
3018587.78663265 1.06922593622449 300000
3191166.1227551 1.07943240625 300000
3372692.66755102 1.07943240625 300000
3563637.24061224 1.07231685459184 300000
3764482.02520408 1.07231685459184 300000
3975746.29561224 1.06369448022959 300000
4197964.78071429 1.06369448022959 300000
4431706.2094898 1.06450584630102 300000
4677570.22010204 1.06450584630102 300000
4936187.35989796 1.06450584630102 300000
5208215.9944898 1.06450584630102 300000
0 2009623.12562042 30000
5529.21 2009623.12562042 30000
11445.52 2009623.12562042 30000
17775.79 2009623.12562042 30000
24548.46 1802397.87252663 30000
31795.92 1802397.87252663 30000
39550.56 9737.34197333333 30000
47847.93 9737.34197333333 30000
56725.95 202.334031395833 30000
66224.91 202.334031395833 30000
76389.84 19.4630604791667 30000
87264.98 19.4630604791667 30000
98901.68 5.692078375 30000
111352.87 5.692078375 30000
124676.22 3.01963839583333 30000
138930.98 3.01963839583333 30000
154183.51 2.13389204166667 30000
170504.12 2.13389204166667 30000
187967.07 1.56628033333333 30000
206651.36 1.56628033333333 30000
226643.89 1.150230125 30000
248036.3 1.150230125 30000
270924.97 0.9010196875 30000
295416.55 0.9010196875 30000
321621.64 0.770682854166667 30000
349660.32 0.770682854166667 30000
379662.15 0.712622791666667 30000
411763.8 0.712622791666667 30000
446112.21 0.689405020833333 30000
482864.59 0.689405020833333 30000
522188.42 0.670762666666667 30000
564265.4 0.670762666666667 30000
609287.5 0.646842125 30000
657460.12 0.646842125 30000
709004.46 0.627655 30000
764156.73 0.627655 30000
823168.15 0.625472625 30000
886310.48 0.625472625 30000
953872.07 0.642972770833333 30000
1026161.81 0.642972770833333 30000
1103511.5 0.675046770833333 30000
1186275.06 0.675046770833333 30000
1274830.9 0.713500020833333 30000
1369584.29 0.713500020833333 30000
1470969.73 0.746265270833333 30000
1579451.74 0.746265270833333 30000
1695525.65 0.756230791666667 30000
1819723.13 0.756230791666667 30000
1952613.77 0.7352875625 30000
2094805.08 0.7352875625 30000
2246948.02 0.698486729166667 30000
2409740.16 0.698486729166667 30000
2583924.89 0.672602708333333 30000
2770301.69 0.672602708333333 30000
2969722.18 0.681404625 30000
3183100.39 0.681404625 30000
3411412.76 0.681404625 30000
3655704.46 0.681404625 30000
0 1663594.72441794 40000
5692.28653061224 1663594.72441794 40000
11787.4812244898 1663594.72441794 40000
18312.1760204082 1663594.72441794 40000
25298.6035714286 127804.468886667 40000
32778.1907142857 127804.468886667 40000
40785.5875510204 1590.75142547088 40000
49359.4732653061 1590.75142547088 40000
58539.3328571429 283.789187400085 40000
68367.0687755102 283.789187400085 40000
78888.6125510204 71.9918824298469 40000
90153.9247959184 71.9918824298469 40000
102215.383571429 16.7604843505527 40000
115128.590204082 16.7604843505527 40000
128953.980918367 4.99571707376701 40000
143756.021020408 4.99571707376701 40000
159604.010714286 2.12161030314626 40000
176571.279285714 2.12161030314626 40000
194736.796734694 1.3116675255102 40000
214185.979591837 1.3116675255102 40000
235009.079285714 1.05643191921769 40000
257303.599591837 1.05643191921769 40000
281171.879183673 0.934795623511905 40000
306727.538163265 0.934795623511905 40000
334087.419897959 0.831620915603741 40000
363381.260816326 0.831620915603741 40000
394743.632244898 0.740185944302721 40000
428321.998571428 0.740185944302721 40000
464271.882346939 0.67722818622449 40000
502761.699183673 0.67722818622449 40000
543970.340306122 0.646346954294218 40000
588090.395816326 0.646346954294218 40000
635326.543061224 0.640929518282313 40000
685899.575714286 0.640929518282313 40000
740046.40377551 0.654215414965986 40000
798016.830306122 0.654215414965986 40000
860083.22122449 0.68284371875 40000
926534.05877551 0.68284371875 40000
997678.776428571 0.72376743664966 40000
1073850.17632653 0.72376743664966 40000
1155402.01183673 0.766638544005102 40000
1242714.62826531 0.766638544005102 40000
1336194.96285714 0.798676458120748 40000
1436279.76806122 0.798676458120748 40000
1543433.99989796 0.820551013818027 40000
1658158.87612245 0.820551013818027 40000
1780987.04132653 0.844703679421768 40000
1912493.04255102 0.844703679421768 40000
2053288.49438775 0.878040972363945 40000
2204030.13714286 0.878040972363945 40000
2365419.83683673 0.902616691539115 40000
2538211.03173469 0.902616691539115 40000
2723208.73234694 0.875440535926871 40000
2921275.16214286 0.875440535926871 40000
3133333.78663265 0.752395740433673 40000
3360371.73081633 0.752395740433673 40000
3603449.44897959 0.752395740433673 40000
3863697.50142857 0.752395740433673 40000
0 1811717.55799309 50000
6066.88571428571 1811717.55799309 50000
12555.5428571429 1811717.55799309 50000
19495.6 1811717.55799309 50000
26919.3 1005825.39623982 50000
34859.7571428571 1005825.39623982 50000
43353.5714285714 3014.34862806548 50000
52437.3428571429 3014.34862806548 50000
62154.6428571429 239.435707678571 50000
72548.1714285714 239.435707678571 50000
83664.9857142857 84.4729761011905 50000
95555.6285714286 84.4729761011905 50000
108274.128571429 24.5340021130952 50000
121878 24.5340021130952 50000
136429.114285714 6.42051869047619 50000
151993.7 6.42051869047619 50000
168640.6 2.51071461309524 50000
186447.371428571 2.51071461309524 50000
205493.314285714 1.49048416666667 50000
225865.571428571 1.49048416666667 50000
247655.642857143 1.11999994047619 50000
270962.871428571 1.11999994047619 50000
295891.828571429 0.927632083333333 50000
322557.542857143 0.927632083333333 50000
351078.528571429 0.809264851190476 50000
381585.5 0.809264851190476 50000
414216.142857143 0.745403660714286 50000
449118.6 0.745403660714286 50000
486450.6 0.711517797619048 50000
526381.2 0.711517797619048 50000
569091.657142857 0.687667886904762 50000
614775.428571429 0.687667886904762 50000
663639.914285714 0.671343125 50000
715905.585714286 0.671343125 50000
771810.342857143 0.669516755952381 50000
831606.9 0.669516755952381 50000
895565.4 0.689249166666667 50000
963976.9 0.689249166666667 50000
1037150.75714286 0.727960565476191 50000
1115418.98571429 0.727960565476191 50000
1199135.38571429 0.767387261904762 50000
1288679.9 0.767387261904762 50000
1384458.61428571 0.788913363095238 50000
1486903.75714286 0.788913363095238 50000
1596481.54285714 0.793778839285714 50000
1713687.81428571 0.793778839285714 50000
1839053.27142857 0.800708511904762 50000
1973145.21428571 0.800708511904762 50000
2116572.77142857 0.837408363095238 50000
2269985.15714286 0.837408363095238 50000
2434076.9 0.931600714285714 50000
2609592.2 0.931600714285714 50000
2797326.67142857 1.08561482142857 50000
2998129.08571429 1.08561482142857 50000
3212910.95714286 1.24129916666667 50000
3442644.8 1.24129916666667 50000
3688371.97142857 1.24129916666667 50000
3951205.28571429 1.24129916666667 50000
0 1789743.2835972 60000
6694.73142857143 1789743.2835972 60000
13837.6457142857 1789743.2835972 60000
21458.7551020408 1789743.2835972 60000
29590.0726530612 8809352.36699349 60000
38264.6118367347 8809352.36699349 60000
47520.3881632653 4314462.13216555 60000
57395.4171428571 4314462.13216555 60000
67931.7159183674 47894.772225324 60000
79172.3020408163 47894.772225324 60000
91166.1955102041 588.337304283163 60000
103962.416326531 588.337304283163 60000
117613.986122449 35.4425271020408 60000
132179.928979592 35.4425271020408 60000
147721.269795918 7.07529503061224 60000
164301.034285714 7.07529503061224 60000
181992.252244898 2.85078185969388 60000
200865.952653061 2.85078185969388 60000
221003.168571429 1.70416821173469 60000
242487.934285714 1.70416821173469 60000
265411.286938776 1.23918683418367 60000
289867.264897959 1.23918683418367 60000
315960.911020408 0.998505303571429 60000
343800.269387755 0.998505303571429 60000
373503.388163265 0.855513630102041 60000
405193.31755102 0.855513630102041 60000
439005.112653061 0.770499778061224 60000
475078.830612245 0.770499778061224 60000
513567.533877551 0.72228218877551 60000
554631.287755102 0.72228218877551 60000
598443.162857143 0.69429368622449 60000
645186.233877551 0.69429368622449 60000
695058.581632653 0.673695698979592 60000
748268.291020408 0.673695698979592 60000
805038.453061224 0.656305270408163 60000
865608.165306123 0.656305270408163 60000
930231.531428571 0.64824156377551 60000
999179.662040816 0.64824156377551 60000
1072741.67510204 0.660679971938775 60000
1151225.69632653 0.660679971938775 60000
1234962.86081633 0.701206923469388 60000
1324304.31183673 0.701206923469388 60000
1419624.20204082 0.761050089285714 60000
1521322.69469388 0.761050089285714 60000
1629827.9644898 0.808561140306122 60000
1745594.19673469 0.808561140306122 60000
1869107.58979592 0.814751165816326 60000
2000886.35510204 0.814751165816326 60000
2141484.71877551 0.789119875 60000
2291491.92122449 0.789119875 60000
2451537.21918367 0.760937543367347 60000
2622293.88734694 0.760937543367347 60000
2804478.21795918 0.736442132653061 60000
2998853.52244898 0.736442132653061 60000
3206238.13469388 0.685346285714286 60000
3427500.40897959 0.685346285714286 60000
3663569.7244898 0.685346285714286 60000
3915438.48612245 0.685346285714286 60000
0 2248133.67858679 70000
6857.27632653061 2248133.67858679 70000
14175.5032653061 2248133.67858679 70000
21988.26 2248133.67858679 70000
30327.0906122449 3373787.71818695 70000
39227.6093877551 3373787.71818695 70000
48727.4657142857 68845.0919733444 70000
58867.361632653 68845.0919733444 70000
69692.0693877551 1150.52443088265 70000
81244.326122449 1150.52443088265 70000
93576.0269387755 142.574865030612 70000
106739.066938776 142.574865030612 70000
120788.393877551 33.2261803852041 70000
135785.060816327 33.2261803852041 70000
151792.155918367 9.91070103061224 70000
168877.855102041 9.91070103061224 70000
187114.404489796 3.88800097193878 70000
206581.173061224 3.88800097193878 70000
227358.547346939 2.03270443622449 70000
249536.071836735 2.03270443622449 70000
273208.37877551 1.31396363265306 70000
298476.205714286 1.31396363265306 70000
325445.377959184 0.983403704081633 70000
354232.913877551 0.983403704081633 70000
384960.919591837 0.816029280612245 70000
417758.624081633 0.816029280612245 70000
452766.449387755 0.72603325255102 70000
490133.975510204 0.72603325255102 70000
530018.922857143 0.686278806122449 70000
572592.24 0.686278806122449 70000
618034.033469388 0.680402448979592 70000
666537.637959184 0.680402448979592 70000
718310.633877551 0.688252431122449 70000
773571.794693877 0.688252431122449 70000
832556.174693877 0.700395206632653 70000
895516.126530612 0.700395206632653 70000
962719.266122449 0.717193278061224 70000
1034449.49020408 0.717193278061224 70000
1111014.09918367 0.74288644132653 70000
1192738.70938776 0.74288644132653 70000
1279970.30571429 0.782390739795918 70000
1373079.27673469 0.782390739795918 70000
1472462.46734694 0.829278642857143 70000
1578543.17877551 0.829278642857143 70000
1691773.20367347 0.862503803571428 70000
1812631.80857143 0.862503803571428 70000
1941635.90938775 0.865963477040816 70000
2079331.93102041 0.865963477040816 70000
2226308.01795918 0.840643415816326 70000
2383186.91142857 0.840643415816326 70000
2550638.16 0.792958431122449 70000
2729373.03183673 0.792958431122449 70000
2920152.65510204 0.729094385204081 70000
3123788.01795918 0.729094385204081 70000
3341145.05632653 0.64334875255102 70000
3573149.74163265 0.64334875255102 70000
3820788.08081633 0.64334875255102 70000
4085114.25673469 0.64334875255102 70000
0 2394905.60904734 80000
7018.45867346939 2394905.60904734 80000
14505.4448979592 2394905.60904734 80000
22493.5244897959 2394905.60904734 80000
31014.212755102 6156466.94001671 80000
40105.3280612245 6156466.94001671 80000
49803.6382653061 3226015.73684293 80000
60149.062755102 3226015.73684293 80000
71185.7229591837 363967.388841165 80000
82960.8918367347 363967.388841165 80000
95521.8423469388 4563.31647115859 80000
108922.150510204 4563.31647115859 80000
123217.493367347 166.122396105442 80000
138467.75 166.122396105442 80000
154738.052040816 18.7928593654337 80000
172094.581632653 18.7928593654337 80000
190609.823979592 4.99872149234694 80000
210363.617857143 4.99872149234694 80000
231436.85255102 2.14890835352891 80000
253916.720408163 2.14890835352891 80000
277899.868367347 1.26514257015306 80000
303485.044387755 1.26514257015306 80000
330779.400510204 0.938088103741497 80000
359897.442346939 0.938088103741497 80000
390959.978571429 0.797702734906463 80000
424099.373469388 0.797702734906463 80000
459451.142857143 0.734243164328231 80000
497166.560204082 0.734243164328231 80000
537400.050510204 0.710309040178571 80000
580322.846938776 0.710309040178571 80000
626112.485714286 0.704522479804422 80000
674961.210204082 0.704522479804422 80000
727073.869897959 0.704596890943877 80000
782668.970918367 0.704596890943877 80000
841977.625510204 0.707632427721088 80000
905248.804591837 0.707632427721088 80000
972747.236734694 0.713267977253401 80000
1044754.45867347 0.713267977253401 80000
1121573.01734694 0.720492423469388 80000
1203524.36887755 0.720492423469388 80000
1290950.97959184 0.734037439413265 80000
1384217.37653061 0.734037439413265 80000
1483715.4 0.767612183248299 80000
1589862.10255102 0.767612183248299 80000
1703098.69846939 0.831800545280612 80000
1823902.11938776 0.831800545280612 80000
1952775.55969388 0.919152657312925 80000
2090258.98163265 0.919152657312925 80000
2236928.06479592 1.0137182727466 80000
2393396.30714286 1.0137182727466 80000
2560318.17653061 1.1125472087585 80000
2738391.21173469 1.1125472087585 80000
2928362.3255102 1.22565651785714 80000
3131024.65306122 1.22565651785714 80000
3347228.05714286 1.45712768707483 80000
3577874.92602041 1.45712768707483 80000
3823931.72908163 1.45712768707483 80000
4086427.96632653 1.45712768707483 80000
0 4155400.4750306 90000
7610.98081632653 4155400.4750306 90000
15721.1565306122 4155400.4750306 90000
24363.0328571429 4155400.4750306 90000
33571.4373469388 4451349.9800099 90000
43383.5193877551 4451349.9800099 90000
53838.7502040816 8247133.09254938 90000
64980.0837755102 8247133.09254938 90000
76851.635 1573025.75201869 90000
89501.0015306122 1573025.75201869 90000
102980.424693878 9724.43249608376 90000
117343.306734694 9724.43249608376 90000
132647.693571429 232.529953651148 90000
148955.113877551 232.529953651148 90000
166331.74 20.8992708633078 90000
184848.387959184 20.8992708633078 90000
204578.195612245 4.95759788881803 90000
225602.427244898 4.95759788881803 90000
248003.508061224 2.15584475680272 90000
271874.311530612 2.15584475680272 90000
297310.032959184 1.37106877763605 90000
324413.994081633 1.37106877763605 90000
353294.160306122 1.06772564540816 90000
384067.784387755 1.06772564540816 90000
416859.084591837 0.905675952806122 90000
451800.405612245 0.905675952806122 90000
489032.218571429 0.805360512967687 90000
528704.281938775 0.805360512967687 90000
570977.963367347 0.743425518069728 90000
616023.917857143 0.743425518069728 90000
664022.087755102 0.708518153911564 90000
715168.668265306 0.708518153911564 90000
769666.820102041 0.695639215773809 90000
827738.278673469 0.695639215773809 90000
889617.549489796 0.699397688988095 90000
955553.069081633 0.699397688988095 90000
1025811.84867347 0.710905292304422 90000
1100677.15234694 0.710905292304422 90000
1180450.81887755 0.723764881802721 90000
1265454.42265306 0.723764881802721 90000
1356030.43459184 0.743234450255102 90000
1452544.54397959 0.743234450255102 90000
1555387.98030612 0.786321451743197 90000
1664971.70867347 0.786321451743197 90000
1781741.52173469 0.868867584821428 90000
1906166.4305102 0.868867584821428 90000
2038749.11265306 0.984349939413265 90000
2180023.59061224 0.984349939413265 90000
2330561.03622449 1.08903575318878 90000
2490967.44887755 1.08903575318878 90000
2661890.62102041 1.14193493346088 90000
2844018.9772449 1.14193493346088 90000
3038088.53979592 1.14808780080782 90000
3244881.76765306 1.14808780080782 90000
3465232.20020408 1.12996538137755 90000
3700030.26183673 1.12996538137755 90000
3950220.94010204 1.12996538137755 90000
4216814.23397959 1.12996538137755 90000
0 2821014.18250367 hpsmc
8278.79183673469 2821014.18250367 hpsmc
17175.9673469388 2821014.18250367 hpsmc
26735.9346938775 2821014.18250367 hpsmc
37008.6530612245 3612.60805523809 hpsmc
48047.4122448979 3612.60805523809 hpsmc
59909.9428571428 91.2288023129252 hpsmc
72656.1959183673 91.2288023129252 hpsmc
86353.893877551 21.0972243537415 hpsmc
101072.979591837 21.0972243537415 hpsmc
116888.946938776 7.1237725170068 hpsmc
133885.06122449 7.1237725170068 hpsmc
152149.028571429 4.07203891156463 hpsmc
171774.106122449 4.07203891156463 hpsmc
192863.542857143 3.15623619047619 hpsmc
215525.028571429 3.15623619047619 hpsmc
239876.244897959 2.70964040816327 hpsmc
266043.755102041 2.70964040816327 hpsmc
294163.004081633 2.32234108843537 hpsmc
324378.318367347 2.32234108843537 hpsmc
356847.346938776 1.95295306122449 hpsmc
391738.840816327 1.95295306122449 hpsmc
429230.432653061 1.63821020408163 hpsmc
469518.628571429 1.63821020408163 hpsmc
512812.146938775 1.39657428571429 hpsmc
559333.028571428 1.39657428571429 hpsmc
609323.297959184 1.22616258503401 hpsmc
663041.632653061 1.22616258503401 hpsmc
720765.583673469 1.11667333333333 hpsmc
782794.906122449 1.11667333333333 hpsmc
849449.33877551 1.05706925170068 hpsmc
921075.265306122 1.05706925170068 hpsmc
998042.383673469 1.03951646258503 hpsmc
1080748.14693878 1.03951646258503 hpsmc
1169622.20408163 1.06056639455782 hpsmc
1265124.17959184 1.06056639455782 hpsmc
1367748.11428571 1.12054285714286 hpsmc
1478024.68571429 1.12054285714286 hpsmc
1596524.53877551 1.22351659863946 hpsmc
1723861.61632653 1.22351659863946 hpsmc
1860695.37959184 1.37896367346939 hpsmc
2007733.02857143 1.37896367346939 hpsmc
2165735.05306122 1.60446231292517 hpsmc
2335519.67346939 1.60446231292517 hpsmc
2517966.17142857 1.9283874829932 hpsmc
2714018.22040816 1.9283874829932 hpsmc
2924691.65714286 2.39132176870748 hpsmc
3151074.48163265 2.39132176870748 hpsmc
3394339.06938776 3.04033088435374 hpsmc
3655745.50204082 3.04033088435374 hpsmc
3936646.00816326 3.90125945578231 hpsmc
4238492.73469388 3.90125945578231 hpsmc
4562851.06938775 4.92588068027211 hpsmc
4911396.31020408 4.92588068027211 hpsmc
5285934.75918367 6.12368217687075 hpsmc
5688403.72244898 6.12368217687075 hpsmc
6120884.83265306 6.12368217687075 hpsmc
6585618.48163265 6.12368217687075 hpsmc
