0 3186777.66779817 100000
12436.6132653061 3186777.66779817 100000
25735.7571428571 3186777.66779817 100000
39953.1367346939 3186777.66779817 100000
55155.2387755102 9418390.66291636 100000
71410.3469387755 9418390.66291636 100000
88790.3387755102 345426.039680223 100000
107372.482653061 345426.039680223 100000
127241.234693878 3201.74991584184 100000
148484.644897959 3201.74991584184 100000
171199.747959184 118.189762079082 100000
195485.375510204 118.189762079082 100000
221452.937755102 20.4730962436224 100000
249217.43877551 20.4730962436224 100000
278902.867346939 9.0018284375 100000
310643.993877551 9.0018284375 100000
344580.979591837 5.16342495535714 100000
380868.36122449 5.16342495535714 100000
419666.066326531 3.30550257015306 100000
461148.397959184 3.30550257015306 100000
505504.034693878 2.41067947066327 100000
552928.842857143 2.41067947066327 100000
603634.86122449 1.97063162627551 100000
657850.301020408 1.97063162627551 100000
715819.545918367 1.71687766581633 100000
777801.355102041 1.71687766581633 100000
844072.457142857 1.5518662755102 100000
914929.346938775 1.5518662755102 100000
990691.879591837 1.44341353316327 100000
1071696.08265306 1.44341353316327 100000
1158308.53163265 1.38055436862245 100000
1250915.56836735 1.38055436862245 100000
1349932.28571429 1.3587290497449 100000
1455800.73061224 1.3587290497449 100000
1568998.88877551 1.36912883290816 100000
1690029.90306122 1.36912883290816 100000
1819438.24591837 1.39513952168367 100000
1957804.32857143 1.39513952168367 100000
2105746.29795918 1.42049507653061 100000
2263929.02142857 1.42049507653061 100000
2433058.69591837 1.44328999362245 100000
2613893.62959184 1.44328999362245 100000
2807246.03877551 1.47937477040816 100000
3013980.25102041 1.47937477040816 100000
3235023.48673469 1.54762849489796 100000
3471364.0622449 1.54762849489796 100000
3724063.96836735 1.6560887244898 100000
3994253.47959184 1.6560887244898 100000
4283143.73265306 1.807593125 100000
4592030.32040816 1.807593125 100000
4922293.29183673 1.99809858418367 100000
5275416.91836735 1.99809858418367 100000
5652978.9122449 2.2117134247449 100000
6056673.78673469 2.2117134247449 100000
6488311.05918367 2.52527924107143 100000
6949822.43877551 2.52527924107143 100000
7443274.40510204 2.52527924107143 100000
7970880.78673469 2.52527924107143 100000
0 2374642.07721754 10000
9779.17040816326 2374642.07721754 10000
20271.112244898 2374642.07721754 10000
31529.4173469388 2374642.07721754 10000
43610.3571428571 520.009686437075 10000
56571.5428571428 520.009686437075 10000
70479.9642857143 49.2690047427721 10000
85402.6112244898 49.2690047427721 10000
101414.512244898 30.6779184247449 10000
118594.715306122 30.6779184247449 10000
137030.307142857 12.7670632419218 10000
156811.054081633 12.7670632419218 10000
178034.76122449 6.10158133928571 10000
200807.27244898 6.10158133928571 10000
225242.470408163 4.25041044005102 10000
251460.936734694 4.25041044005102 10000
279593.971428571 3.3139265880102 10000
309779.573469388 3.3139265880102 10000
342167.8 2.61026577168367 10000
376920.766326531 2.61026577168367 10000
414209.966326531 2.12285918154762 10000
454221.631632653 2.12285918154762 10000
497152.712244898 1.8122637840136 10000
543217.575510204 1.8122637840136 10000
592643.986734694 1.61075010416667 10000
645678.468367347 1.61075010416667 10000
702583.620408163 1.4755646960034 10000
763642.139795918 1.4755646960034 10000
829156.820408163 1.37789636479592 10000
899454.572448979 1.37789636479592 10000
974881.063265306 1.30630939413265 10000
1055814.11530612 1.30630939413265 10000
1142654.32755102 1.26305073341837 10000
1235833.11428571 1.26305073341837 10000
1335811.36530612 1.24822086734694 10000
1443087.48469388 1.24822086734694 10000
1558193.37142857 1.25902855442177 10000
1681701.11836735 1.25902855442177 10000
1814223.0122449 1.29495741496599 10000
1956416.89285714 1.29495741496599 10000
2108990.17244898 1.35709324192177 10000
2272698.49591837 1.35709324192177 10000
2448355.11938775 1.44021920493197 10000
2636833.58979592 1.44021920493197 10000
2839067.74489796 1.52929051232993 10000
3056062.43163265 1.52929051232993 10000
3288894.84591837 1.61426427721088 10000
3538722.57142857 1.61426427721088 10000
3806783.57959184 1.70102722789116 10000
4094409.62755102 1.70102722789116 10000
4403027.59795918 1.81106355017007 10000
4734172.89693877 1.81106355017007 10000
5089485.43469388 1.93728628188775 10000
5470733.74183673 1.93728628188775 10000
5879806.93061224 1.90449198554422 10000
6318737.47142857 1.90449198554422 10000
6789703.87244898 1.90449198554422 10000
7295045.41734694 1.90449198554422 10000
0 4192595.12932017 110000
12836.9485714286 4192595.12932017 110000
26558.7542857143 4192595.12932017 110000
41226.8914285714 4192595.12932017 110000
56904.6971428571 7342641.52215588 110000
73662.96 7342641.52215588 110000
91576.1942857143 3166574.44745136 110000
110722.64 3166574.44745136 110000
131189.851428571 15782.985764381 110000
153067.245714286 15782.985764381 110000
176453.554285714 590.081888571429 110000
201449.371428571 590.081888571429 110000
228168.331428571 57.0391061666667 110000
256727.794285714 57.0391061666667 110000
287256.297142857 12.0697036904762 110000
319889.828571429 12.0697036904762 110000
354769.965714286 5.17238197619048 110000
392055.051428571 5.17238197619048 110000
431909.017142857 3.29093895238095 110000
474508.834285714 3.29093895238095 110000
520044.514285714 2.43874002380952 110000
568717.245714286 2.43874002380952 110000
620744.982857143 1.96419657142857 110000
676358.72 1.96419657142857 110000
735804.354285714 1.70038495238095 110000
799346.411428571 1.70038495238095 110000
867266.182857143 1.55097604761905 110000
939867.314285714 1.55097604761905 110000
1017470.21714286 1.45448780952381 110000
1100423.24571429 1.45448780952381 110000
1189089.65714286 1.39427095238095 110000
1283868.10285714 1.39427095238095 110000
1385177.72571429 1.37216504761905 110000
1493467.47428571 1.37216504761905 110000
1609221.69142857 1.38373416666667 110000
1732950.8 1.38373416666667 110000
1865206.20571429 1.41375333333333 110000
2006576.57142857 1.41375333333333 110000
2157687.81714286 1.44783973809524 110000
2319212.43428571 1.44783973809524 110000
2491867.62285714 1.48837628571429 110000
2676420.88 1.48837628571429 110000
2873691.86285714 1.55189583333333 110000
3084556.11428571 1.55189583333333 110000
3309952.51428571 1.65134135714286 110000
3550879.55428571 1.65134135714286 110000
3808410.24 1.78430278571429 110000
4083688.36571429 1.78430278571429 110000
4377934.10285714 1.93850466666667 110000
4692457.04 1.93850466666667 110000
5028654.32 2.09350602380952 110000
5388019.95428571 2.09350602380952 110000
5772148.54857143 2.1912284047619 110000
6182748.34285714 2.1912284047619 110000
6621643.07428571 2.13804771428571 110000
7090781.29142857 2.13804771428571 110000
7592249.39428571 2.13804771428571 110000
8128271.63428572 2.13804771428571 110000
0 4966807.36086075 120000
13104.1836734694 4966807.36086075 120000
27104.9693877551 4966807.36086075 120000
42063.6632653061 4966807.36086075 120000
58045.4030612245 5624698.56262782 120000
75119.1581632653 5624698.56262782 120000
93363.4770408163 6910898.97734175 120000
112853.076530612 6910898.97734175 120000
133676.084183673 51728.5928909758 120000
155924.459183673 51728.5928909758 120000
179693.992346939 756.050115784439 120000
205090.053571429 756.050115784439 120000
232223.760204082 55.2825684151786 120000
261211.977040816 55.2825684151786 120000
292183.06377551 13.2859986341412 120000
325273.043367347 13.2859986341412 120000
360627.517857143 5.96371271258503 120000
398399.75255102 5.96371271258503 120000
438754.507653061 3.53606210671769 120000
481869.954081633 3.53606210671769 120000
527935.757653061 2.47402533482143 120000
577151.163265306 2.47402533482143 120000
629732.658163265 1.9512509460034 120000
685912.056122449 1.9512509460034 120000
745932.665816327 1.67855444834184 120000
810060.785714286 1.67855444834184 120000
878574.209183674 1.5366762755102 120000
951773.719387755 1.5366762755102 120000
1029981.17346939 1.46413468856293 120000
1113537.58673469 1.46413468856293 120000
1202808.88010204 1.43010100977891 120000
1298185.88010204 1.43010100977891 120000
1400088.1505102 1.42174725233844 120000
1508960.16071429 1.42174725233844 120000
1625278.94897959 1.43409628507653 120000
1749554.12244898 1.43409628507653 120000
1882331.68877551 1.46059441964286 120000
2024188.30867347 1.46059441964286 120000
2175750.45408163 1.48957114158163 120000
2337679.08163265 1.48957114158163 120000
2510683.04336735 1.51641651785714 120000
2695521.00255102 1.51641651785714 120000
2893001.43367347 1.55190701530612 120000
3103990.28571429 1.55190701530612 120000
3329410.98214286 1.60095191326531 120000
3570252.08418367 1.60095191326531 120000
3827565.375 1.64091264880952 120000
4102479.27040816 1.64091264880952 120000
4396198.81887755 1.63827041879252 120000
4710007.61734694 1.63827041879252 120000
5045283.1377551 1.58508655931122 120000
5403490.97959184 1.58508655931122 120000
5786200.19642857 1.50543649553571 120000
6195087.12755102 1.50543649553571 120000
6631943.06122449 1.40842833758503 120000
7098679.98214286 1.40842833758503 120000
7597342.06632653 1.40842833758503 120000
8130113.34438775 1.40842833758503 120000
0 5019534.84498634 130000
13393.667755102 5019534.84498634 130000
27699.8234693878 5019534.84498634 130000
42975.6208163265 5019534.84498634 130000
59290.0383673469 4262016.72597514 130000
76714.0255102041 4262016.72597514 130000
95322.4732653061 837079.816041452 130000
115196.185102041 837079.816041452 130000
136419.906122449 9201.68941954975 130000
159084.293877551 9201.68941954975 130000
183291.830816327 451.687797137755 130000
209143.028571429 451.687797137755 130000
236750.223673469 67.9532213877551 130000
266235.606734694 67.9532213877551 130000
297725.31 18.4755161938776 130000
331353.348979592 18.4755161938776 130000
367267.534897959 7.03209026403061 130000
405621.591428571 7.03209026403061 130000
446585.00877551 3.67139678188776 130000
490329.247959184 3.67139678188776 130000
537049.419795918 2.47563682270408 130000
586942.605918367 2.47563682270408 130000
640227.566938776 1.95321447321429 130000
697134.888367347 1.95321447321429 130000
757908.951428571 1.69492257015306 130000
822811.874693878 1.69492257015306 130000
892127.455714286 1.5550397755102 130000
966153.287755102 1.5550397755102 130000
1045210.61387755 1.46857842091837 130000
1129642.35612245 1.46857842091837 130000
1219811.14469388 1.4152924744898 130000
1316107.20122449 1.4152924744898 130000
1418948.33877551 1.39156056122449 130000
1528779.96183673 1.39156056122449 130000
1646075.06632653 1.39008244897959 130000
1771342.12285714 1.39008244897959 130000
1905123.10591837 1.40405882142857 130000
2047995.46469388 1.40405882142857 130000
2200578.0355102 1.43364570153061 130000
2363531.04183673 1.43364570153061 130000
2537560.03591837 1.48492798469388 130000
2723415.89877551 1.48492798469388 130000
2921902.72346939 1.56337879209184 130000
3133877.81510204 1.56337879209184 130000
3360261.54489796 1.67224175892857 130000
3602031.4377551 1.67224175892857 130000
3860232.02632653 1.8186652002551 130000
4135980.76346939 1.8186652002551 130000
4430469.99306123 1.99818603826531 130000
4744972.86244898 1.99818603826531 130000
5080851.20571429 2.14853879464286 130000
5439557.5144898 2.14853879464286 130000
5822642.82122449 2.16801292346939 130000
6231764.58244898 2.16801292346939 130000
6668690.62040816 1.99250762372449 130000
7135310.94795918 1.99250762372449 130000
7633645.65183674 1.99250762372449 130000
8165846.86346939 1.99250762372449 130000
0 4470817.79896102 140000
13821.7114285714 4470817.79896102 140000
28575.5228571429 4470817.79896102 140000
44326.9885714286 4470817.79896102 140000
61137.5657142857 11701898.8550928 140000
79085.1 11701898.8550928 140000
98243.34 4985135.9691727 140000
118694.228571429 4985135.9691727 140000
140523.805714286 83482.2945834464 140000
163826.305714286 83482.2945834464 140000
188702.108571429 1875.444501875 140000
215255.691428571 1875.444501875 140000
243599.725714286 119.797478178571 140000
273857.125714286 119.797478178571 140000
306156.951428571 19.2283779642857 140000
340634.408571429 19.2283779642857 140000
377439.042857143 6.63552344642857 140000
416728.594285714 6.63552344642857 140000
458666.948571429 3.73167771428571 140000
503434.38 3.73167771428571 140000
551223.454285714 2.647193875 140000
602236.98 2.647193875 140000
656690.057142857 2.0793 140000
714820.32 2.0793 140000
776871.548571429 1.741622875 140000
843108.008571429 1.741622875 140000
913814.451428571 1.54303948214286 140000
989292.017142857 1.54303948214286 140000
1069862.33142857 1.44178883928571 140000
1155867.50571429 1.44178883928571 140000
1247676.28285714 1.40512367857143 140000
1345679.94 1.40512367857143 140000
1450294.33714286 1.40386466071429 140000
1561968.11142857 1.40386466071429 140000
1681176.53142857 1.42817864285714 140000
1808429.69142857 1.42817864285714 140000
1944266.36571429 1.47423308928571 140000
2089268.34857143 1.47423308928571 140000
2244054.30857143 1.52191785714286 140000
2409281.83714286 1.52191785714286 140000
2585659.74 1.54738416071429 140000
2773937.79428571 1.54738416071429 140000
2974916.99142857 1.54934310714286 140000
3189457.73142857 1.54934310714286 140000
3418473.67714286 1.55557417857143 140000
3662941.99714286 1.55557417857143 140000
3923903.36571429 1.60734755357143 140000
4202472.20571429 1.60734755357143 140000
4499836.68857143 1.74464025 140000
4817264.88 1.74464025 140000
5156108.83714286 2.02538416071429 140000
5517814.85142857 2.02538416071429 140000
5903925.49714286 2.53721973214286 140000
6316087.82571428 2.53721973214286 140000
6756059.51142857 3.16411246428571 140000
7225714.99714286 3.16411246428571 140000
7727057.78571429 3.16411246428571 140000
8262228.63428571 3.16411246428571 140000
0 5568729.4700336 150000
14383.1957142857 5568729.4700336 150000
29725.7032653061 5568729.4700336 150000
46088.0197959184 5568729.4700336 150000
63541.4455102041 7067474.5152087 150000
82155.12 7067474.5152087 150000
102008.985918367 3846700.67293766 150000
123185.146530612 3846700.67293766 150000
145770.026326531 80836.9233213622 150000
169858.692244898 80836.9233213622 150000
195550.53244898 2408.09915587117 150000
222953.57755102 2408.09915587117 150000
252180.179387755 160.85283278699 150000
283353.492857143 160.85283278699 150000
316600.994081633 25.9771490510204 150000
352063.122857143 25.9771490510204 150000
389886.800816326 8.1137021505102 150000
430225.431428571 8.1137021505102 150000
473251.863673469 3.89008331887755 150000
519143.267755102 3.89008331887755 150000
568087.616938775 2.52585474234694 150000
620292.33 2.52585474234694 150000
675973.468163265 1.993885 150000
735360.05632653 1.993885 150000
798698.404285714 1.75416957270408 150000
866256.427959183 1.75416957270408 150000
938310.685714286 1.61792946683673 150000
1015161.50265306 1.61792946683673 150000
1097130.81 1.51871685331633 150000
1184555.66326531 1.51871685331633 150000
1277799.04530612 1.44467537244898 150000
1377252.02693878 1.44467537244898 150000
1483327.28510204 1.40334466071429 150000
1596461.26346939 1.40334466071429 150000
1717129.29673469 1.39967612117347 150000
1845830.48632653 1.39967612117347 150000
1983098.50346939 1.42401901913265 150000
2129505.91040816 1.42401901913265 150000
2285661.99979592 1.45993019515306 150000
2452210.63408163 1.45993019515306 150000
2629849.69102041 1.50123389923469 150000
2819313.77877551 1.50123389923469 150000
3021391.52081633 1.55225135586735 150000
3236923.39530612 1.55225135586735 150000
3466803.89571428 1.61484609311224 150000
3711988.01265306 1.61484609311224 150000
3973495.55510204 1.69404603571429 150000
4252411.15040816 1.69404603571429 150000
4549897.20795918 1.80814886862245 150000
4867187.43734694 1.80814886862245 150000
5205601.97265306 1.97604644515306 150000
5566545.21183673 1.97604644515306 150000
5951516.61979592 2.21921435076531 150000
6362119.37081632 2.21921435076531 150000
6800058.18795918 2.53957012882653 150000
7267150.14612245 2.53957012882653 150000
7765339.79632653 2.53957012882653 150000
8296697.00510204 2.53957012882653 150000
0 3713667.55357587 160000
14508.6881632653 3713667.55357587 160000
29989.9653061225 3713667.55357587 160000
46508.8151020408 3713667.55357587 160000
64132.3873469388 9026637.38679706 160000
82938.6624489796 9026637.38679706 160000
103003.454693878 4238239.67624753 160000
124411.242857143 4238239.67624753 160000
147255.170204082 29567.2008907628 160000
171628.38 29567.2008907628 160000
197632.68 794.578742556123 160000
225380.708571429 794.578742556123 160000
254987.270204082 84.6905320306122 160000
286575.833877551 84.6905320306122 160000
320280.699183673 20.6970472857143 160000
356244.830204082 20.6970472857143 160000
394615.523265306 7.78741779081633 160000
435557.403673469 7.78741779081633 160000
479241.595102041 4.13788956122449 160000
525852.217959184 4.13788956122449 160000
575584.223265306 2.77471260204082 160000
628647.724897959 2.77471260204082 160000
685265.833469388 2.11845872959184 160000
745676.82244898 2.11845872959184 160000
810134.128163265 1.76338613265306 160000
878908.515918367 1.76338613265306 160000
952290.246122449 1.57142706887755 160000
1030586.90816327 1.57142706887755 160000
1114127.75265306 1.4755580994898 160000
1203263.69142857 1.4755580994898 160000
1298371.62979592 1.4331066122449 160000
1399850.13428571 1.4331066122449 160000
1508125.93102041 1.42652250255102 160000
1623653.90571429 1.42652250255102 160000
1746919.26979592 1.45312068112245 160000
1878441.89265306 1.45312068112245 160000
2018776.30163265 1.50458414030612 160000
2168509.51591837 1.50458414030612 160000
2328271.87714286 1.56165244132653 160000
2498734.88326531 1.56165244132653 160000
2680617.68693878 1.6093387244898 160000
2874682.76326531 1.6093387244898 160000
3081746.74040816 1.65054469132653 160000
3302680.39959184 1.65054469132653 160000
3538413.00734694 1.692711875 160000
3789936.6477551 1.692711875 160000
4058306.22244898 1.730303125 160000
4344654.61346939 1.730303125 160000
4650181.85265306 1.76110719132653 160000
4976172.45061225 1.76110719132653 160000
5324001.89510204 1.82026489795918 160000
5695127.98653061 1.82026489795918 160000
6091114.66530612 1.98068431632653 160000
6513625.51346939 1.98068431632653 160000
6964436.75142857 2.35517529846939 160000
7445443.73632653 2.35517529846939 160000
7958671.79265306 2.35517529846939 160000
8506276.2122449 2.35517529846939 160000
0 5408928.79359747 170000
14649.9673469388 5408928.79359747 170000
30282.1285714286 5408928.79359747 170000
46964.1459183673 5408928.79359747 170000
64765.8642857143 8084197.29171953 170000
83763.6765306122 8084197.29171953 170000
104033.975510204 6939605.14986807 170000
125666.25 6939605.14986807 170000
148749.98877551 114366.734286875 170000
173383.41122449 114366.734286875 170000
199671.284693878 1959.29091461735 170000
227722.741836735 1959.29091461735 170000
257655.645918367 163.121586007653 170000
289598.773469388 163.121586007653 170000
323685.266326531 32.1212411352041 170000
360061.362244898 32.1212411352041 170000
398877.664285714 9.79057677933673 170000
440297.871428571 9.79057677933673 170000
484498.778571429 4.31218125637755 170000
531668.093877551 4.31218125637755 170000
582002.256122449 2.62052964285714 170000
635715.165306123 2.62052964285714 170000
693031.634693878 2.00968235331633 170000
754196.121428571 2.00968235331633 170000
819466.178571429 1.75426647321429 170000
889116.820408163 1.75426647321429 170000
963442.705102041 1.6185918494898 170000
1042758.13469388 1.6185918494898 170000
1127394.87244898 1.5346506505102 170000
1217713.05612245 1.5346506505102 170000
1314092.46734694 1.48221695790816 170000
1416943.44489796 1.48221695790816 170000
1526693.78877551 1.45035477040816 170000
1643812.76938776 1.45035477040816 170000
1768793.66632653 1.43720428571429 170000
1902160.31632653 1.43720428571429 170000
2044480.20918367 1.4518871747449 170000
2196351.39183673 1.4518871747449 170000
2358415.56428571 1.50596240433673 170000
2531358.07959184 1.50596240433673 170000
2715907.94387755 1.60048947066327 170000
2912844.36428571 1.60048947066327 170000
3122998.93163265 1.72157214923469 170000
3347257.80306122 1.72157214923469 170000
3586568.25 1.85385001913265 170000
3841943.02346939 1.85385001913265 170000
4114455.98877551 1.98979292729592 170000
4405261.76938775 1.98979292729592 170000
4715584.83367347 2.11305825892857 170000
5046734.77346939 2.11305825892857 170000
5400112.85204082 2.20708513392857 170000
5777207.63877551 2.20708513392857 170000
6179612.47040816 2.28045865433673 170000
6609027.63367347 2.28045865433673 170000
7067262.54795918 2.25421225127551 170000
7556253.22653061 2.25421225127551 170000
8078066.64183673 2.25421225127551 170000
8634900.7255102 2.25421225127551 170000
0 4866777.12322901 180000
15198.8414285714 4866777.12322901 180000
31405.2774489796 4866777.12322901 180000
48685.8689795918 4866777.12322901 180000
67109.4721428572 5148299.97452073 180000
86754.123877551 5148299.97452073 180000
107697.861122449 8213463.93282025 180000
130030.196836735 8213463.93282025 180000
153842.939183674 723783.745240356 180000
179230.191530612 723783.745240356 180000
206299.828469388 12123.9917996076 180000
235159.724591837 12123.9917996076 180000
265933.820918367 479.960884279337 180000
298743.763265306 479.960884279337 180000
333729.559081633 45.1220290952381 180000
371028.920612245 45.1220290952381 180000
410800.216938775 10.0262595316752 180000
453204.112346939 10.0262595316752 180000
498417.33755102 4.27827475318878 180000
546625.804081633 4.27827475318878 180000
598024.604285714 2.68719624872449 180000
652827.192142857 2.68719624872449 180000
711260.792857143 2.07496012329932 180000
773564.107653061 2.07496012329932 180000
839991.904183673 1.77898399362245 180000
910819.606938776 1.77898399362245 180000
986336.411632653 1.61482908503401 180000
1066856.76122449 1.61482908503401 180000
1152708.86989796 1.52054401403061 180000
1244243.90387755 1.52054401403061 180000
1341842.86704082 1.46699881547619 180000
1445905.12489796 1.46699881547619 180000
1556859.88061224 1.44513699659864 180000
1675161.58459184 1.44513699659864 180000
1801296.82010204 1.45703380442177 180000
1935786.59846939 1.45703380442177 180000
2079181.76867347 1.5006092102466 180000
2232074.49336735 1.5006092102466 180000
2395091.36326531 1.56826035055272 180000
2568902.57795918 1.56826035055272 180000
2754226.53632653 1.64891286564626 180000
2951822.95091837 1.64891286564626 180000
3162504.32397959 1.7216564900085 180000
3387138.24265306 1.7216564900085 180000
3626649.67418367 1.76268326296769 180000
3882020.96591837 1.76268326296769 180000
4154303.32132653 1.76215727869898 180000
4444619.09520408 1.76215727869898 180000
4754159.49846939 1.72918284672619 180000
5084198.36938776 1.72918284672619 180000
5436096.76397959 1.6903460809949 180000
5811296.07040816 1.6903460809949 180000
6211345.55142857 1.67654138477891 180000
6637886.27795918 1.67654138477891 180000
7092674.08112245 1.69823106335034 180000
7577579.5522449 1.69823106335034 180000
8094597.22367347 1.69823106335034 180000
8645857.04479592 1.69823106335034 180000
0 5303583.32893411 190000
15379.8967346939 5303583.32893411 190000
31774.8526530612 5303583.32893411 190000
49247.8714285714 5303583.32893411 190000
67875.9575510204 10293941.2862214 190000
87729.1151020408 10293941.2862214 190000
108891.348979592 6712201.16625923 190000
131448.99755102 6712201.16625923 190000
155493.066122449 1645420.90854875 190000
181121.560408163 1645420.90854875 190000
208439.486530612 17330.6683631786 190000
237558.851020408 17330.6683631786 190000
268596.327346939 575.616665169218 190000
301680.256326531 575.616665169218 190000
336945.979183673 51.5257896607143 190000
374533.504081633 51.5257896607143 190000
414599.173469388 11.334667125 190000
457306.330204082 11.334667125 190000
502827.651020408 4.79148284268707 190000
551349.813469388 4.79148284268707 190000
603071.162448979 2.93472180527211 190000
658201.710204082 2.93472180527211 190000
716963.136326531 2.1575452414966 190000
779600.455102041 2.1575452414966 190000
846365.68122449 1.75011176360544 190000
917529.497142857 1.75011176360544 190000
993385.92 1.53416375595238 190000
1074240.63428571 1.53416375595238 190000
1160427.32612245 1.44914768792517 190000
1252291.34897959 1.44914768792517 190000
1350213.05836735 1.44731008078231 190000
1454586.81061224 1.44731008078231 190000
1565839.63061224 1.48142248639456 190000
1684426.54489796 1.48142248639456 190000
1810830.58163265 1.5213102287415 190000
1945565.10408163 1.5213102287415 190000
2089178.47755102 1.56025972193878 190000
2242261.06979592 1.56025972193878 190000
2405431.25020408 1.60376434183673 190000
2579356.39102041 1.60376434183673 190000
2764745.86693878 1.6544492414966 190000
2962353.38857143 1.6544492414966 190000
3172986.33632653 1.70593140986395 190000
3397501.09346939 1.70593140986395 190000
3636814.71346939 1.74646085629252 190000
3891902.58653061 1.74646085629252 190000
4163803.10653061 1.76055403911565 190000
4453624.67142857 1.76055403911565 190000
4762550.35020408 1.7398007457483 190000
5091835.54938775 1.7398007457483 190000
5442826.68081633 1.6988483579932 190000
5816949.49428571 1.6988483579932 190000
6215732.4122449 1.65715703826531 190000
6640799.52938776 1.65715703826531 190000
7093884.61346939 1.60087181207483 190000
7576831.10530612 1.60087181207483 190000
8091610.78653061 1.60087181207483 190000
8640319.11265306 1.60087181207483 190000
0 6211078.1269685 200000
15816.2448979592 6211078.1269685 200000
32670.8081632653 6211078.1269685 200000
50628.8865306122 6211078.1269685 200000
69762.9208163265 8600514.02072598 200000
90147.7665306123 8600514.02072598 200000
111870.352653061 6764480.07760746 200000
135017.608163265 6764480.07760746 200000
159678.876734694 898993.280400235 200000
185955.575510204 898993.280400235 200000
213953.951020408 11614.6712828776 200000
243785.079183673 11614.6712828776 200000
275572.109387755 503.631137520408 200000
309440.605714286 503.631137520408 200000
345528.205714286 52.7271599285714 200000
383979.791020408 52.7271599285714 200000
424947.487346939 11.5999680408163 200000
468602.737959184 11.5999680408163 200000
515114.571428571 4.80589982653061 200000
564673.748571429 4.80589982653061 200000
617480.688979592 2.92356042857143 200000
673745.471020408 2.92356042857143 200000
733695.075918367 2.17110157142857 200000
797573.387755102 2.17110157142857 200000
865636.364081633 1.81314332653061 200000
938156.865306122 1.81314332653061 200000
1015427.06938776 1.62523486734694 200000
1097758.47183673 1.62523486734694 200000
1185484.30040816 1.52008501020408 200000
1278957.10040816 1.52008501020408 200000
1378551.14938776 1.46277124489796 200000
1484669.70122449 1.46277124489796 200000
1597740.15673469 1.44255321428571 200000
1718216.47836735 1.44255321428571 200000
1846584.01959184 1.45685524489796 200000
1983361.93959184 1.45685524489796 200000
2129098.37387755 1.50042034693878 200000
2284380.09306122 1.50042034693878 200000
2449834.91755102 1.56518444897959 200000
2626126.88816327 1.56518444897959 200000
2813968.33959184 1.64069393877551 200000
3014112.65632653 1.64069393877551 200000
3227368.76081633 1.71585631632653 200000
3454591.45469388 1.71585631632653 200000
3696700.73632653 1.78917748979592 200000
3954669.72734694 1.78917748979592 200000
4229534.33142857 1.87569395918367 200000
4522405.3077551 1.87569395918367 200000
4834461.02693878 2.01028798979592 200000
5166957.12979592 2.01028798979592 200000
5521233.77142857 2.22897876530612 200000
5898715.62122449 2.22897876530612 200000
6300926.35102041 2.50534047959184 200000
6729481.39102041 2.50534047959184 200000
7186109.66204082 2.73128036734694 200000
7672651.16081633 2.73128036734694 200000
8191059.37469388 2.73128036734694 200000
8743427.84326531 2.73128036734694 200000
0 513083.591540595 20000
9981.23122448979 513083.591540595 20000
20687.195 513083.591540595 20000
32168.773877551 513083.591540595 20000
44485.1016326531 88.9991283911564 20000
57695.3120408163 88.9991283911564 20000
71864.0396938775 56.162062630102 20000
87061.42 56.162062630102 20000
103360.33877551 42.3121130131803 20000
120843.308265306 42.3121130131803 20000
139595.591122449 20.650946912415 20000
159709.326020408 20.650946912415 20000
181282.15244898 8.1973021647534 20000
204419.961122449 8.1973021647534 20000
229238.269183673 4.5462986335034 20000
255856.719387755 4.5462986335034 20000
284408.706530612 3.20842274766156 20000
315031.751020408 3.20842274766156 20000
347877.125306122 2.43952609056122 20000
383107.103469388 2.43952609056122 20000
420894.96122449 2.00619068941326 20000
461423.600714286 2.00619068941326 20000
504895.176938775 1.76970715752551 20000
551521.471326531 1.76970715752551 20000
601532.142959184 1.6167386235119 20000
655171.978163265 1.6167386235119 20000
712705.016122449 1.50095503486395 20000
774414.548877551 1.50095503486395 20000
840601.746122449 1.40659311479592 20000
911593.906428571 1.40659311479592 20000
987737.58122449 1.33155567708333 20000
1069408.20122449 1.33155567708333 20000
1157005.95081633 1.28158419876701 20000
1250962.64408163 1.28158419876701 20000
1351737.59918367 1.2607727769983 20000
1459827.26479592 1.2607727769983 20000
1575762.46969388 1.2625433522534 20000
1700111.17316326 1.2625433522534 20000
1833486.71622449 1.27696007504252 20000
1976540.94561224 1.27696007504252 20000
2129977.96581633 1.3082774829932 20000
2294552.76387755 1.3082774829932 20000
2471071.20938776 1.37846732631803 20000
2660401.05612245 1.37846732631803 20000
2863473.3172449 1.51025198745748 20000
3081283.6405102 1.51025198745748 20000
3314903.30989796 1.68514070153061 20000
3565477.87040816 1.68514070153061 20000
3834239.50489796 1.82205372789116 20000
4122508.40928571 1.82205372789116 20000
4431699.66857143 1.8573019275085 20000
4763331.50806122 1.8573019275085 20000
5119032.16938775 1.81706861309524 20000
5500550.91214286 1.81706861309524 20000
5909759.38908163 1.72602723788265 20000
6348666.77336735 1.72602723788265 20000
6819432.13540816 1.72602723788265 20000
7324364.44285714 1.72602723788265 20000
0 4377630.35919344 210000
16198.6628571429 4377630.35919344 210000
33448.2791836735 4377630.35919344 210000
51816.2497959184 4377630.35919344 210000
71377.4644897959 9499165.46609669 210000
92206.8130612245 9499165.46609669 210000
114386.674285714 20073288.7719179 210000
138006.915918367 20073288.7719179 210000
163162.398367347 1625456.19557496 210000
189947.982040816 1625456.19557496 210000
218471.008979592 12855.9098905884 210000
248843.813877551 12855.9098905884 210000
281188.716734694 376.871113217687 210000
315633.030204082 376.871113217687 210000
352314.052244898 39.6653648061224 210000
391371.577142857 39.6653648061224 210000
432965.369795918 11.0640832312925 210000
477257.691428571 11.0640832312925 210000
524425.78122449 5.27956419047619 210000
574651.871020408 5.27956419047619 210000
628138.163265306 3.2332941292517 210000
685094.349387755 3.2332941292517 210000
745747.595102041 2.28396715306122 210000
810337.547755102 2.28396715306122 210000
879116.33632653 1.8127231122449 210000
952358.556734694 1.8127231122449 210000
1030353.78285714 1.58198453061224 210000
1113409.06285714 1.58198453061224 210000
1201853.91183673 1.47498573469388 210000
1296040.31183673 1.47498573469388 210000
1396335.22285714 1.43944948639456 210000
1503138.05714286 1.43944948639456 210000
1616873.19020408 1.45233157142857 210000
1737987.4644898 1.45233157142857 210000
1866960.17469388 1.49614210204082 210000
2004303.0677551 1.49614210204082 210000
2150555.35020408 1.54831532653061 210000
2306298.66612245 1.54831532653061 210000
2472149.60816327 1.58730482653061 210000
2648759.71755102 1.58730482653061 210000
2836832.95836735 1.61185203741497 210000
3037108.24326531 1.61185203741497 210000
3250376.9077551 1.640617 210000
3477487.70285714 1.640617 210000
3719331.81714286 1.69060593877551 210000
3976872.83265306 1.69060593877551 210000
4251121.76163265 1.77658358503401 210000
4543167.00244898 1.77658358503401 210000
4854164.35428571 1.92690404761905 210000
5185339.51346939 1.92690404761905 210000
5538005.5477551 2.1687564829932 210000
5913552.91102041 2.1687564829932 210000
6313471.91020408 2.46048344217687 210000
6739340.22367347 2.46048344217687 210000
7192840.3755102 2.64819679591837 210000
7675769.72081633 2.64819679591837 210000
8190032.95673469 2.64819679591837 210000
8737669.58204082 2.64819679591837 210000
0 3556216.80898089 220000
16641.1040816327 3556216.80898089 220000
34357.3212244898 3556216.80898089 220000
53223.2406122449 3556216.80898089 220000
73305.7353061224 20496678.707425 220000
94689.6826530612 20496678.707425 220000
117457.387959184 5951362.75138275 220000
141698.872653061 5951362.75138275 220000
167506.730204082 953933.763407235 220000
194983.842244898 953933.763407235 220000
224240.806530612 13676.9415019911 220000
255390.792857143 13676.9415019911 220000
288554.687142857 567.851099030612 220000
323863.663469388 567.851099030612 220000
361459.184081633 56.2694264362245 220000
401485.283265306 56.2694264362245 220000
444103.999591837 12.4473004375 220000
489477.371632653 12.4473004375 220000
537785.442244898 5.13148399107143 220000
589221.114489796 5.13148399107143 220000
643985.00755102 3.07081847321429 220000
702290.600816327 3.07081847321429 220000
764369.377959184 2.24553630994898 220000
830465.682857143 2.24553630994898 220000
900836.719591837 1.84326912627551 220000
975760.268571428 1.84326912627551 220000
1055532.1144898 1.63641274362245 220000
1140463.47428571 1.63641274362245 220000
1230891.28530612 1.53751777423469 220000
1327170.48918367 1.53751777423469 220000
1429679.17591837 1.49943013647959 220000
1538818.58387755 1.49943013647959 220000
1655020.81591837 1.49528272066327 220000
1778738.55122449 1.49528272066327 220000
1910463.04959184 1.5147391377551 220000
2050708.71918367 1.5147391377551 220000
2200028.54877551 1.5514818125 220000
2359008.96367347 1.5514818125 220000
2528277.54183673 1.59717304591837 220000
2708495.2977551 1.59717304591837 220000
2900372.11469388 1.64739750127551 220000
3104664.17265306 1.64739750127551 220000
3322173.94836735 1.70227306377551 220000
3553757.93142857 1.70227306377551 220000
3800324.0522449 1.75795238903061 220000
4062841.97020408 1.75795238903061 220000
4342345.64571429 1.81043273852041 220000
4639933.34020408 1.81043273852041 220000
4956772.76020408 1.86687295918367 220000
5294113.91755102 1.86687295918367 220000
5653278.84122449 1.94084056632653 220000
6035682.15367347 1.94084056632653 220000
6442825.92673469 2.02714325255102 220000
6876312.54183673 2.02714325255102 220000
7337844.69 2.02687533163265 220000
7829235.66 2.02687533163265 220000
8352422.19857143 2.02687533163265 220000
8909459.36632653 2.02687533163265 220000
0 5225610.28305378 230000
17122.1224489796 5225610.28305378 230000
35333.1989795918 5225610.28305378 230000
54705.8265306122 5225610.28305378 230000
75312.6020408163 14150451.4121838 230000
97228.8112244898 14150451.4121838 230000
120543.183673469 8286333.31241152 230000
145341.760204082 8286333.31241152 230000
171718.647959184 3677352.03057306 230000
199776.020408163 3677352.03057306 230000
229618.739795918 25960.7492071216 230000
261362.423469388 25960.7492071216 230000
295128.066326531 885.379465614371 230000
331044.729591837 885.379465614371 230000
369246.852040816 76.8818106398809 230000
409882.316326531 76.8818106398809 230000
453107.071428571 15.129650170068 230000
499082.443877551 15.129650170068 230000
547985.892857143 5.74148798894558 230000
600002.943877551 5.74148798894558 230000
655332.56632653 3.2306477997449 230000
714184.484693877 3.2306477997449 230000
776787.244897959 2.26278944515306 230000
843374.770408163 2.26278944515306 230000
914202.494897959 1.81914708758503 230000
989539.295918367 1.81914708758503 230000
1069675.56122449 1.60380417729592 230000
1154912.43367347 1.60380417729592 230000
1245580.63265306 1.50305351828231 230000
1342018.94387755 1.50305351828231 230000
1444601.10714286 1.46816665603741 230000
1553714.30612245 1.46816665603741 230000
1669775.30102041 1.47640663265306 230000
1793227.73979592 1.47640663265306 230000
1924542.15816326 1.51221776147959 230000
2064218.66836735 1.51221776147959 230000
2212789.64795918 1.56115907738095 230000
2370819.73979592 1.56115907738095 230000
2538913.91836735 1.61137196003401 230000
2717714.80102041 1.61137196003401 230000
2907897.27040816 1.6528575255102 230000
3110195.3622449 1.6528575255102 230000
3325372.68877551 1.67762226828231 230000
3554252.01530612 1.67762226828231 230000
3797707.19387755 1.6846074829932 230000
4056665.85204082 1.6846074829932 230000
4332114.77040816 1.67977889030612 230000
4625102.57142857 1.67977889030612 230000
4936747.78571428 1.66516987670068 230000
5268241.54081633 1.66516987670068 230000
5620842.18367347 1.62854651360544 230000
5995896.79081633 1.62854651360544 230000
6394835.79081633 1.55744520620748 230000
6819175.65306122 1.55744520620748 230000
7270540.39795918 1.43147047193878 230000
7750648.15306122 1.43147047193878 230000
8261327.28571428 1.43147047193878 230000
8804527.15816326 1.43147047193878 230000
0 4636166.82697033 240000
17260.8244897959 4636166.82697033 240000
35626.4497959184 4636166.82697033 240000
55161.7053061224 4636166.82697033 240000
75947.627755102 11432856.8759764 240000
98062.5526530612 11432856.8759764 240000
121590.217959184 10076945.7399382 240000
146622.465306122 10076945.7399382 240000
173251.136326531 9458126.5784321 240000
201584.28 9458126.5784321 240000
231727.244081633 102527.361299204 240000
263793.48 102527.361299204 240000
297912.646530612 1699.69214976531 240000
334209 1699.69214976531 240000
372828.406530612 101.304337183673 240000
413914.031020408 101.304337183673 240000
457622.544489796 17.15909525 240000
504126.825306122 17.15909525 240000
553602.453061224 6.01449017346939 240000
606238.513469388 6.01449017346939 240000
662240.299591837 3.26790762244898 240000
721818.506938775 3.26790762244898 240000
785202.739591836 2.27756556632653 240000
852641.510204081 2.27756556632653 240000
924386.032653061 1.82799177040816 240000
1000717.23428571 1.82799177040816 240000
1081924.14612245 1.59920368367347 240000
1168320.11020408 1.59920368367347 240000
1260240.07836735 1.4929667755102 240000
1358029.80734694 1.4929667755102 240000
1462070.16979592 1.46746834183673 240000
1572760.94693878 1.46746834183673 240000
1690520.82857143 1.48983785714286 240000
1815809.02285714 1.48983785714286 240000
1949100.94530612 1.53264101020408 240000
2090912.52979592 1.53264101020408 240000
2241784.02122449 1.58544994897959 240000
2402296.18285714 1.58544994897959 240000
2573067.59510204 1.65162432142857 240000
2754749.25306122 1.65162432142857 240000
2948043.47510204 1.72614435204082 240000
3153684.99428571 1.72614435204082 240000
3372470.67183673 1.78722016326531 240000
3605235.18612245 1.78722016326531 240000
3852875.34367347 1.81696739795918 240000
4116336.57306122 1.81696739795918 240000
4396637.23591837 1.81715873469388 240000
4694847.01714286 1.81715873469388 240000
5012113.93714286 1.80645513265306 240000
5349653.54693877 1.80645513265306 240000
5708762.43428571 1.82904975 240000
6090818.22367347 1.82904975 240000
6497287.68 1.94252368877551 240000
6929732.11102041 1.94252368877551 240000
7389810.06857143 2.18755851530612 240000
7879285.4522449 2.18755851530612 240000
8400041.0155102 2.18755851530612 240000
8954072.96326531 2.18755851530612 240000
0 6120839.74324958 250000
17677.2714285714 6120839.74324958 250000
36477.0857142857 6120839.74324958 250000
56471.6857142857 6120839.74324958 250000
77741.65 9444895.18575946 250000
100362 9444895.18575946 250000
124424.428571429 10612415.3400675 250000
150015.071428571 10612415.3400675 250000
177233.957142857 3213613.35649659 250000
206183.892857143 3213613.35649659 250000
236978.8 48182.916741622 250000
269729.821428571 48182.916741622 250000
304564.771428571 1341.71683191964 250000
341614.242857143 1341.71683191964 250000
381022.721428571 92.9172404315476 250000
422937.471428571 92.9172404315476 250000
467519.65 16.5727371875 250000
514935.971428571 16.5727371875 250000
565369.821428571 5.8752603422619 250000
619012.921428571 5.8752603422619 250000
676068.107142857 3.24230342261905 250000
736752.107142857 3.24230342261905 250000
801295.542857143 2.30040822916667 250000
869948.485714286 2.30040822916667 250000
942966.564285714 1.8720856547619 250000
1020630.41428571 1.8720856547619 250000
1103231.78571429 1.66934255952381 250000
1191090.21428571 1.66934255952381 250000
1284539.12857143 1.59590144345238 250000
1383931.40714286 1.59590144345238 250000
1489647.71428571 1.58092610119048 250000
1602088.16428571 1.58092610119048 250000
1721680.65714286 1.56958605654762 250000
1848883.65714286 1.56958605654762 250000
1984175.07857143 1.54877571428571 250000
2128077.29285714 1.54877571428571 250000
2281132.12142857 1.53520123511905 250000
2443923.06428571 1.53520123511905 250000
2617069.74285714 1.54351958333333 250000
2801230.67857143 1.54351958333333 250000
2997108.85 1.5763993452381 250000
3205446.13571429 1.5763993452381 250000
3427039.98571429 1.63910244047619 250000
3662726.75 1.63910244047619 250000
3913409.46428571 1.75107886904762 250000
4180038.4 1.75107886904762 250000
4463630.51428571 1.93180178571429 250000
4765261.11428571 1.93180178571429 250000
5086083.30714286 2.17857366071429 250000
5427311.32857143 2.17857366071429 250000
5790248.32857143 2.44217904761905 250000
6176272.47857143 2.44217904761905 250000
6586856.42142857 2.61027683035714 250000
7023556.15714286 2.61027683035714 250000
7488038.82857143 2.51725836309524 250000
7982071.60714286 2.51725836309524 250000
8507530.02857143 2.51725836309524 250000
9066417.44285714 2.51725836309524 250000
0 6735299.17426946 260000
17925.7037755102 6735299.17426946 260000
36991.6478571429 6735299.17426946 260000
57271.0328571429 6735299.17426946 260000
78842.6902040816 13830111.2342324 260000
101785.451326531 13830111.2342324 260000
126192.224693878 24900063.2490071 260000
152150.287959184 24900063.2490071 260000
179760.995816327 7485037.43105899 260000
209131.33377551 7485037.43105899 260000
240371.102755102 65819.102426264 260000
273598.549897959 65819.102426264 260000
308943.183979592 1778.83936799426 260000
346537.329183673 1778.83936799426 260000
386524.571326531 122.701171360332 260000
429056.94244898 122.701171360332 260000
474300.551632653 19.5651687378827 260000
522421.507959184 19.5651687378827 260000
573605.628367347 6.33472115625 260000
628049.991428571 6.33472115625 260000
685962.937346939 3.3315018067602 260000
747558.437142857 3.3315018067602 260000
813078.615918367 2.32555647002551 260000
882768.414183673 2.32555647002551 260000
956898.111122449 1.89132668431122 260000
1035743.61673469 1.89132668431122 260000
1119611.8105102 1.67383640369898 260000
1208818.01816327 1.67383640369898 260000
1303705.7194898 1.56450472002551 260000
1404632.47132653 1.56450472002551 260000
1511983.98459184 1.51833202614796 260000
1626171.30887755 1.51833202614796 260000
1747630.83244898 1.51036676721939 260000
1876821.46683673 1.51036676721939 260000
2014235.90846939 1.532450125 260000
2160400.63867347 1.532450125 260000
2315870.29285714 1.5829221817602 260000
2481238.92214286 1.5829221817602 260000
2657137.17795918 1.65040399617347 260000
2844232.31204082 1.65040399617347 260000
3043239.43806122 1.71559242602041 260000
3254915.90081633 1.71559242602041 260000
3480072.53785714 1.77286252040816 260000
3719559.60244898 1.77286252040816 260000
3974297.73306122 1.84157021045918 260000
4245252.61469388 1.84157021045918 260000
4533457.50214286 1.94198643494898 260000
4840013.22 1.94198643494898 260000
5166085.3472449 2.06536583227041 260000
5512915.47887755 2.06536583227041 260000
5881829.67214286 2.18157766964286 260000
6274232.81571428 2.18157766964286 260000
6691614.2605102 2.26284325318878 260000
7135573.15836735 2.26284325318878 260000
7607795.93877551 2.20831231632653 260000
8110084.46295918 2.20831231632653 260000
8644350.39306122 2.20831231632653 260000
9212632.08459184 2.20831231632653 260000
0 5950524.66534725 270000
18289.3042857143 5950524.66534725 270000
37727.8571428571 5950524.66534725 270000
58394.0164285714 5950524.66534725 270000
80363.2378571429 12248911.8095906 270000
103713.879285714 12248911.8095906 270000
128538.809285714 11343620.9638549 270000
154925.092142857 11343620.9638549 270000
182977.205 5996343.96041131 270000
212793.820714286 5996343.96041131 270000
244491.025 119977.176965089 270000
278187.805714286 119977.176965089 270000
314006.052857143 3001.98130554911 270000
352079.265 3001.98130554911 270000
392555.451428571 169.303916127976 270000
435579.719285714 169.303916127976 270000
481317.490714286 24.3714701785714 270000
529934.187857143 24.3714701785714 270000
581618.45 7.29976597470238 270000
636556.014285714 7.29976597470238 270000
694958.737142857 3.48775900892857 270000
757038.475 3.48775900892857 270000
823033.203571428 2.26286729315476 270000
893183.800714286 2.26286729315476 270000
967757.263571429 1.80376643154762 270000
1047029.29571429 1.80376643154762 270000
1131295.91571429 1.63398502827381 270000
1220873.45714286 1.63398502827381 270000
1316095.66642857 1.58510810565476 270000
1417319.50714286 1.58510810565476 270000
1524919.35571429 1.57761694940476 270000
1639301.51214286 1.57761694940476 270000
1760889.68928571 1.57447900744048 270000
1890142.42571429 1.57447900744048 270000
2027538.575 1.57096620535714 270000
2173594.71857143 1.57096620535714 270000
2328853.55714286 1.57783461011905 270000
2493895.51928571 1.57783461011905 270000
2669338.76142857 1.60564076636905 270000
2855836.26571429 1.60564076636905 270000
3054084.54642857 1.66212976785714 270000
3264829.45428571 1.66212976785714 270000
3488851.66571429 1.75261011755952 270000
3726992.80214286 1.75261011755952 270000
3980140.91928571 1.86784332738095 270000
4249239.21357143 1.86784332738095 270000
4535294.72857143 1.97998091815476 270000
4839378.355 1.97998091815476 270000
5162621.92857143 2.06595085416667 270000
5506238.545 2.06595085416667 270000
5871505.14714286 2.12634565625 270000
6259788.64428571 2.12634565625 270000
6672543.01 2.16348703869048 270000
7111303.47785714 2.16348703869048 270000
7577715.56285714 2.10294108333333 270000
8073517.64857143 2.10294108333333 270000
8600564.20428571 2.10294108333333 270000
9160822.88285714 2.10294108333333 270000
0 7504877.11365363 280000
18699.52 7504877.11365363 280000
38573.7228571429 7504877.11365363 280000
59691.1814285714 7504877.11365363 280000
82135.3757142857 10098709.2253614 280000
105986.804285714 10098709.2253614 280000
131334.91 12579041.2384834 280000
158272.117142857 12579041.2384834 280000
186899.794285714 437315.733933536 280000
217322.291428571 437315.733933536 280000
249655.884285714 11698.5913615387 280000
284013.867142857 11698.5913615387 280000
320527.422857143 843.484112592262 280000
359330.715714286 843.484112592262 280000
400569.835714286 108.248205434524 280000
444393.854285714 108.248205434524 280000
490966.75 23.447693452381 280000
540461.445714286 23.447693452381 280000
593059.808571429 7.89333835416667 280000
648955.631428571 7.89333835416667 280000
708360.595714286 3.73618963690476 280000
771489.364285714 3.73618963690476 280000
838580.451428571 2.33422875297619 280000
909875.352857143 2.33422875297619 280000
985645.378571429 1.79995675297619 280000
1066167.80142857 1.79995675297619 280000
1151737.78285714 1.60390919047619 280000
1242677.31714286 1.60390919047619 280000
1339320.32428571 1.5531193125 280000
1442024.57571429 1.5531193125 280000
1551171.69428571 1.55893309821429 280000
1667164.17285714 1.55893309821429 280000
1790431.33714286 1.58190873214286 280000
1921429.34571429 1.58190873214286 280000
2060644.17142857 1.61190935714286 280000
2208591.60142857 1.61190935714286 280000
2365820.21857143 1.64387275595238 280000
2532908.42 1.64387275595238 280000
2710476.34285714 1.67169321130952 280000
2899179.90142857 1.67169321130952 280000
3099722.71285714 1.69573719047619 280000
3312844.17142857 1.69573719047619 280000
3539331.37428571 1.72281228869048 280000
3780022.10285714 1.72281228869048 280000
4035810.78571429 1.77050272321429 280000
4307645.51714286 1.77050272321429 280000
4596528.05714286 1.87198930952381 280000
4903528.73857143 1.87198930952381 280000
5229786.46714286 2.04557056547619 280000
5576508.72142857 2.04557056547619 280000
5944977.51571429 2.23649379761905 280000
6336555.36285714 2.23649379761905 280000
6752694.21857143 2.31857625297619 280000
7194935.48142857 2.31857625297619 280000
7664915.95571429 2.14160362202381 280000
8164370.83285714 2.14160362202381 280000
8695154.56142857 2.14160362202381 280000
9259228.92142857 2.14160362202381 280000
0 6571317.97195544 290000
19056.7925510204 6571317.97195544 290000
39297.5416326531 6571317.97195544 290000
60795.861122449 6571317.97195544 290000
83631.4993877551 15239701.0078226 290000
107884.204795918 15239701.0078226 290000
133645.994693878 12927382.3631128 290000
161005.819183673 12927382.3631128 290000
190064.897346939 12943963.3817344 290000
220930.582755102 12943963.3817344 290000
253716.363469388 242730.01433471 290000
288535.72755102 242730.01433471 290000
325520.566530612 4212.4585726182 290000
364802.771938775 4212.4585726182 290000
406523.437040816 209.156944044005 290000
450838.991326531 209.156944044005 290000
497905.864285714 28.4596618290816 290000
547898.888877551 28.4596618290816 290000
600999.03255102 7.94295655803571 290000
657396.464489796 7.94295655803571 290000
717296.690102041 3.65735725595238 290000
780920.551020408 3.65735725595238 290000
848498.090612245 2.35194421747449 290000
920271.62122449 2.35194421747449 290000
996507.993163265 1.84618748426871 290000
1077477.12397959 1.84618748426871 290000
1163479.60367347 1.63496294238946 290000
1254825.22397959 1.63496294238946 290000
1351845.24734694 1.56440991964286 290000
1454892.40693878 1.56440991964286 290000
1564343.97387755 1.56345140561224 290000
1680595.6227551 1.56345140561224 290000
1804070.63336735 1.58775932142857 290000
1935216.82346939 1.58775932142857 290000
2074509.61602041 1.61675117580782 290000
2222458.17367347 1.61675117580782 290000
2379596.19704082 1.64734055357143 290000
2546500.32816326 1.64734055357143 290000
2723774.81428571 1.67849225956633 290000
2912063.77683673 1.67849225956633 290000
3112048.14418367 1.70248706079932 290000
3324460.98785714 1.70248706079932 290000
3550069.11908163 1.71241726615646 290000
3789694.5594898 1.71241726615646 290000
4044208.40663265 1.71258979868197 290000
4314536.96846939 1.71258979868197 290000
4601658.69612245 1.71402117963435 290000
4906622.58734694 1.71402117963435 290000
5230532.85030612 1.72822635756803 290000
5574567.30704082 1.72822635756803 290000
5939977.39346939 1.77059267772109 290000
6328091.22663265 1.77059267772109 290000
6740316.67193878 1.86471236543367 290000
7178156.67938775 1.86471236543367 290000
7643197.01459184 2.11831600765306 290000
8137133.86397959 2.11831600765306 290000
8661758.49857143 2.11831600765306 290000
9218978.74469388 2.11831600765306 290000
0 5778352.16781536 300000
19777.4821428571 5778352.16781536 300000
40767.0178571429 5778352.16781536 300000
63042.9464285714 5778352.16781536 300000
86679.6071428572 11489055.4206433 300000
111761.035714286 11489055.4206433 300000
138380.964285714 13666565.8025144 300000
166626.660714286 13666565.8025144 300000
196604.785714286 2476312.14534777 300000
228415.535714286 2476312.14534777 300000
262172.035714286 53475.2178330729 300000
297993.875 53475.2178330729 300000
336007.107142857 2329.29471011905 300000
376347.482142857 2329.29471011905 300000
419157.214285714 184.341867373512 300000
464588.214285714 184.341867373512 300000
512798.857142857 28.6016563616071 300000
563957.214285714 28.6016563616071 300000
618247.517857143 8.3949927827381 300000
675860.464285714 8.3949927827381 300000
736996.446428571 3.90533087797619 300000
801878.482142857 3.90533087797619 300000
870726.357142857 2.44036212797619 300000
943788.946428571 2.44036212797619 300000
1021324.82142857 1.85959319196429 300000
1103602.25 1.85959319196429 300000
1190915.35714286 1.62440766369048 300000
1283574.42857143 1.62440766369048 300000
1381899.44642857 1.54849270833333 300000
1486245.94642857 1.54849270833333 300000
1596972.69642857 1.54425052083333 300000
1714480.48214286 1.54425052083333 300000
1839176.55357143 1.56859933035714 300000
1971503.71428571 1.56859933035714 300000
2111927.39285714 1.60537842261905 300000
2260945.33928571 1.60537842261905 300000
2419084.39285714 1.64689125744048 300000
2586897.25 1.64689125744048 300000
2764981.85714286 1.68851183035714 300000
2953962.01785714 1.68851183035714 300000
3154510.01785714 1.72978225446429 300000
3367327.23214286 1.72978225446429 300000
3593169.98214286 1.76851409970238 300000
3832830.14285714 1.76851409970238 300000
4087161 1.78998091517857 300000
4357051.39285714 1.78998091517857 300000
4643458.03571429 1.77390100446429 300000
4947395.82142857 1.77390100446429 300000
5269928.125 1.71935859375 300000
5612199.125 1.71935859375 300000
5975414.41071429 1.65215022321429 300000
6360860.375 1.65215022321429 300000
6769888.05357143 1.60578917410714 300000
7203951.91071429 1.60578917410714 300000
7664574.28571429 1.59431506696429 300000
8153384.17857143 1.59431506696429 300000
8672107.55357143 1.59431506696429 300000
9222577.03571429 1.59431506696429 300000
0 2756617.47289755 30000
10476.9814285714 2756617.47289755 30000
21706.5985714286 2756617.47289755 30000
33740.0014285714 2756617.47289755 30000
46637.1085714286 5022.92252540179 30000
60457.8385714286 5022.92252540179 30000
75269.4171428571 64.034983375 30000
91143.4542857143 64.034983375 30000
108155.944285714 19.0289843660714 30000
126387.265714286 19.0289843660714 30000
145926.565714286 14.3085853035714 30000
166865.914285714 14.3085853035714 30000
189307.611428571 9.87153592857143 30000
213356.88 9.87153592857143 30000
239130.634285714 5.89307979464286 30000
266753.095714286 5.89307979464286 30000
296355.792857143 3.75726283035714 30000
328080.484285714 3.75726283035714 30000
362079.158571429 2.70950379464286 30000
398515.495714286 2.70950379464286 30000
437564.867142857 2.16597415178571 30000
479412.874285714 2.16597415178571 30000
524261.194285714 1.859430375 30000
572326.118571429 1.859430375 30000
623835.63 1.65217240178571 30000
679038.171428571 1.65217240178571 30000
738199.722857143 1.49529108928571 30000
801600.878571429 1.49529108928571 30000
869548.538571428 1.37641909821429 30000
942368.601428571 1.37641909821429 30000
1020407.42571429 1.29544682142857 30000
1104043.52142857 1.29544682142857 30000
1193674.39714286 1.25345815178571 30000
1289731.17428571 1.25345815178571 30000
1392674.20285714 1.2456516875 30000
1502998.90714286 1.2456516875 30000
1621232.86285714 1.26716817857143 30000
1747943.10428571 1.26716817857143 30000
1883737.58571429 1.31088620535714 30000
2029269.56571429 1.31088620535714 30000
2185233.22285714 1.36545533928571 30000
2352379.73142857 1.36545533928571 30000
2531508.49285714 1.42197608928571 30000
2723480.28857143 1.42197608928571 30000
2929215.81857143 1.49231647321429 30000
3149701.54714286 1.49231647321429 30000
3385994.08714286 1.61671449107143 30000
3639227.50714286 1.61671449107143 30000
3910617.71571429 1.82413991964286 30000
4201462.46142857 1.82413991964286 30000
4513161.79285714 2.07580705357143 30000
4847206.36714286 2.07580705357143 30000
5205199.37142857 2.2692484375 30000
5588859.44571429 2.2692484375 30000
6000026.52857143 2.23245697321429 30000
6440670.62571429 2.23245697321429 30000
6912906.42428571 2.23245697321429 30000
7418999.13857143 2.23245697321429 30000
0 4081384.0798217 40000
10711.8273469388 4081384.0798217 40000
22188.1415306122 4081384.0798217 40000
34481.5104081633 4081384.0798217 40000
47652.0115306122 2771470.5197349 40000
61762.7263265306 2771470.5197349 40000
76879.7401020408 8698.2832601977 40000
93073.6439795918 8698.2832601977 40000
110424.040714286 198.319428474277 40000
129010.533061224 198.319428474277 40000
148923.237346939 27.9406609119898 40000
170256.775714286 27.9406609119898 40000
193110.276122449 11.1305334581207 40000
217594.882040816 11.1305334581207 40000
243826.242755102 6.0259097869898 40000
271927.517244898 6.0259097869898 40000
302032.378061224 3.70947274255952 40000
334285.011326531 3.70947274255952 40000
368837.112857143 2.58732734778912 40000
405853.895918367 2.58732734778912 40000
445511.087346939 2.03377216687925 40000
487996.429489796 2.03377216687925 40000
533512.684081633 1.7573403352466 40000
582273.126428571 1.7573403352466 40000
634512.058979592 1.60414570918367 40000
690477.301632653 1.60414570918367 40000
750433.195612245 1.50821562797619 40000
814665.109285714 1.50821562797619 40000
883479.438163265 1.43708005272109 40000
957199.099081632 1.43708005272109 40000
1036178.54959184 1.37460565773809 40000
1120790.2705102 1.37460565773809 40000
1211435.2794898 1.32221302678571 40000
1308546.13489796 1.32221302678571 40000
1412582.43 1.29220867070578 40000
1524038.30265306 1.29220867070578 40000
1643443.9372449 1.29480264413265 40000
1771365.56469388 1.29480264413265 40000
1908409.96826531 1.32886536394558 40000
2055227.48744898 1.32886536394558 40000
2212516.52377551 1.38181496386054 40000
2381023.54081633 1.38181496386054 40000
2561549.07193878 1.43849750744048 40000
2754949.2222449 1.43849750744048 40000
2962141.67632653 1.49026120153061 40000
3184111.70602041 1.49026120153061 40000
3421912.17040816 1.52951812627551 40000
3676672.52744898 1.52951812627551 40000
3949601.83785714 1.54624596938775 40000
4241996.27479592 1.54624596938775 40000
4555245.13163265 1.5589749005102 40000
4890833.82581633 1.5589749005102 40000
5250357.41632653 1.65235794387755 40000
5635520.60367347 1.65235794387755 40000
6048154.25122449 2.1759713494898 40000
6490216.88714286 2.1759713494898 40000
6963806.71989796 2.1759713494898 40000
7471172.15183673 2.1759713494898 40000
0 4250153.52830203 50000
10931.3546938775 4250153.52830203 50000
22646.0289795918 4250153.52830203 50000
35200.5195918367 4250153.52830203 50000
48652.8502040816 1604768.66641822 50000
63067.1522448979 1604768.66641822 50000
78515.1918367347 2392.27363051276 50000
95068.7351020408 2392.27363051276 50000
112805.655918367 165.219299066326 50000
131814.516734694 165.219299066326 50000
152183.88 36.3270536658163 50000
174011.469795918 36.3270536658163 50000
197401.117959184 11.3577078112245 50000
222465.817959184 11.3577078112245 50000
249326.197959184 5.6587110382653 50000
278108.993877551 5.6587110382653 50000
308951.630204082 3.82468260714286 50000
342002.22 3.82468260714286 50000
377419.564897959 2.8500185 50000
415373.155102041 2.8500185 50000
456043.169387755 2.24312077806122 50000
499625.055918367 2.24312077806122 50000
546328.005306122 1.87831919897959 50000
596373.423673469 1.87831919897959 50000
650002.567346939 1.64527016836735 50000
707471.962040816 1.64527016836735 50000
769054.929795918 1.49285622959184 50000
835046.169795918 1.49285622959184 50000
905763.285306122 1.40081999489796 50000
981542.202857143 1.40081999489796 50000
1062747.86081633 1.34783203826531 50000
1149766.57469388 1.34783203826531 50000
1243015.19877551 1.31673338520408 50000
1342939.59918367 1.31673338520408 50000
1450019.23469388 1.30617523979592 50000
1564764.10285714 1.30617523979592 50000
1687723.90163265 1.32727244387755 50000
1819488.02938775 1.32727244387755 50000
1960685.58489796 1.38296753571429 50000
2111991.47510204 1.38296753571429 50000
2274129.46897959 1.45908861479592 50000
2447876.77836735 1.45908861479592 50000
2634062.53102041 1.54298117602041 50000
2833578.45918367 1.54298117602041 50000
3047378.89959184 1.63838303826531 50000
3276486.90122449 1.63838303826531 50000
3521995.7522449 1.74076428316326 50000
3785082.72244898 1.74076428316326 50000
4067006.00938775 1.81755976020408 50000
4369112.37306122 1.81755976020408 50000
4692847.82448979 1.84972090816326 50000
5039762.20653061 1.84972090816326 50000
5411512.2477551 1.8655183622449 50000
5809878.35877551 1.8655183622449 50000
6236764.6322449 1.92362156377551 50000
6694214.1122449 1.92362156377551 50000
7184413.37510204 1.92362156377551 50000
7709709.32571428 1.92362156377551 50000
0 2981677.27486275 60000
11266.7297959184 2981677.27486275 60000
23337.8873469388 2981677.27486275 60000
36268.7869387755 2981677.27486275 60000
50122.6448979592 7511484.38402805 60000
64962.6775510204 7511484.38402805 60000
80861.5836734694 76310.4030249524 60000
97893.6424489796 76310.4030249524 60000
116141.035102041 367.583552435374 60000
135687.523265306 367.583552435374 60000
156629.511836735 36.5637306122449 60000
179063.405714286 36.5637306122449 60000
203096.672653061 13.9753880544218 60000
228843.102040816 13.9753880544218 60000
256425.965714286 6.80751597278912 60000
285974.857142857 6.80751597278912 60000
317630.432653061 3.91724906122449 60000
351542.831020408 3.91724906122449 60000
387873.253877551 2.74239997278911 60000
426793.965714286 2.74239997278911 60000
468488.293877551 2.20458378231292 60000
513155.369795918 2.20458378231292 60000
561008.548571428 1.88320119727891 60000
612272.248163265 1.88320119727891 60000
667189.851428571 1.66012658503401 60000
726023.706122449 1.66012658503401 60000
789053.544489796 1.5089177414966 60000
856574.902857143 1.5089177414966 60000
928910.184489796 1.41713882993197 60000
1006403.91836735 1.41713882993197 60000
1089421.17877551 1.37239352380952 60000
1178357.0677551 1.37239352380952 60000
1273635.13469388 1.35700100680272 60000
1375704.2155102 1.35700100680272 60000
1485051.07591837 1.35338253061224 60000
1602192.50938775 1.35338253061224 60000
1727686.4 1.36048778231292 60000
1862126.98122449 1.36048778231292 60000
2006152.73795918 1.3868048707483 60000
2160446.40653061 1.3868048707483 60000
2325741.29632653 1.43086204081633 60000
2502819.70938776 1.43086204081633 60000
2692522.42285714 1.48760198639456 60000
2895748.68897959 1.48760198639456 60000
3113465.71755102 1.5656939047619 60000
3346703.93469388 1.5656939047619 60000
3596571.20653061 1.68222595918367 60000
3864251.25877551 1.68222595918367 60000
4151016.32 1.85651863945578 60000
4458225.54122449 1.85651863945578 60000
4787336.05877551 2.11410212244898 60000
5139910.89632653 2.11410212244898 60000
5517622.12571429 2.46096220408163 60000
5922261.92979592 2.46096220408163 60000
6355750.5044898 2.82456144217687 60000
6820143.96081633 2.82456144217687 60000
7317645.3877551 2.82456144217687 60000
7850615.91510204 2.82456144217687 60000
0 3434038.89757257 70000
11707.4055102041 3434038.89757257 70000
24235.4469387755 3434038.89757257 70000
37642.5028571429 3434038.89757257 70000
51991.9557142857 4556788.01225151 70000
67347.1879591837 4556788.01225151 70000
83781.5897959183 26291.196624898 70000
101368.551428571 26291.196624898 70000
120189.802857143 491.814007058673 70000
140332.077959184 491.814007058673 70000
161887.114489796 45.1197136836735 70000
184956.657959184 45.1197136836735 70000
209645.789795918 12.8485606352041 70000
236066.263265306 12.8485606352041 70000
264341.507346939 6.56856226190476 70000
294601.622857143 6.56856226190476 70000
326985.050408163 4.18683121981292 70000
361641.906326531 4.18683121981292 70000
398730.646734694 3.01846056079932 70000
438421.403469388 3.01846056079932 70000
480899.32 2.39779557397959 70000
526359.54755102 2.39779557397959 70000
575008.913061224 2.00993946513605 70000
627074.258979592 2.00993946513605 70000
682792.435510204 1.72594508971088 70000
742421.976326531 1.72594508971088 70000
806236.426734694 1.52573438903061 70000
874529.34755102 1.52573438903061 70000
947615.983061224 1.40204131590136 70000
1025831.59306122 1.40204131590136 70000
1109538.12469388 1.3328835582483 70000
1199117.54061224 1.3328835582483 70000
1294986.83061224 1.3023877045068 70000
1397583 1.3023877045068 70000
1507381.41714286 1.30332593154762 70000
1624884.1377551 1.30332593154762 70000
1750634.91653061 1.33012100085034 70000
1885212.53530612 1.33012100085034 70000
2029234.13897959 1.38062541496599 70000
2183365.24326531 1.38062541496599 70000
2348314.73081633 1.45324418792517 70000
2524839.85510204 1.45324418792517 70000
2713754.58020408 1.54007536309524 70000
2915929.58081633 1.54007536309524 70000
3132293.91020408 1.63189651615646 70000
3363845.00795918 1.63189651615646 70000
3611645.36408163 1.72265782015306 70000
3876839.19857143 1.72265782015306 70000
4160647.45755102 1.79803220068027 70000
4464372.81714286 1.79803220068027 70000
4789416.36306122 1.84124624319728 70000
5137274.25469388 1.84124624319728 70000
5509546.06489796 1.86783629251701 70000
5907944.7877551 1.86783629251701 70000
6334306.84632653 2.05148207355442 70000
6790593.76061224 2.05148207355442 70000
7278905.49122449 2.05148207355442 70000
7801490.44714286 2.05148207355442 70000
0 3899565.62396564 80000
11970.2971428571 3899565.62396564 80000
24778.4808163265 3899565.62396564 80000
38479.3820408163 3899565.62396564 80000
53138.1126530612 5437459.73071151 80000
68821.4979591837 5437459.73071151 80000
85601.5036734694 175807.406306427 80000
103551.808979592 175807.406306427 80000
122756.373877551 3526.39713111054 80000
143304.29877551 3526.39713111054 80000
165286.39755102 277.49795587585 80000
188803.764897959 277.49795587585 80000
213966.062857143 41.0949145272109 80000
240884.666938776 41.0949145272109 80000
269684.660408163 10.3893539030612 80000
300496.266938775 10.3893539030612 80000
333459.991020408 4.43321294047619 80000
368726.617959184 4.43321294047619 80000
406457.213877551 2.81776114115646 80000
446824.839183673 2.81776114115646 80000
490012.835102041 2.24899996598639 80000
536216.537142857 2.24899996598639 80000
585648.415510204 1.94142150170068 80000
638534.648163265 1.94142150170068 80000
695115.120816326 1.68944868877551 80000
755648.567346939 1.68944868877551 80000
820410.856326531 1.4961836207483 80000
889698.417959183 1.4961836207483 80000
963824.817142857 1.38650016156463 80000
1043131.03428571 1.38650016156463 80000
1127978.61142857 1.34779003231293 80000
1218753.07918367 1.34779003231293 80000
1315869.09714286 1.34174291326531 80000
1419770.45387755 1.34174291326531 80000
1530930.06693878 1.33871221428571 80000
1649855.12326531 1.33871221428571 80000
1777088.79265306 1.33824814965986 80000
1913211.94122449 1.33824814965986 80000
2058844.84489796 1.35696066326531 80000
2214652.32979592 1.35696066326531 80000
2381345.48571429 1.41437973639456 80000
2559683.37959184 1.41437973639456 80000
2750479.90938776 1.52166076870748 80000
2954607.23102041 1.52166076870748 80000
3172994.04489796 1.66569214965986 80000
3406639.30367347 1.66569214965986 80000
3656607.07183673 1.82204266156463 80000
3924038.52 1.82204266156463 80000
4210151.92489796 1.9848472414966 80000
4516256.37714286 1.9848472414966 80000
4843744.92734694 2.14614896598639 80000
5194113.43428571 2.14614896598639 80000
5568958.85142857 2.24974246938776 80000
5969991.22122449 2.24974246938776 80000
6399042.24244898 2.18199617346939 80000
6858066.98367347 2.18199617346939 80000
7349161.01795918 2.18199617346939 80000
7874563.84979592 2.18199617346939 80000
0 4275196.2393703 90000
12190.2736734694 4275196.2393703 90000
25228.14 4275196.2393703 90000
39173.1406122449 4275196.2393703 90000
54090.0708163265 6656168.01793058 90000
70045.4771428571 6656168.01793058 90000
87109.4085714286 3389190.29946003 90000
105362.421428571 3389190.29946003 90000
124886.823265306 18530.7254808095 90000
145770.175306122 18530.7254808095 90000
168105.29244898 411.022285821854 90000
191997.248163265 411.022285821854 90000
217551.115918367 35.9504862287415 90000
244884.227755102 35.9504862287415 90000
274119.169387755 8.67072471641156 90000
305389.033877551 8.67072471641156 90000
338835.670408163 4.29184990221088 90000
374611.435510204 4.29184990221088 90000
412875.690612245 2.9554686037415 90000
453803.558163265 2.9554686037415 90000
497582.419183673 2.32751963392857 90000
544406.659591837 2.32751963392857 90000
594489.92877551 1.95091515901361 90000
648061.637142857 1.95091515901361 90000
705359.95122449 1.70865514115646 90000
766647.554693877 1.70865514115646 90000
832201.141020408 1.56062559438776 90000
902318.418367347 1.56062559438776 90000
977314.607142857 1.47443981079932 90000
1057531.19612245 1.47443981079932 90000
1143332.44 1.41825834013605 90000
1235107.11061224 1.41825834013605 90000
1333268.49693878 1.37529131760204 90000
1438261.41 1.37529131760204 90000
1550563.93408163 1.34923090816327 90000
1670683.92428571 1.34923090816327 90000
1799164.26020408 1.35391178528912 90000
1936588.09959184 1.35391178528912 90000
2083577.12714286 1.39815209396258 90000
2240798.55938775 1.39815209396258 90000
2408961.6422449 1.47595389030612 90000
2588831.66081633 1.47595389030612 90000
2781221.18326531 1.56507662329932 90000
2987002.31938775 1.56507662329932 90000
3207108.47183673 1.63388150382653 90000
3442534.33612245 1.63388150382653 90000
3694346.40795918 1.66172597321429 90000
3963688.23693878 1.66172597321429 90000
4251776.92408163 1.65895320110544 90000
4559918.88285714 1.65895320110544 90000
4889509.83918367 1.66457900977891 90000
5242041.83632653 1.66457900977891 90000
5619113.7422449 1.7344820539966 90000
6022431.24959184 1.7344820539966 90000
6453822.63673469 1.89438344345238 90000
6915242.27020408 1.89438344345238 90000
7408777.60959184 1.89438344345238 90000
7936668.47102041 1.89438344345238 90000
0 1458.34805802572 hpsmc
8434.03928571429 1458.34805802572 hpsmc
17495.9647959184 1458.34805802572 hpsmc
27234.4235714286 1458.34805802572 hpsmc
37698.0626530612 405.272512794855 hpsmc
48942.3170408163 405.272512794855 hpsmc
61024.8843877551 171.572383261692 hpsmc
74006.8563265306 171.572383261692 hpsmc
87958.3751020408 23.408866477466 hpsmc
102948.451632653 23.408866477466 hpsmc
119057.410102041 7.2537121747449 hpsmc
136365.574693878 7.2537121747449 hpsmc
154965.714183673 4.23799396534864 hpsmc
174951.728673469 4.23799396534864 hpsmc
196427.700204082 3.25980426530612 hpsmc
219504.49877551 3.25980426530612 hpsmc
244300.913673469 2.73140171067177 hpsmc
270947.04744898 2.73140171067177 hpsmc
299578.659285714 2.31294288244048 hpsmc
330346.215612245 2.31294288244048 hpsmc
363405.839489796 1.94861095790816 hpsmc
398930.623877551 1.94861095790816 hpsmc
437102.712346939 1.64627337032313 hpsmc
478121.218367347 1.64627337032313 hpsmc
522197.7 1.41039414562075 hpsmc
569560.685204082 1.41039414562075 hpsmc
620453.409183673 1.2384395837585 hpsmc
675139.471020408 1.2384395837585 hpsmc
733902.833673469 1.12497460352891 hpsmc
797047.823979592 1.12497460352891 hpsmc
864899.132653061 1.06299912202381 hpsmc
937808.602244898 1.06299912202381 hpsmc
1016152.9644898 1.04598915625 hpsmc
1100338.36561224 1.04598915625 hpsmc
1190799.235 1.0699968480017 hpsmc
1288003.94183673 1.0699968480017 hpsmc
1392454.79510204 1.13473229485544 hpsmc
1504691.43755102 1.13473229485544 hpsmc
1625296.50234694 1.24390530505952 hpsmc
1754891.0877551 1.24390530505952 hpsmc
1894147.20173469 1.4067479744898 hpsmc
2043784.36795918 1.4067479744898 hpsmc
2204576.41377551 1.64139452465986 hpsmc
2377354.86418367 1.64139452465986 hpsmc
2563013.46714286 1.97622475297619 hpsmc
2762512.71887755 1.97622475297619 hpsmc
2976884.38918367 2.44642527147109 hpsmc
3207236.04673469 2.44642527147109 hpsmc
3454760.10969388 3.08373921704932 hpsmc
3720737.23969388 3.08373921704932 hpsmc
4006540.86714286 3.89398349362245 hpsmc
4313650.76714286 3.89398349362245 hpsmc
4643655.32214286 4.83655054953231 hpsmc
4998260.57255102 4.83655054953231 hpsmc
5379300.39867347 6.00742165625 hpsmc
5788746.70265306 6.00742165625 hpsmc
6228715.06510204 6.00742165625 hpsmc
6701481.715 6.00742165625 hpsmc
