0 2246541.55566844 100000
6936.38459183673 2246541.55566844 100000
14301.0379591837 2246541.55566844 100000
22121.9881632653 2246541.55566844 100000
30427.2632653061 5746484.87010298 100000
39246.0124489796 5746484.87010298 100000
48609.6271428571 5342493.80422086 100000
58552.8621428571 5342493.80422086 100000
69111.5933673469 4027081.16418618 100000
80323.9389795918 4027081.16418618 100000
92229.1382653061 58511.4373807472 100000
104870.915 58511.4373807472 100000
118295.235204082 562.895107133928 100000
132550.307142857 562.895107133928 100000
147686.581326531 39.8377151851616 100000
163760.113877551 39.8377151851616 100000
180826.960918367 8.19197633588435 100000
198951.026428571 8.19197633588435 100000
218195.093265306 2.73939263392857 100000
238630.913265306 2.73939263392857 100000
260330.238265306 1.3957670852466 100000
283372.667959184 1.3957670852466 100000
307840.044285714 0.91146787967687 100000
333822.057040816 0.91146787967687 100000
361410.638265306 0.689189004464286 100000
390705.567857143 0.689189004464286 100000
421814.473571429 0.586905266369047 100000
454847.225408163 0.586905266369047 100000
489922.662346939 0.550008659438775 100000
527169.713469388 0.550008659438775 100000
566720.67122449 0.544066710459184 100000
608717.918163265 0.544066710459184 100000
653313.926938775 0.545367679634354 100000
700669.018061224 0.545367679634354 100000
750953.602142857 0.546867180909864 100000
804349.301020408 0.546867180909864 100000
861047.826632653 0.553507495748299 100000
921255.465510204 0.553507495748299 100000
985187.473163265 0.571239915816326 100000
1053073.67969388 0.571239915816326 100000
1125161.85316327 0.603962677295918 100000
1201708.73061224 0.603962677295918 100000
1282991.22928571 0.65446690795068 100000
1369303.08326531 0.65446690795068 100000
1460953.72234694 0.721605792942177 100000
1558276.11989796 0.721605792942177 100000
1661617.82387755 0.786605202593537 100000
1771354.41030612 0.786605202593537 100000
1887879.39316326 0.806897518920068 100000
2011614.3144898 0.806897518920068 100000
2143004.25989796 0.757855418792517 100000
2282522.34306122 0.757855418792517 100000
2430671.94795918 0.664248701318027 100000
2587987.85 0.664248701318027 100000
2755036.21602041 0.548759075042517 100000
2932419.08877551 0.548759075042517 100000
3120776.62918367 0.548759075042517 100000
3320788.23744898 0.548759075042517 100000
0 559863.458106912 10000
3924.46081632653 559863.458106912 10000
8132.3881632653 559863.458106912 10000
12643.3689795918 559863.458106912 10000
17480.2546938775 8044.70410676786 10000
22665.8967346939 8044.70410676786 10000
28225.3228571428 634.092413446428 10000
34185.7371428571 634.092413446428 10000
40576.52 32.8402028622449 10000
47427.5959183673 32.8402028622449 10000
54773.2420408163 4.64237086309524 10000
62648.8236734694 4.64237086309524 10000
71092.9706122449 2.21090858588435 10000
80145.4008163265 2.21090858588435 10000
89851.2730612245 1.5110348452381 10000
100256.834285714 1.5110348452381 10000
111413.228163265 1.19813349829932 10000
123374.31877551 1.19813349829932 10000
136198.322857143 1.02289727295918 10000
149947.265714286 1.02289727295918 10000
164688.069387755 0.873019785714286 10000
180492.008571429 0.873019785714286 10000
197436.342857143 0.753049785714286 10000
215602.684489796 0.753049785714286 10000
235079.174693878 0.66240125170068 10000
255960.483673469 0.66240125170068 10000
278348.354693878 0.584007022959183 10000
302351.06 0.584007022959183 10000
328085.033061224 0.518422516156463 10000
355675.412653061 0.518422516156463 10000
385255.49877551 0.474376840986394 10000
416970.017142857 0.474376840986394 10000
450971.854693878 0.456007284863946 10000
487425.868163265 0.456007284863946 10000
526509.972244898 0.461714474489796 10000
568412.963265306 0.461714474489796 10000
613338.871836735 0.483775851190476 10000
661505.330612245 0.483775851190476 10000
713146.294693877 0.508627913265306 10000
768512.041632653 0.508627913265306 10000
827871.347755102 0.526284495748299 10000
891512.57632653 0.526284495748299 10000
959744.765714285 0.541917774659864 10000
1032898.17346939 0.541917774659864 10000
1111328.62897959 0.575001338435374 10000
1195416.44530612 0.575001338435374 10000
1285569.68367347 0.648341275510204 10000
1382225.78571429 0.648341275510204 10000
1485854.29387755 0.762422725340136 10000
1596957.93959184 0.762422725340136 10000
1716075.36367347 0.855391540816326 10000
1843784.92489796 0.855391540816326 10000
1980706.87632653 0.83676581292517 10000
2127505.54163265 0.83676581292517 10000
2284892.57959184 0.685140463435374 10000
2453632.96897959 0.685140463435374 10000
2634544.4644898 0.685140463435374 10000
2828506.30204082 0.685140463435374 10000
0 1879967.35387306 110000
7340.08 1879967.35387306 110000
15132.7942857143 1879967.35387306 110000
23403.2228571429 1879967.35387306 110000
32182.4171428571 3209038.25601621 110000
41501.4285714286 3209038.25601621 110000
51392.5028571429 4666656.12822881 110000
61892.6628571429 4666656.12822881 110000
73036.5428571429 541355.887196536 110000
84867.1371428571 541355.887196536 110000
97423.8571428571 7816.33085776191 110000
110753.28 7816.33085776191 110000
124900.788571429 425.632162476191 110000
139918.931428571 425.632162476191 110000
155859.062857143 46.0791331785714 110000
172779.702857143 46.0791331785714 110000
190740.565714286 8.71620069047619 110000
209804.948571429 8.71620069047619 110000
230040.925714286 2.86410116666667 110000
251521.348571429 2.86410116666667 110000
274321.457142857 1.4140218452381 110000
298523.657142857 1.4140218452381 110000
324212.742857143 0.909699869047619 110000
351480.674285714 0.909699869047619 110000
380425.382857143 0.704322535714286 110000
411148.382857143 0.704322535714286 110000
443760.742857143 0.618421047619048 110000
478377.114285714 0.618421047619048 110000
515121.702857143 0.587262630952381 110000
554123.491428571 0.587262630952381 110000
595523.405714286 0.584901428571429 110000
639468.342857143 0.584901428571429 110000
686113.56 0.600083785714286 110000
735626.257142857 0.600083785714286 110000
788181.994285714 0.625927630952381 110000
843968.274285714 0.625927630952381 110000
903183.348571429 0.65452330952381 110000
966037.411428571 0.65452330952381 110000
1032756.18285714 0.675236702380952 110000
1103574.93714286 0.675236702380952 110000
1178746.86285714 0.677620297619048 110000
1258538.28571429 0.677620297619048 110000
1343234.64 0.655553380952381 110000
1433138.08 0.655553380952381 110000
1528566.28571429 0.611446916666667 110000
1629859.62857143 0.611446916666667 110000
1737378.78285714 0.560003059523809 110000
1851508.30857143 0.560003059523809 110000
1972650.68 0.52050205952381 110000
2101240.61714286 0.52050205952381 110000
2237733.14285714 0.503901488095238 110000
2382616.72 0.503901488095238 110000
2536403.69714286 0.5083925 110000
2699644.64 0.5083925 110000
2872918.77714286 0.518481726190476 110000
3056842.36 0.518481726190476 110000
3252072.24571429 0.518481726190476 110000
3459301.12 0.518481726190476 110000
0 1698583.69101851 120000
7584.51306122449 1698583.69101851 120000
15631.5268367347 1698583.69101851 120000
24168.467244898 1698583.69101851 120000
33224.0068367347 8848356.07654878 120000
42830.5580612245 8848356.07654878 120000
53021.78 7095142.5400588 120000
63832.5783673469 7095142.5400588 120000
75301.5987755102 3749749.24800607 120000
87468.7334693877 3749749.24800607 120000
100375.121326531 85021.2468491248 120000
114068.134387755 85021.2468491248 120000
128592.651428571 2075.55154765774 120000
144002.277653061 2075.55154765774 120000
160349.371632653 112.283036940264 120000
177691.278469388 112.283036940264 120000
196087.836530612 13.6674259260204 120000
215603.870714286 13.6674259260204 120000
236306.699183673 3.44911569855442 120000
258269.873265306 3.44911569855442 120000
281569.43755102 1.48674708779762 120000
306286.423163265 1.48674708779762 120000
332508.094387755 0.907275870535714 120000
360324.20877551 0.907275870535714 120000
389833.250306122 0.692603130527211 120000
421137.442857143 0.692603130527211 120000
454346.490102041 0.613156270408163 120000
489576.328877551 0.613156270408163 120000
526949.129183673 0.593178982142857 120000
566597.034081633 0.593178982142857 120000
608655.926530612 0.595544987032313 120000
653275.40244898 0.595544987032313 120000
700608.797653061 0.601131459608844 120000
750821.914285714 0.601131459608844 120000
804090.52755102 0.603575379039116 120000
860600.385714286 0.603575379039116 120000
920548.456734694 0.605237555909864 120000
984144.174897959 0.605237555909864 120000
1051609.44081633 0.61189924914966 120000
1123178.62142857 0.61189924914966 120000
1199103.53653061 0.6291755 120000
1279647.22561224 0.6291755 120000
1365092.67428571 0.662226848214286 120000
1455736.58112245 0.662226848214286 120000
1551895.59081633 0.708850909438775 120000
1653905.04755102 0.708850909438775 120000
1762121.48826531 0.748678225552721 120000
1876922.64265306 0.748678225552721 120000
1998708.67979592 0.754558176232993 120000
2127904.70142857 0.754558176232993 120000
2264960.74193878 0.725501246811224 120000
2410358.00153061 0.725501246811224 120000
2564600.11979592 0.688377565263605 120000
2728228.13530612 0.688377565263605 120000
2901810.51255102 0.664089005739796 120000
3085955.60826531 0.664089005739796 120000
3281305.43826531 0.664089005739796 120000
3488540.66397959 0.664089005739796 120000
0 2030508.84442607 130000
7930.05489795918 2030508.84442607 130000
16342.3340816326 2030508.84442607 130000
25269.3324489796 2030508.84442607 130000
34740.9453061224 7750861.16454164 130000
44789.6675510204 7750861.16454164 130000
55451.8934693877 4676820.34781079 130000
66764.0173469388 4676820.34781079 130000
78766.3328571428 6784977.60406187 130000
91501.7332653061 6784977.60406187 130000
105013.111836735 137042.912398394 130000
119349.860816326 137042.912398394 130000
134560.072653061 2438.90650789668 130000
150699.638571429 2438.90650789668 130000
167821.850204082 138.295623840561 130000
185990.39755102 138.295623840561 130000
205266.371020408 17.2837410625 130000
225718.659795918 17.2837410625 130000
247418.752653061 4.1505976875 130000
270442.037755102 4.1505976875 130000
294870.402244898 1.70773145153061 130000
320788.332857143 1.70773145153061 130000
348288.115102041 1.01667599617347 130000
377465.933877551 1.01667599617347 130000
408423.173265306 0.746524246173469 130000
441269.016122449 0.746524246173469 130000
476119.144285714 0.622358533163265 130000
513095.738571428 0.622358533163265 130000
552327.47877551 0.572909422193877 130000
593952.143265306 0.572909422193877 130000
638116.608979592 0.565042948979592 130000
684975.551632653 0.565042948979592 130000
734692.745510204 0.579749598214286 130000
787443.663061224 0.579749598214286 130000
843411.575510204 0.61010524872449 130000
902795.351632653 0.61010524872449 130000
965801.658979592 0.65306350382653 130000
1032651.46285714 0.65306350382653 130000
1103578.72653061 0.69993468622449 130000
1178834.31061224 0.69993468622449 130000
1258679.47408163 0.736867845663265 130000
1343397.57244898 0.736867845663265 130000
1433282.35959184 0.755189552295918 130000
1528650.98571429 0.755189552295918 130000
1629838.79816326 0.758609640306122 130000
1737199.34142857 0.758609640306122 130000
1851108.25653061 0.757093211734694 130000
1971968.48020408 0.757093211734694 130000
2100199.84653061 0.756608496173469 130000
2236255.98428571 0.756608496173469 130000
2380611.31897959 0.759993381377551 130000
2533772.77102041 0.759993381377551 130000
2696279.75571429 0.767648637755102 130000
2868698.98408163 0.767648637755102 130000
3051637.46081633 0.762798774234694 130000
3245737.28510204 0.762798774234694 130000
3451676.95040816 0.762798774234694 130000
3670181.74285714 0.762798774234694 130000
0 2977165.07894909 140000
8368.40989795918 2977165.07894909 140000
17236.6562244898 2977165.07894909 140000
26634.141122449 2977165.07894909 140000
36594.4670408163 5842163.83140578 140000
47149.8363265306 5842163.83140578 140000
58336.6516326531 5015468.95390227 140000
70191.3156122449 5015468.95390227 140000
82754.4312244898 2661042.33896189 140000
96068.0015306122 2661042.33896189 140000
110178.229897959 37429.8439905782 140000
125131.319693878 37429.8439905782 140000
140979.074693878 1260.06106949235 140000
157773.298673469 1260.06106949235 140000
175571.395816327 98.7555469849065 140000
194432.170408163 98.7555469849065 140000
214421.427244898 14.899314210034 140000
235604.971122449 14.899314210034 140000
258054.207244898 4.00758499340986 140000
281846.14122449 4.00758499340986 140000
307059.17877551 1.74222572512755 140000
333780.12622449 1.74222572512755 140000
362097.19 1.04570121173469 140000
392108.377244898 1.04570121173469 140000
423911.695102041 0.76777512287415 140000
457616.351530612 0.76777512287415 140000
493334.354693878 0.645951660926871 140000
531188.913571429 0.645951660926871 140000
571304.637244898 0.599803714285714 140000
613818.735714286 0.599803714285714 140000
658874.019387755 0.596183867134354 140000
706621.699285714 0.596183867134354 140000
757222.787142857 0.613206774447279 140000
810848.095408163 0.613206774447279 140000
867679.637346939 0.634587499362245 140000
927906.426734694 0.634587499362245 140000
991734.278571428 0.655116495535714 140000
1059376.00836735 0.655116495535714 140000
1131061.23285714 0.675873008290816 140000
1207030.76959184 0.675873008290816 140000
1287539.43714286 0.694893977891156 140000
1372861.6555102 0.694893977891156 140000
1463283.0455102 0.707456976828231 140000
1559108.82938775 0.707456976828231 140000
1660661.03061224 0.708130775935374 140000
1768284.07428571 0.708130775935374 140000
1882339.18673469 0.691615405612245 140000
2003211.39602041 0.691615405612245 140000
2131306.73173469 0.660591477891156 140000
2267059.2255102 0.660591477891156 140000
2410923.9105102 0.625384745323129 140000
2563389.42234694 0.625384745323129 140000
2724965.39816327 0.588235371173469 140000
2896199.27785714 0.588235371173469 140000
3077667.90346939 0.53079618494898 140000
3269981.7194898 0.53079618494898 140000
3473790.37326531 0.53079618494898 140000
3689779.91479592 0.53079618494898 140000
0 2868050.49014148 150000
9005.8906122449 2868050.49014148 150000
18526.9420408163 2868050.49014148 150000
28596.1371428571 2868050.49014148 150000
39241.7469387755 4931467.61946933 150000
50496.7542857143 4931467.61946933 150000
62397.2832653061 5197096.71667139 150000
74981.0285714286 5197096.71667139 150000
88285.6848979592 3196603.26846865 150000
102353.65877551 3196603.26846865 150000
117228.927346939 93142.8301751292 150000
132955.467755102 93142.8301751292 150000
149585.110204082 3448.00479444218 150000
167168.114285714 3448.00479444218 150000
185757.880816327 223.871947795918 150000
205415.663673469 223.871947795918 150000
226199.575510204 27.0345755510204 150000
248174.011428571 27.0345755510204 150000
271409.648979592 5.88241731292517 150000
295978.736326531 5.88241731292517 150000
321955.092244898 2.09943084353741 150000
349420.388571429 2.09943084353741 150000
378461.008979592 1.10434000680272 150000
409168.048979592 1.10434000680272 150000
441634.174693878 0.763834544217687 150000
475963.046530612 0.763834544217687 150000
512259.895510204 0.629835142857143 150000
550637.805714286 0.629835142857143 150000
591216.143673469 0.579264700680272 150000
634120.558367347 0.579264700680272 150000
679486.122448979 0.57009625170068 150000
727452.620408163 0.57009625170068 150000
778169.260408163 0.58403543537415 150000
831793.103673469 0.58403543537415 150000
888493.77632653 0.611825455782313 150000
948444.045714286 0.611825455782313 150000
1011832.38530612 0.646837020408163 150000
1078855.12163265 0.646837020408163 150000
1149719.5755102 0.68313125170068 150000
1224648.77387755 0.68313125170068 150000
1303873.59673469 0.716879782312925 150000
1387642.20081633 0.716879782312925 150000
1476213.73714286 0.745628530612245 150000
1569863.06285714 0.745628530612245 150000
1668882.31183673 0.765395340136054 150000
1773579.32408163 0.765395340136054 150000
1884279.21632653 0.769102639455782 150000
2001325.95265306 0.769102639455782 150000
2125085.48571429 0.751698292517007 150000
2255939.47428571 0.751698292517007 150000
2394297.84816327 0.721643972789116 150000
2540587.81387755 0.721643972789116 150000
2695267.99020408 0.706631537414966 150000
2858815.84326531 0.706631537414966 150000
3031741.82204082 0.788761469387755 150000
3214583.07591837 0.788761469387755 150000
3407908.16653061 0.788761469387755 150000
3612318.63836735 0.788761469387755 150000
0 3604812.63758562 160000
9256.80428571429 3604812.63758562 160000
19041.5014285714 3604812.63758562 160000
29383.3285714286 3604812.63758562 160000
40316.3957142857 5975782.50669404 160000
51869.94 5975782.50669404 160000
64084.5685714286 11200279.428032 160000
76992.7671428571 11200279.428032 160000
90638.3914285714 4345743.97676411 160000
105060.424285714 4345743.97676411 160000
120305.97 236473.037882313 160000
136418.884285714 236473.037882313 160000
153451.144285714 4126.77740348214 160000
171453.102857143 4126.77740348214 160000
190481.61 190.339799705357 160000
210595.14 190.339799705357 160000
231853.791428571 20.9896460267857 160000
254325.784285714 20.9896460267857 160000
278076.09 4.923067875 160000
303181.05 4.923067875 160000
329717.005714286 2.03981183928571 160000
357765.171428571 2.03981183928571 160000
387413.258571429 1.18795858035714 160000
418748.978571429 1.18795858035714 160000
451871.412857143 0.840676142857143 160000
486881.267142857 0.840676142857143 160000
523887.368571429 0.6814183125 160000
563001.792857143 0.6814183125 160000
604344.737142857 0.609966660714286 160000
648044.52 0.609966660714286 160000
694234.332857143 0.580594160714286 160000
743057.112857143 0.580594160714286 160000
794662.294285714 0.572452428571429 160000
849209.057142857 0.572452428571429 160000
906863.078571429 0.579687267857143 160000
967804.654285714 0.579687267857143 160000
1032218.95285714 0.602075339285714 160000
1100304.13714286 0.602075339285714 160000
1172268.11571429 0.639836598214286 160000
1248335.04 0.639836598214286 160000
1328737.18285714 0.690538 160000
1413721.43571429 0.690538 160000
1503549.30857143 0.7459904375 160000
1598495.30571429 0.7459904375 160000
1698853.42285714 0.791135428571429 160000
1804932.27428571 0.791135428571429 160000
1917055.09285714 0.805175348214286 160000
2035567.85142857 0.805175348214286 160000
2160836.01428571 0.772023 160000
2293242.91285714 0.772023 160000
2433196.24285714 0.698266892857143 160000
2581124.81571429 0.698266892857143 160000
2737485.05571429 0.610420107142857 160000
2902756.12714286 0.610420107142857 160000
3077446.43142857 0.516417955357143 160000
3262091.98285714 0.516417955357143 160000
3457261.28142857 0.516417955357143 160000
3663553.68857143 0.516417955357143 160000
0 3289191.48910348 170000
9533.52367346939 3289191.48910348 170000
19611.2020408163 3289191.48910348 170000
30267.9808163265 3289191.48910348 170000
41533.8134693878 3224438.83214091 170000
53446.973877551 3224438.83214091 170000
66040.7436734694 6737787.16528266 170000
79356.7248979592 6737787.16528266 170000
93436.5195918367 6340546.34517389 170000
108321.729795918 6340546.34517389 170000
124058.949795918 515246.778787638 170000
140698.102040816 515246.778787638 170000
158290.773061224 10439.5189088801 170000
176891.87755102 10439.5189088801 170000
196557.994285714 407.841606413265 170000
217350.694285714 407.841606413265 170000
239334.876734694 35.7623658137755 170000
262577.104897959 35.7623658137755 170000
287152.26244898 6.80539357653061 170000
313133.568979592 6.80539357653061 170000
340604.228571429 2.3280467372449 170000
369649.109387755 2.3280467372449 170000
400358.071836735 1.18478105357143 170000
432824.304489796 1.18478105357143 170000
467152.644489796 0.794952596938775 170000
503446.264897959 0.794952596938775 170000
541818.323265306 0.649248382653061 170000
582390.29755102 0.649248382653061 170000
625285.329795918 0.600695334183673 170000
670638.210612245 0.600695334183673 170000
718588.722857143 0.59462143622449 170000
769284.969795918 0.59462143622449 170000
822886.703265306 0.609279221938775 170000
879558.667346939 0.609279221938775 170000
939477.254693877 0.635318632653061 170000
1002828.84244898 0.635318632653061 170000
1069809.7922449 0.667393806122449 170000
1140626.45020408 0.667393806122449 170000
1215500.13918367 0.701143461734694 170000
1294663.83061224 0.701143461734694 170000
1378362.1444898 0.732223653061224 170000
1466854.67755102 0.732223653061224 170000
1560416.00326531 0.757434489795918 170000
1659339 0.757434489795918 170000
1763926.53061224 0.775666584183673 170000
1874506.41918367 0.775666584183673 170000
1991421.46653061 0.787003140306122 170000
2115034.44244898 0.787003140306122 170000
2245726.42163265 0.789194181122449 170000
2383906.76816327 0.789194181122449 170000
2530003.15102041 0.772844579081633 170000
2684468.20040816 0.772844579081633 170000
2847781.17183673 0.729464051020408 170000
3020449.61020408 0.729464051020408 170000
3203011.01387755 0.655069201530612 170000
3396029.50653061 0.655069201530612 170000
3600104.15755102 0.655069201530612 170000
3815870.64612245 0.655069201530612 170000
0 3889895.09899651 180000
9836.7412244898 3889895.09899651 180000
20229.0632653061 3889895.09899651 180000
31210.0571428571 3889895.09899651 180000
42809.3306122449 2847706.64986653 180000
55063.4579591837 2847706.64986653 180000
68010.7551020408 92584.6526998333 180000
81689.5379591837 92584.6526998333 180000
96141.6057142857 8754.85710798894 180000
111408.75755102 8754.85710798894 180000
127538.01755102 1199.00207288265 180000
144578.151428571 1199.00207288265 180000
162581.408163265 204.790125869898 180000
181601.778367347 204.790125869898 180000
201694.994285714 43.5552936479592 180000
222925.496326531 43.5552936479592 180000
245352.5 12.0455668367347 180000
269047.412244898 12.0455668367347 180000
294081.64 4.42263301955782 180000
320528.331836735 4.42263301955782 180000
348469.344489796 2.12306834608844 180000
377990.017959184 2.12306834608844 180000
409175.692244898 1.2759345952381 180000
442123.89877551 1.2759345952381 180000
476932.168979592 0.913464556122449 180000
513708.484081633 0.913464556122449 180000
552560.825306122 0.744889028911565 180000
593607.623673469 0.744889028911565 180000
636972.535102041 0.665027914965986 180000
682786.182040816 0.665027914965986 180000
731187.895102041 0.630725008503401 180000
782323.971428571 0.630725008503401 180000
836349.416326531 0.622278090136054 180000
893424.46 0.622278090136054 180000
953723.265714286 0.628500798469388 180000
1017428.70489796 0.628500798469388 180000
1084732.35714286 0.641026039965986 180000
1155836.25183673 0.641026039965986 180000
1230958.09306122 0.653710931122449 180000
1310320.80979592 0.653710931122449 180000
1394168.23061224 0.663112119047619 180000
1482749.40897959 0.663112119047619 180000
1576334.29795918 0.667658505952381 180000
1675206.78367347 0.667658505952381 180000
1779662.94367347 0.66705256292517 180000
1890018.01346939 0.66705256292517 180000
2006606.38653061 0.662948840986395 180000
2129779.87265306 0.662948840986395 180000
2259911.18122449 0.65718331122449 180000
2397392.17959184 0.65718331122449 180000
2542639.11795918 0.646334391156463 180000
2696087.4044898 0.646334391156463 180000
2858205.53836735 0.622444996598639 180000
3029479.43510204 0.622444996598639 180000
3210426.35959184 0.574437618197279 180000
3401594.92612245 0.574437618197279 180000
3603559.87346939 0.574437618197279 180000
3816932.51469388 0.574437618197279 180000
0 2847152.68548997 190000
10591.8473469388 2847152.68548997 190000
21763.8579591837 2847152.68548997 190000
33546.973877551 2847152.68548997 190000
45976.0048979592 12188537.5129376 190000
59085.7608163265 12188537.5129376 190000
72914.9191836735 11433609.092217 190000
87500.2236734694 11433609.092217 190000
102884.219591837 11960525.936052 190000
119109.452244898 11960525.936052 190000
136226.20244898 726079.821982102 190000
154278.949387755 726079.821982102 190000
173319.907755102 11135.1166362007 190000
193405.16 11135.1166362007 190000
214588.854693878 432.370907855442 190000
236932.875918367 432.370907855442 190000
260502.975510204 39.3798305952381 190000
285361.03755102 39.3798305952381 190000
311582.483265306 7.51035851020408 190000
339238.866122449 7.51035851020408 190000
368411.408979592 2.52432259863946 190000
399181.334693878 2.52432259863946 190000
431635.667755102 1.27785390986395 190000
465867.234285714 1.27785390986395 190000
501974.662040816 0.854314581632653 190000
540058.512653061 0.854314581632653 190000
580229.017142857 0.685136556122449 190000
622600.274285714 0.685136556122449 190000
667292.184489796 0.621242047619048 190000
714430.449795918 0.621242047619048 190000
764152.375510204 0.609183515306123 190000
816595.266938776 0.609183515306123 190000
871911.900408163 0.622422518707483 190000
930258.92 0.622422518707483 190000
991798.771428571 0.644932047619048 190000
1056711.30530612 0.644932047619048 190000
1125180.24 0.667510068027211 190000
1197397.02938776 0.667510068027211 190000
1273568.59836735 0.687465267006803 190000
1353913.47510204 0.687465267006803 190000
1438659.85714286 0.708689573129252 190000
1528045.61142857 0.708689573129252 190000
1622327.94367347 0.738797629251701 190000
1721773.72897959 0.738797629251701 190000
1826665.31346939 0.784719163265306 190000
1937304.38204082 0.784719163265306 190000
2054000.35510204 0.853363758503401 190000
2177089.72734694 0.853363758503401 190000
2306918.66285714 0.94846218707483 190000
2443860.4 0.94846218707483 190000
2588299.78040816 1.05092949489796 190000
2740652.5877551 1.05092949489796 190000
2901348.14285714 1.10368809183673 190000
3070846.70857143 1.10368809183673 190000
3249625.95265306 1.02521698129252 190000
3438198.35265306 1.02521698129252 190000
3637099.59265306 1.02521698129252 190000
3846894.36489796 1.02521698129252 190000
0 4850231.14705586 200000
11162.2285714286 4850231.14705586 200000
22920.3355102041 4850231.14705586 200000
35301.5969387755 4850231.14705586 200000
48343.7797959184 8353356.72296092 200000
62078.3565306122 8353356.72296092 200000
76545.192244898 9093839.58690556 200000
91779.9557142857 9093839.58690556 200000
107826.708367347 7214163.97866355 200000
124727.413469388 7214163.97866355 200000
142526.13244898 989670.119531335 200000
161271.123061224 989670.119531335 200000
181014.839387755 13696.6110386607 200000
201809.735510204 13696.6110386607 200000
223708.265510204 521.51335032398 200000
246775.47244898 521.51335032398 200000
271068.006734694 46.3415025918367 200000
296653.009591837 46.3415025918367 200000
323597.622244898 8.48473620153061 200000
351977.378571429 8.48473620153061 200000
381867.81244898 2.74509693877551 200000
413348.654081633 2.74509693877551 200000
446501.731836735 1.34672357653061 200000
481421.463061224 1.34672357653061 200000
518198.06877551 0.88473425255102 200000
556932.260816327 0.88473425255102 200000
597724.751020408 0.70588769005102 200000
640690.938367347 0.70588769005102 200000
685939.927346939 0.636115019132653 200000
733597.607755102 0.636115019132653 200000
783791.96755102 0.615251408163265 200000
836655.191020408 0.615251408163265 200000
892332.051428571 0.617489448979592 200000
950971.518367347 0.617489448979592 200000
1012728.85591837 0.631503431122449 200000
1077774.01530612 0.631503431122449 200000
1146279.04591837 0.65334618494898 200000
1218428.58612245 0.65334618494898 200000
1294417.76510204 0.681361035714286 200000
1374448.00653061 0.681361035714286 200000
1458737.51938776 0.711911167091837 200000
1547512.90530612 0.711911167091837 200000
1641009.15857143 0.737683605867347 200000
1739480.15693878 0.737683605867347 200000
1843190.26897959 0.750202646683673 200000
1952418.55040816 0.750202646683673 200000
2067458.74408163 0.742216512755102 200000
2188619.28 0.742216512755102 200000
2316225.37346939 0.709083017857143 200000
2450621.12326531 0.709083017857143 200000
2592167.41346939 0.6526293125 200000
2741244.01163265 0.6526293125 200000
2898253.76510204 0.58330250127551 200000
3063616.30653061 0.58330250127551 200000
3237774.34836735 0.501705806122449 200000
3421202.0755102 0.501705806122449 200000
3614386.26183674 0.501705806122449 200000
3817849.35 0.501705806122449 200000
0 1397347.67248192 20000
4126.95 1397347.67248192 20000
8547.81428571428 1397347.67248192 20000
13284.5785714286 1397347.67248192 20000
18358.65 3572337.34475357 20000
23794.9071428571 3572337.34475357 20000
29619.3857142857 24240.4509383036 20000
35858.7 24240.4509383036 20000
42543.5142857143 200.3676075 20000
49704.4928571428 200.3676075 20000
57376.9285714286 15.3083322321429 20000
65596.1142857143 15.3083322321429 20000
74401.9714285714 4.59870026785714 20000
83835.5785714286 4.59870026785714 20000
93942.0642857143 2.46889928571429 20000
104769.45 2.46889928571429 20000
116369.228571429 1.51112129464286 20000
128796.364285714 1.51112129464286 20000
142109.871428571 1.03386977678571 20000
156373.392857143 1.03386977678571 20000
171654.042857143 0.802251964285714 20000
188024.142857143 0.802251964285714 20000
205562.378571429 0.672478392857143 20000
224351.485714286 0.672478392857143 20000
244480.564285714 0.592799464285714 20000
266045.657142857 0.592799464285714 20000
289149.171428571 0.545008258928571 20000
313900.457142857 0.545008258928571 20000
340416.964285714 0.517975714285714 20000
368824.821428571 0.517975714285714 20000
399258.835714286 0.505098883928571 20000
431864.228571429 0.505098883928571 20000
466794.9 0.5028075 20000
504216.9 0.5028075 20000
544308.428571429 0.505502678571428 20000
587259.257142857 0.505502678571428 20000
633273.621428571 0.508683616071429 20000
682570.8 0.508683616071429 20000
735383.378571429 0.513681026785714 20000
791963.614285714 0.513681026785714 20000
852579.385714286 0.523544464285714 20000
917518.821428571 0.523544464285714 20000
987089.721428571 0.543532901785714 20000
1061623.60714286 0.543532901785714 20000
1141473.40714286 0.580439732142857 20000
1227019.24285714 0.580439732142857 20000
1318666.11428571 0.634515669642857 20000
1416850.26428571 0.634515669642857 20000
1522038.02142857 0.695558571428571 20000
1634728.11428571 0.695558571428571 20000
1755456.3 0.753255401785714 20000
1884795.36428571 0.753255401785714 20000
2023360.32857143 0.806790133928571 20000
2171809.02857143 0.806790133928571 20000
2330845.58571429 0.797809017857143 20000
2501226.19285714 0.797809017857143 20000
2683759.69285714 0.797809017857143 20000
2879312.78571429 0.797809017857143 20000
0 3604308.23197351 210000
11449.1773469388 3604308.23197351 210000
23492.6026530612 3604308.23197351 210000
36163.2896938776 3604308.23197351 210000
49492.0513265306 11819476.978219 210000
63516.3031632653 11819476.978219 210000
78266.8580612245 9144646.95283187 210000
93787.7343877551 9144646.95283187 210000
110114.146836735 19111376.4633721 210000
127290.11377551 19111376.4633721 210000
145361.854489796 848251.523187045 210000
164371.186428571 848251.523187045 210000
184368.730714286 12278.5778759318 210000
205407.309387755 12278.5778759318 210000
227541.945408163 425.390191492772 210000
250825.460816326 425.390191492772 210000
275321.682244898 40.2285280610119 210000
301090.034489796 40.2285280610119 210000
328200.946938775 8.52864120790816 210000
356722.648061224 8.52864120790816 210000
386725.567244898 2.95027146322279 210000
418291.138469388 2.95027146322279 210000
451496.393877551 1.41649730548469 210000
486431.571122449 1.41649730548469 210000
523182.506020408 0.882990107993197 210000
561846.038979592 0.882990107993197 210000
602519.010408163 0.677644424319728 210000
645309.265306122 0.677644424319728 210000
690324.648673469 0.602620619472789 210000
737681.809183673 0.602620619472789 210000
787501.797346939 0.587842369685374 210000
839914.467346939 0.587842369685374 210000
895051.874285714 0.604734418154762 210000
953059.27877551 0.604734418154762 210000
1014081.94142857 0.636290085246599 210000
1078280.52928571 0.636290085246599 210000
1145817.91030612 0.667029578443877 210000
1216867.95704082 0.667029578443877 210000
1291613.34571429 0.684490197491497 210000
1370247.75714286 0.684490197491497 210000
1452973.67581633 0.685223836947279 210000
1540000.18897959 0.685223836947279 210000
1631553.99122449 0.677827834183673 210000
1727872.78173469 0.677827834183673 210000
1829198.66153061 0.677658180059524 210000
1935795.74081633 0.677658180059524 210000
2047939.13438775 0.696994164965986 210000
2165914.96163265 0.696994164965986 210000
2290026.94928571 0.738834540178571 210000
2420596.43142857 0.738834540178571 210000
2557957.94765306 0.797878760629252 210000
2702461.44397959 0.797878760629252 210000
2854485.47836735 0.874012195153061 210000
3014415.21153061 0.874012195153061 210000
3182664.41612245 1.04943455952381 210000
3359664.47214286 1.04943455952381 210000
3545873.17061224 1.04943455952381 210000
3741765.90989796 1.04943455952381 210000
0 3916982.65438562 220000
11942.1385714286 3916982.65438562 220000
24497.9414285714 3916982.65438562 220000
37702.1442857143 3916982.65438562 220000
51587.1671428571 10413436.2460237 220000
66187.7457142857 10413436.2460237 220000
81543.2471428571 6888793.41910524 220000
97688.4071428571 6888793.41910524 220000
114667.224285714 9288680.34444806 220000
132521.381428571 9288680.34444806 220000
151294.877142857 727746.232888208 220000
171036.341428571 727746.232888208 220000
191799.035714286 12428.1994305089 220000
213629.274285714 12428.1994305089 220000
236584.95 516.550030982143 220000
260726.271428571 516.550030982143 220000
286111.131428571 51.0542585684524 220000
312806.685714286 51.0542585684524 220000
340877.774285714 9.80028618452381 220000
370396.184285714 9.80028618452381 220000
401436.018571429 3.06933937797619 220000
434078.327142857 3.06933937797619 220000
468401.844285714 1.42243232440476 220000
504496.882857143 1.42243232440476 220000
542451.44 0.889301827380952 220000
582365.091428571 0.889301827380952 220000
624335.097142857 0.68910350297619 220000
668470.295714286 0.68910350297619 220000
714881.841428571 0.617224696428571 220000
763685.52 0.617224696428571 220000
815006.38 0.604565458333333 220000
868974.101428571 0.604565458333333 220000
925722.995714286 0.622719693452381 220000
985398.952857143 0.622719693452381 220000
1048152.49428571 0.654739267857143 220000
1114141.08857143 0.654739267857143 220000
1183533.78285714 0.685528619047619 220000
1256504.25571429 0.685528619047619 220000
1333237.76428571 0.704416163690476 220000
1413926.51285714 0.704416163690476 220000
1498776.6 0.709158553571429 220000
1588003.38714286 0.709158553571429 220000
1681829.18285714 0.704565720238095 220000
1780494.82142857 0.704565720238095 220000
1884248.08428571 0.699398782738095 220000
1993350.64714286 0.699398782738095 220000
2108078.08 0.700088672619048 220000
2228722.16285714 0.700088672619048 220000
2355588.57 0.702404386904762 220000
2488996.87 0.702404386904762 220000
2629282.84142857 0.692765226190476 220000
2776803.10428571 0.692765226190476 220000
2931930.48857143 0.659254910714286 220000
3095058.66571429 0.659254910714286 220000
3266595.20142857 0.586652443452381 220000
3446980.08142857 0.586652443452381 220000
3636664.87 0.586652443452381 220000
3836131.23571429 0.586652443452381 220000
0 4123484.21368936 230000
12475.1641836735 4123484.21368936 230000
25584.0342857143 4123484.21368936 230000
39358.5412244898 4123484.21368936 230000
53833.0721428571 6833208.58774001 230000
69044.4704081633 6833208.58774001 230000
85024.6669387755 11848588.4197431 230000
101820.33 11848588.4197431 230000
119465.846734694 13833335.7950099 230000
138010.341632653 13833335.7950099 230000
157495.570510204 3542147.96269941 230000
177970.657857143 3542147.96269941 230000
199484.728163265 33826.0290826112 230000
222091.818367347 33826.0290826112 230000
245848.421632653 822.53346713733 230000
270811.031122449 822.53346713733 230000
297041.05244898 55.6389907304422 230000
324602.34744898 55.6389907304422 230000
353563.690408163 9.32083463966837 230000
383998.768061224 9.32083463966837 230000
415976.354693877 3.01460107334184 230000
449579.961938775 3.01460107334184 230000
484890.645204082 1.47853968303571 230000
521994.372346939 1.47853968303571 230000
560982.023673469 0.947104811862245 230000
601949.391938775 0.947104811862245 230000
644999.638571428 0.731284553358843 230000
690235.925 0.731284553358843 230000
737768.781326531 0.645705598426871 230000
787716.10632653 0.645705598426871 230000
840200.71122449 0.622269123086735 230000
895350.319693877 0.622269123086735 230000
953300.024081632 0.630502592261905 230000
1014194.74163265 0.630502592261905 230000
1078181.84581633 0.656369706420068 230000
1145420.99122449 0.656369706420068 230000
1216071.83244898 0.691509068027211 230000
1290313.67387755 0.691509068027211 230000
1368325.81989796 0.725885976615646 230000
1450299.85602041 0.725885976615646 230000
1536437.19265306 0.74636474829932 230000
1626949.06510204 0.74636474829932 230000
1722058.98979592 0.742404086309524 230000
1822000.30806122 0.742404086309524 230000
1927016.18612245 0.712177173681973 230000
2037366.98377551 0.712177173681973 230000
2153322.88571429 0.662888935586735 230000
2275168.81397959 0.662888935586735 230000
2403201.97173469 0.608130480867347 230000
2537739.21193878 0.608130480867347 230000
2679107.21244898 0.562357714073129 230000
2827657.21336735 0.562357714073129 230000
2983752.73591837 0.533021182823129 230000
3147776.95112245 0.533021182823129 230000
3320130.22357143 0.515397772108844 230000
3501239.93632653 0.515397772108844 230000
3691545.75357143 0.515397772108844 230000
3891519.27040816 0.515397772108844 230000
0 5288920.31737366 240000
13143.8959183673 5288920.31737366 240000
26940.3444897959 5288920.31737366 240000
41421.1775510204 5288920.31737366 240000
56618.2269387755 10503464.9028373 240000
72571.2824489796 10503464.9028373 240000
89312.1759183673 8140537.90687617 240000
106880.697142857 8140537.90687617 240000
125324.593877551 7917379.04261324 240000
144678.350612245 7917379.04261324 240000
164992.367755102 671383.661614593 240000
186314.393061224 671383.661614593 240000
208692.174285714 13798.6798450247 240000
232178.764489796 13798.6798450247 240000
256829.869387755 638.435001362245 240000
282701.194693877 638.435001362245 240000
309856.404081633 61.7381347176871 240000
338353.855918367 61.7381347176871 240000
368267.824489796 11.1811260756803 240000
399661.973469388 11.1811260756803 240000
432610.577142857 3.37867315136054 240000
467193.215102041 3.37867315136054 240000
503489.466938775 1.54043431717687 240000
541586.870204081 1.54043431717687 240000
581567.657142857 0.956883801870748 240000
623532.628571428 0.956883801870748 240000
667577.28 0.739659147959183 240000
713802.412244898 0.739659147959183 240000
762319.436734694 0.660869825680272 240000
813239.764897959 0.660869825680272 240000
866685.41877551 0.642350991496598 240000
922778.420408163 0.642350991496598 240000
981651.402448979 0.649419206632653 240000
1043442.30285714 0.649419206632653 240000
1108294.36489796 0.663428530612245 240000
1176358.78979592 0.663428530612245 240000
1247797.38938775 0.673978352891156 240000
1322777.28081633 0.673978352891156 240000
1401470.88653061 0.678620495748299 240000
1484063.8922449 0.678620495748299 240000
1570752.59428571 0.681566045918367 240000
1661733.28897959 0.681566045918367 240000
1757226.14653061 0.686633718537415 240000
1857448.6844898 0.686633718537415 240000
1962636.98897959 0.691916919217687 240000
2073040.40938775 0.691916919217687 240000
2188913.60040816 0.697470911564626 240000
2310527.13265306 0.697470911564626 240000
2438170.14530612 0.719178455782313 240000
2572137.08285714 0.719178455782313 240000
2712740.95836735 0.781598698129252 240000
2860316.00612245 0.781598698129252 240000
3015201.76571428 0.867030705782313 240000
3177761.65061224 0.867030705782313 240000
3348377.64285714 0.847915024659864 240000
3527450.29306122 0.847915024659864 240000
3715396.0677551 0.847915024659864 240000
3912655.30734694 0.847915024659864 240000
0 2096788.99045289 250000
13443.2224489796 2096788.99045289 250000
27555.2351020408 2096788.99045289 250000
42371.0955102041 2096788.99045289 250000
57925.8612244898 12842327.488757 250000
74254.5897959183 12842327.488757 250000
91397.7322448979 14812334.1960476 250000
109395.739591837 14812334.1960476 250000
128291.759591837 14739900.2271827 250000
148128.94 14739900.2271827 250000
168955.822040816 711488.399183801 250000
190820.946938775 711488.399183801 250000
213775.552653061 12774.429312199 250000
237873.573877551 12774.429312199 250000
263171.642040816 528.592102379252 250000
289734.47877551 528.592102379252 250000
317618.715510204 48.3057883146258 250000
346891.770612245 48.3057883146258 250000
377626.455918367 9.13384040816326 250000
409892.886530612 9.13384040816326 250000
443766.571020408 3.09678966751701 250000
479328.411428571 3.09678966751701 250000
516664.703265306 1.57323569302721 250000
555861.742040816 1.57323569302721 250000
597011.216734694 1.02801211989796 250000
640212.906530612 1.02801211989796 250000
685569.287346939 0.789480318027211 250000
733185.531836735 0.789480318027211 250000
783174.902857143 0.681487329931973 250000
835656.056734694 0.681487329931973 250000
890753.043265306 0.64036212585034 250000
948595.305714285 0.64036212585034 250000
1009323.07428571 0.636109150510204 250000
1073076.57918367 0.636109150510204 250000
1140009.53428571 0.653458143707483 250000
1210275.65346939 0.653458143707483 250000
1284047.5277551 0.683391898809524 250000
1361495.05142857 0.683391898809524 250000
1442804.29918367 0.718797778061224 250000
1528166.73918367 0.718797778061224 250000
1617781.92979592 0.752220433673469 250000
1711865.60979592 0.752220433673469 250000
1810638.91142857 0.774440403911565 250000
1914336.45061224 0.774440403911565 250000
2023203.63020408 0.776462954931973 250000
2137496.64 0.776462954931973 250000
2257485.15346939 0.758282468537415 250000
2383457.72122449 0.758282468537415 250000
2515708.28734694 0.735365841836735 250000
2654549.67306122 0.735365841836735 250000
2800313.57673469 0.726146380102041 250000
2953342.48367347 0.726146380102041 250000
3114000.45306122 0.736079352891156 250000
3282665.0277551 0.736079352891156 250000
3459738.02122449 0.749489989795918 250000
3645637.42734694 0.749489989795918 250000
3840805.51061224 0.749489989795918 250000
4045700.71591837 0.749489989795918 250000
0 5317817.11132331 260000
13758.7279591837 5317817.11132331 260000
28195.5269387755 5317817.11132331 260000
43349.3026530612 5317817.11132331 260000
59253.4028571428 13642706.9762462 260000
75943.9542857143 13642706.9762462 260000
93462.6416326531 9318183.87560804 260000
111845.591632653 9318183.87560804 260000
131140.046938776 6792025.72598715 260000
151390.47122449 6792025.72598715 260000
172644.107142857 1911462.23897171 260000
194948.197346939 1911462.23897171 260000
218355.54244898 28521.4322335714 260000
242924.501020408 28521.4322335714 260000
268707.873673469 989.432670248725 260000
295766.797959184 989.432670248725 260000
324167.969387755 77.1340059795918 260000
353972.525510204 77.1340059795918 260000
385255.49877551 12.8356956772959 260000
418086.363673469 12.8356956772959 260000
452540.152653061 3.84303929846939 260000
488703.014081633 3.84303929846939 260000
526652.759387755 1.72415999234694 260000
566483.873877551 1.72415999234694 260000
608285.284897959 1.0312387997449 260000
652157.035714286 1.0312387997449 260000
698199.169591837 0.76595625 260000
746522.845714286 0.76595625 260000
797236.444285714 0.666277725765306 260000
850462.240408163 0.666277725765306 260000
906322.509183673 0.640971642857143 260000
964950.641632653 0.640971642857143 260000
1026477.24979592 0.650790704081633 260000
1091052.39857143 0.650790704081633 260000
1158823.37387755 0.675147302295918 260000
1229951.35653061 0.675147302295918 260000
1304597.52734694 0.701298658163265 260000
1382939.74102041 0.701298658163265 260000
1465161.41020408 0.720913622448979 260000
1551454.2844898 0.720913622448979 260000
1642018.45040816 0.72885687244898 260000
1737065.11040816 0.72885687244898 260000
1836819.36183673 0.723628917091837 260000
1941509.08102041 0.723628917091837 260000
2051384.37612245 0.708622427295918 260000
2166695.35530612 0.708622427295918 260000
2287719.91653061 0.690449058673469 260000
2414733.17877551 0.690449058673469 260000
2548032.49285714 0.674944668367347 260000
2687934.66244898 0.674944668367347 260000
2834759.27020408 0.663985067602041 260000
2988856.46755102 0.663985067602041 260000
3150579.18489796 0.65475075 260000
3320308.14244898 0.65475075 260000
3498443.51326531 0.638638457908163 260000
3685393.80734694 0.638638457908163 260000
3881600.88244898 0.638638457908163 260000
4087520.49122449 0.638638457908163 260000
0 4656884.81442424 270000
13784.0784693878 4656884.81442424 270000
28258.8683673469 4656884.81442424 270000
43462.7425510204 4656884.81442424 270000
59431.3329591837 9104582.10063557 270000
76203.0124489796 9104582.10063557 270000
93818.8947959184 11955878.1822052 270000
112320.09377551 11955878.1822052 270000
131750.464081633 8019121.68391468 270000
152156.601326531 8019121.68391468 270000
173593.323877551 2709595.60911031 270000
196104.486428571 2709595.60911031 270000
219747.648265306 31302.9483690461 270000
244583.109591837 31302.9483690461 270000
270662.947857143 1071.10860216263 270000
298058.426938775 1071.10860216263 270000
326829.847040816 92.1429659704507 270000
357045.731122449 92.1429659704507 270000
388782.824897959 15.2951239243197 270000
422117.874081633 15.2951239243197 270000
457127.624387755 4.27069914136905 270000
493897.044285714 4.27069914136905 270000
532516.584081633 1.81826243218537 270000
573076.694081633 1.81826243218537 270000
615678.788265306 1.05696093516156 270000
660421.539693877 1.05696093516156 270000
707414.585102041 0.774121000637755 270000
756770.302142857 0.774121000637755 270000
808606.550306123 0.670514286352041 270000
863052.152755102 0.670514286352041 270000
920233.191734694 0.645269286139456 270000
980292.195 0.645269286139456 270000
1043368.94938776 0.654457072916667 270000
1109619.6872449 0.654457072916667 270000
1179200.64091837 0.675373706207483 270000
1252281.74734694 0.675373706207483 270000
1329035.68438775 0.695633661139456 270000
1409651.57540816 0.695633661139456 270000
1494321.28469388 0.70799634502551 270000
1583244.89928571 0.70799634502551 270000
1676644.43357143 0.709258309523809 270000
1774739.16102041 0.709258309523809 270000
1877767.54153061 0.701201151573129 270000
1985973.51683673 0.701201151573129 270000
2099622.95602041 0.689849181335034 270000
2218989.95091837 0.689849181335034 270000
2344356.81612245 0.68399046832483 270000
2476027.79357143 0.68399046832483 270000
2614318.08887755 0.692875612032313 270000
2759564.835 0.692875612032313 270000
2912116.12857143 0.722637417304422 270000
3072336.51173469 0.722637417304422 270000
3240615.19489796 0.780493635841837 270000
3417357.83397959 0.780493635841837 270000
3602983.78948979 0.934961516581633 270000
3797948.05387755 0.934961516581633 270000
4002713.84234694 0.934961516581633 270000
4217777.26112245 0.934961516581633 270000
0 5144838.16681734 280000
14733.3067346939 5144838.16681734 280000
30165.5369387755 5144838.16681734 280000
46330.8602040816 5144838.16681734 280000
63263.446122449 8633578.81526112 280000
80997.4642857143 8633578.81526112 280000
99573.2969387755 15264280.8486748 280000
119031.326326531 15264280.8486748 280000
139408.828367347 6528325.89031292 280000
160755.504285714 6528325.89031292 280000
183114.842653061 1444666.62147872 280000
206536.544693878 1444666.62147872 280000
231064.098979592 22172.7745638754 280000
256759.632040816 22172.7745638754 280000
283672.845102041 895.282529966411 280000
311859.652040816 895.282529966411 280000
341388.392040816 83.7218420833333 280000
372314.978979592 83.7218420833333 280000
404707.752040816 15.1409409051871 280000
438638.156734694 15.1409409051871 280000
474177.638571429 4.44297236522109 280000
511400.749387755 4.44297236522109 280000
550391.36 1.88552726105442 280000
591233.34122449 1.88552726105442 280000
634010.563877551 1.07550084608844 280000
678816.217755102 1.07550084608844 280000
725746.598979592 0.774517219812925 280000
774904.21632653 0.774517219812925 280000
826394.684897959 0.661356332908163 280000
880326.726122449 0.661356332908163 280000
936815.274081632 0.629192910289116 280000
995984.581836735 0.629192910289116 280000
1057962.00877551 0.635379677295918 280000
1122874.91428571 0.635379677295918 280000
1190869.29571429 0.661239845663265 280000
1262088.04408163 0.661239845663265 280000
1336686.47571429 0.696056588860544 280000
1414823.01326531 0.696056588860544 280000
1496665.39836735 0.730737430272109 280000
1582387.58530612 0.730737430272109 280000
1672179.06 0.757070019132653 280000
1766226.20204082 0.757070019132653 280000
1864737.13530612 0.771190861819728 280000
1967919.98367347 0.771190861819728 280000
2075995.29632653 0.777532945153061 280000
2189196.0477551 0.777532945153061 280000
2307770.74408163 0.786897225340136 280000
2431964.78510204 0.786897225340136 280000
2562051.52755102 0.811831967261905 280000
2698310.54081633 0.811831967261905 280000
2841030.71326531 0.861300217261905 280000
2990519.57122449 0.861300217261905 280000
3147100.17265306 0.917783588010204 280000
3311108.00081633 0.917783588010204 280000
3482894.07061224 0.88070181505102 280000
3662828.03489796 0.88070181505102 280000
3851298.1844898 0.88070181505102 280000
4048708.34183673 0.88070181505102 280000
0 6835528.58465977 290000
15190.2875510204 6835528.58465977 290000
31096.0946938776 6835528.58465977 290000
47752.8751020408 6835528.58465977 290000
65192.8593877551 12148354.3923184 290000
83454.7242857143 12148354.3923184 290000
102580.369591837 14936860.0232283 290000
122605.248979592 14936860.0232283 290000
143574.485306122 15531826.6729285 290000
165529.978367347 15531826.6729285 290000
188523.297142857 2999456.39593286 290000
212596.341428571 2999456.39593286 290000
237807.126326531 51003.7146154294 290000
264203.997755102 51003.7146154294 290000
291848.193877551 1668.98851414711 290000
320791.283673469 1668.98851414711 290000
351100.951428571 122.273260244048 290000
382838.435306122 122.273260244048 290000
416074.642653061 18.4740833354592 290000
450874.034693877 18.4740833354592 290000
487313.964897959 4.93675616284014 290000
525471.786734694 4.93675616284014 290000
565424.853673469 2.01010242091837 290000
607266.634489796 2.01010242091837 290000
651074.482653061 1.11470243920068 290000
696951.536122449 1.11470243920068 290000
744988.040612245 0.783492610119048 290000
795290.357142857 0.783492610119048 290000
847961.623673469 0.658793714285714 290000
903117.870408163 0.658793714285714 290000
960871.904489796 0.624306959183674 290000
1021349.42530612 0.624306959183674 290000
1084676.1322449 0.633237524659864 290000
1150987.39387755 0.633237524659864 290000
1220421.80183673 0.662204787414966 290000
1293130.84 0.662204787414966 290000
1369265.9922449 0.696651254251701 290000
1448991.63469388 0.696651254251701 290000
1532472.14346939 0.727579212585034 290000
1619888.01 0.727579212585034 290000
1711422.94877551 0.752980963860544 290000
1807273.56653061 0.752980963860544 290000
1907639.69306122 0.777838823554422 290000
2012737.27346939 0.777838823554422 290000
2122788.69897959 0.808525052295918 290000
2238026.03 0.808525052295918 290000
2358694.21918367 0.845314953231293 290000
2485047.88836735 0.845314953231293 290000
2617360.9977551 0.881440097789115 290000
2755907.50755102 0.881440097789115 290000
2900983.93938776 0.911528717261905 290000
3052896.48408163 0.911528717261905 290000
3211970.67081633 0.934875767006803 290000
3378541.69795918 0.934875767006803 290000
3552960.87918367 0.942584255102041 290000
3735602.08959184 0.942584255102041 290000
3926852.09653061 0.942584255102041 290000
4127113.78265306 0.942584255102041 290000
0 5584763.02863214 300000
15415.3910204082 5584763.02863214 300000
31560.6774489796 5584763.02863214 300000
48474.7870408163 5584763.02863214 300000
66190.1595918367 11011746.7549121 300000
84752.2108163265 11011746.7549121 300000
104190.136530612 9726563.85167632 300000
124555.840408163 9726563.85167632 300000
145888.250204082 6336678.06496091 300000
168236.025612245 6336678.06496091 300000
191641.338367347 1454797.24604231 300000
216162.580102041 1454797.24604231 300000
241848.410510204 26188.3102832761 300000
268753.977244898 26188.3102832761 300000
296937.671938775 1169.66736681888 300000
326461.130204082 1169.66736681888 300000
357385.987653061 106.978377539541 300000
389783.611836735 106.978377539541 300000
423718.882346939 17.4583074432398 300000
459266.410714286 17.4583074432398 300000
496500.808469388 4.70348655994898 300000
535506.419081633 4.70348655994898 300000
576367.586020408 1.92512617219388 300000
619168.652755102 1.92512617219388 300000
664000.450714286 1.09393750127551 300000
710966.787244898 1.09393750127551 300000
760161.737755102 0.801127793367347 300000
811695.59755102 0.801127793367347 300000
865678.661938775 0.70217965752551 300000
922224.470204081 0.70217965752551 300000
981459.53755102 0.681005932397959 300000
1043510.37918367 0.681005932397959 300000
1108506.75428571 0.687777739795918 300000
1176591.39795918 0.687777739795918 300000
1247913.53326531 0.700098103954082 300000
1322622.38326531 0.700098103954082 300000
1400883.39091837 0.710607246173469 300000
1482861.99918367 0.710607246173469 300000
1568733.38295918 0.718460380102041 300000
1658688.93704082 0.718460380102041 300000
1752916.8122449 0.722684311862245 300000
1851621.37928571 0.722684311862245 300000
1955016.74081633 0.721670568239796 300000
2063323.48744898 0.721670568239796 300000
2176778.42969388 0.716568058673469 300000
2295624.86602041 0.716568058673469 300000
2420115.82683673 0.711519615433673 300000
2550523.80642857 0.711519615433673 300000
2687131.03102041 0.711242525510204 300000
2830226.21479592 0.711242525510204 300000
2980120.77979592 0.71973093877551 300000
3137135.88 0.71973093877551 300000
3301615.3772449 0.735835945790816 300000
3473906.37734694 0.735835945790816 300000
3654385.18193878 0.743966169642857 300000
3843441.06857143 0.743966169642857 300000
4041479.53469388 0.743966169642857 300000
4248928.78561224 0.743966169642857 300000
0 1945404.36271777 30000
4446.80285714286 1945404.36271777 30000
9204.86918367347 1945404.36271777 30000
14294.5679591837 1945404.36271777 30000
19740.0873469388 2388138.95623242 30000
25566.2520408163 2388138.95623242 30000
31799.1597959184 841265.371181023 30000
38468.0910204082 841265.371181023 30000
45602.326122449 5036.86261978869 30000
53234.9646938775 5036.86261978869 30000
61401.0159183673 116.118811826105 30000
70137.3985714286 116.118811826105 30000
79484.8506122449 10.8440044676871 30000
89484.7465306122 10.8440044676871 30000
100182.916530612 3.03323943494898 30000
111629.01 3.03323943494898 30000
123874.585918367 1.46304174234694 30000
136975.658979592 1.46304174234694 30000
150992.063061224 0.952427494047619 30000
165988.087755102 0.952427494047619 30000
182031.205306122 0.766927886479592 30000
199195.253265306 0.766927886479592 30000
217558.524897959 0.691818600340136 30000
237204.405714286 0.691818600340136 30000
258223.283061224 0.658957707482993 30000
280710 0.658957707482993 30000
304768.311020408 0.630503463010204 30000
330507.062857143 0.630503463010204 30000
358044.013673469 0.590067855867347 30000
387504.56 0.590067855867347 30000
419023.646326531 0.543276225340136 30000
452744.492040816 0.543276225340136 30000
488821.13755102 0.501530426020408 30000
527418.444285714 0.501530426020408 30000
568712.094693878 0.473077507653061 30000
612890.501836735 0.473077507653061 30000
660155.445918367 0.460833576105442 30000
710722.074285714 0.460833576105442 30000
764822.084081633 0.468266397108843 30000
822701.176122449 0.468266397108843 30000
884624.147142857 0.503036881802721 30000
950872.980204082 0.503036881802721 30000
1021750.02734694 0.567502845663265 30000
1097578.64612245 0.567502845663265 30000
1178705.10918367 0.646731015306122 30000
1265499.24081633 0.646731015306122 30000
1358356.96306122 0.720675980867347 30000
1457701.56877551 0.720675980867347 30000
1563986.90428571 0.78030431207483 30000
1677698.00591837 0.78030431207483 30000
1799353.00959184 0.802712841836735 30000
1929506.97 0.802712841836735 30000
2068753.77020408 0.746756496598639 30000
2217728.6677551 0.746756496598639 30000
2377110.84081633 0.582242507653061 30000
2547628.48040816 0.582242507653061 30000
2730058.79040816 0.582242507653061 30000
2925234.35285714 0.582242507653061 30000
0 1525265.93356109 40000
4764.09857142857 1525265.93356109 40000
9858.36857142857 1525265.93356109 40000
15305.5092857143 1525265.93356109 40000
21130.2835714286 4399618.21414357 40000
27357.4542857143 4399618.21414357 40000
34016.5992857143 898381.354627379 40000
41137.2964285714 898381.354627379 40000
48750.4992857143 2899.82892783482 40000
56891.2885714286 2899.82892783482 40000
65596.1207142857 113.17377628125 40000
74903.5157142857 113.17377628125 40000
84856.1207142857 19.1333167767857 40000
95497.9585714286 19.1333167767857 40000
106876.491428571 5.62100090625 40000
119043.308571429 5.62100090625 40000
132052.750714286 2.24176798660714 40000
145963.285714286 2.24176798660714 40000
160836.820714286 1.21143107142857 40000
176741.453571429 1.21143107142857 40000
193747.345714286 0.864007325892857 40000
211930.849285714 0.864007325892857 40000
231373.819285714 0.718839375 40000
252163.613571429 0.718839375 40000
274393.092857143 0.628032200892857 40000
298162.684285714 0.628032200892857 40000
323578.317857143 0.568852125 40000
350754.177857143 0.568852125 40000
379812.702857143 0.535714607142857 40000
410883.897857143 0.535714607142857 40000
444106.71 0.51661940625 40000
479630.404285714 0.51661940625 40000
517615.251428571 0.504467263392857 40000
558230.464285714 0.504467263392857 40000
601659.700714286 0.499344160714286 40000
648096.248571428 0.499344160714286 40000
697748.528571428 0.505180915178571 40000
750840.782142857 0.505180915178571 40000
807610.32 0.525934138392857 40000
868310.961428571 0.525934138392857 40000
933216.473571428 0.564373888392857 40000
1002617.82 0.564373888392857 40000
1076825.91214286 0.620196361607143 40000
1156173.67285714 0.620196361607143 40000
1241016.72428571 0.677057785714286 40000
1331736.82714286 0.677057785714286 40000
1428740.505 0.711728651785714 40000
1532462.48357143 0.711728651785714 40000
1643368.44214286 0.734359151785714 40000
1761956.38928571 0.734359151785714 40000
1888758.03857143 0.801654508928571 40000
2024342.24785714 0.801654508928571 40000
2169317.08285714 0.999636991071429 40000
2324333.25642857 0.999636991071429 40000
2490086.19214286 1.428971625 40000
2667319.46357143 1.428971625 40000
2856828.23357143 1.428971625 40000
3059463.38142857 1.428971625 40000
0 1759795.89165079 50000
5256.86612244898 1759795.89165079 50000
10866.7526530612 1759795.89165079 50000
16851.6253061224 1759795.89165079 50000
23238.1567346939 3154467.53898366 50000
30052.2351020408 3154467.53898366 50000
37322.8865306122 2237352.11987232 50000
45081.4906122449 2237352.11987232 50000
53359.4269387755 33222.2612033827 50000
62191.9975510204 33222.2612033827 50000
71616.8579591837 667.775229654762 50000
81673.2326530612 667.775229654762 50000
92402.6995918367 56.0197037482993 50000
103852.328163265 56.0197037482993 50000
116068.403265306 10.0955321751701 50000
129103.485714286 10.0955321751701 50000
143012.489795918 3.05360528401361 50000
157852.683265306 3.05360528401361 50000
173687.609795918 1.41170409693878 50000
190583.951020408 1.41170409693878 50000
208613.095510204 0.904655654761905 50000
227849.569795918 0.904655654761905 50000
248374.960816327 0.728996948979592 50000
270276.346938776 0.728996948979592 50000
293645.513469388 0.659152841836735 50000
318579.737142857 0.659152841836735 50000
345185.708571429 0.611833397959184 50000
373574.825306122 0.611833397959184 50000
403865.545306122 0.569431724489796 50000
436186.524897959 0.569431724489796 50000
470673.480816326 0.537728530612245 50000
507471.543673469 0.537728530612245 50000
546735.257959184 0.52037005952381 50000
588630.151020408 0.52037005952381 50000
633332.733061224 0.517544261904762 50000
681030.497142857 0.517544261904762 50000
731925.057142857 0.528210054421769 50000
786230.57877551 0.528210054421769 50000
844174.564081633 0.547773268707483 50000
906000.989387755 0.547773268707483 50000
971971.874285714 0.569224161564626 50000
1042362.57469388 0.569224161564626 50000
1117470.4122449 0.587012467687075 50000
1197611.53632653 0.587012467687075 50000
1283123.27755102 0.601788659863945 50000
1374365.71673469 0.601788659863945 50000
1471721.68489796 0.621271790816326 50000
1575602.25469388 0.621271790816326 50000
1686444.38693878 0.653475096938775 50000
1804713.28408163 0.653475096938775 50000
1930908.66612245 0.7039325 50000
2065560.06367347 0.7039325 50000
2209234.66285714 0.788701525510204 50000
2362537.30530612 0.788701525510204 50000
2526113.62612245 0.944192306122449 50000
2700650.83836735 0.944192306122449 50000
2886884.79346939 0.944192306122449 50000
3085598.4122449 0.944192306122449 50000
0 2637024.67136398 60000
5533.15714285714 2637024.67136398 60000
11434.6371428571 2637024.67136398 60000
17728.5514285714 2637024.67136398 60000
24442.3371428571 2930526.80765029 60000
31601.7685714286 2930526.80765029 60000
39238.44 1454060.25377343 60000
47383.1142857143 1454060.25377343 60000
56069.0485714286 8024.11666478571 60000
65333.6571428571 8024.11666478571 60000
75215.1857142857 261.934876696429 60000
85754.3742857143 261.934876696429 60000
96994.4571428571 35.1889983214286 60000
108982.825714286 35.1889983214286 60000
121768.534285714 8.75714441071429 60000
135405.625714286 8.75714441071429 60000
149949.805714286 3.12632732142857 60000
165462.6 3.12632732142857 60000
182007.197142857 1.53565896428571 60000
199653.437142857 1.53565896428571 60000
218473.654285714 0.998630589285714 60000
238546.834285714 0.998630589285714 60000
259955.288571429 0.786178071428571 60000
282788.811428571 0.786178071428571 60000
307142.185714286 0.677950321428571 60000
333115.182857143 0.677950321428571 60000
360817.551428571 0.610564767857143 60000
390364.028571429 0.610564767857143 60000
421876.002857143 0.567642267857143 60000
455485.671428571 0.567642267857143 60000
491331.882857143 0.542810267857143 60000
529563.462857143 0.542810267857143 60000
570339.214285714 0.533813517857143 60000
613828.748571429 0.533813517857143 60000
660213.317142857 0.539084428571429 60000
709684.148571429 0.539084428571429 60000
762447.437142857 0.553059357142857 60000
818721.848571429 0.553059357142857 60000
878741.845714286 0.568368035714286 60000
942756.025714286 0.568368035714286 60000
1011029.61428571 0.584438857142857 60000
1083847.79142857 0.584438857142857 60000
1161512.36571429 0.609733339285714 60000
1244345.1 0.609733339285714 60000
1332690.20571429 0.647767732142857 60000
1426915.17428571 0.647767732142857 60000
1527409.94571429 0.682325714285714 60000
1634593.56 0.682325714285714 60000
1748910.83142857 0.684821732142857 60000
1870834.84285714 0.684821732142857 60000
2000873.59714286 0.641828214285714 60000
2139566.69142857 0.641828214285714 60000
2287489.47428571 0.568574160714286 60000
2445257.20285714 0.568574160714286 60000
2613523.38 0.475698392857143 60000
2792988.9 0.475698392857143 60000
2984397.89142857 0.475698392857143 60000
3188544.36857143 0.475698392857143 60000
0 2529847.56393189 70000
5872.16428571428 2529847.56393189 70000
12127.12 2529847.56393189 70000
18791.8242857143 2529847.56393189 70000
25891.4371428571 3123353.70664154 70000
33454.7128571429 3123353.70664154 70000
41513.1014285714 2587469.09714661 70000
50097.1542857143 2587469.09714661 70000
59242.8142857143 1009466.87200922 70000
68985.1257142857 1009466.87200922 70000
79365.4228571428 6744.05026947619 70000
90423.2428571428 6744.05026947619 70000
102203.514285714 184.950532872024 70000
114753.861428571 184.950532872024 70000
128124.604285714 16.5529474583333 70000
142368.758571429 16.5529474583333 70000
157542.934285714 3.80900122916667 70000
173710.031428571 3.80900122916667 70000
190932.95 1.66497423214286 70000
209280.88 1.66497423214286 70000
228828.402857143 1.03496708333333 70000
249653.694285714 1.03496708333333 70000
271838.524285714 0.787813139880952 70000
295473.648571428 0.787813139880952 70000
320653.417142857 0.673889258928571 70000
347478.47 0.673889258928571 70000
376056.635714286 0.615439059523809 70000
406502.032857143 0.615439059523809 70000
438936.867142857 0.585350020833333 70000
473491.431428571 0.585350020833333 70000
510303.207142857 0.568265931547619 70000
549521.357142857 0.568265931547619 70000
591302.232857143 0.555637258928571 70000
635812.968571429 0.555637258928571 70000
683232.38 0.546045008928571 70000
733750.065714286 0.546045008928571 70000
787569.102857143 0.54144919047619 70000
844905.148571428 0.54144919047619 70000
905987.338571429 0.544506205357143 70000
971061.881428571 0.544506205357143 70000
1040387.56571429 0.558896452380952 70000
1114244.74571429 0.558896452380952 70000
1192927.25428571 0.586478851190476 70000
1276751.38857143 0.586478851190476 70000
1366053.21428571 0.622762416666667 70000
1461190.36285714 0.622762416666667 70000
1562544.72714286 0.663409669642857 70000
1670521.56285714 0.663409669642857 70000
1785554.88 0.722662967261905 70000
1908103.84857143 0.722662967261905 70000
2038661.78428571 0.839739336309524 70000
2177751.65571429 0.839739336309524 70000
2325929.67857143 1.05214477380952 70000
2483790.70714286 1.05214477380952 70000
2651967.33571429 1.30479685119048 70000
2831132.59428571 1.30479685119048 70000
3022007.13714286 1.30479685119048 70000
3225352.95285714 1.30479685119048 70000
0 1999835.31572431 80000
6264.81714285714 1999835.31572431 80000
12930.1204081633 1999835.31572431 80000
20022.347755102 1999835.31572431 80000
27567.9371428571 2455888.15951967 80000
35596.2640816327 2455888.15951967 80000
44138.6624489796 4986832.18193737 80000
53226.466122449 4986832.18193737 80000
62896.8840816326 1910015.13539565 80000
73185.1669387755 1910015.13539565 80000
84132.4404081633 8163.95877338265 80000
95779.8302040816 8163.95877338265 80000
108172.37877551 223.438798427721 80000
121358.066122449 223.438798427721 80000
135386.830612245 22.612521127551 80000
150313.506530612 22.612521127551 80000
166194.886530612 5.30905839880952 80000
183092.659183673 5.30905839880952 80000
201071.450612245 2.09789898044218 80000
220199.803673469 2.09789898044218 80000
240553.115510204 1.153019375 80000
262207.76244898 1.153019375 80000
285247.954285714 0.80498893792517 80000
309761.81755102 0.80498893792517 80000
335845.312244898 0.664037488095238 80000
363596.356734694 0.664037488095238 80000
393123.640408163 0.605004952380952 80000
424539.769387755 0.605004952380952 80000
457966.16244898 0.580311164115646 80000
493531.092653061 0.580311164115646 80000
531370.666530612 0.567300261054422 80000
571631.761632653 0.567300261054422 80000
614468.109795918 0.55694131377551 80000
660046.172244898 0.55694131377551 80000
708539.264489796 0.550191066326531 80000
760135.389795918 0.550191066326531 80000
815032.343265306 0.551417085884354 80000
873441.628571428 0.551417085884354 80000
935587.47877551 0.562657298469388 80000
1001709.79387755 0.562657298469388 80000
1072062.18244898 0.581016992346939 80000
1146915.87836735 0.581016992346939 80000
1226558.76163265 0.602663071428571 80000
1311297.31673469 0.602663071428571 80000
1401456.63265306 0.63049024744898 80000
1497384.31959184 0.63049024744898 80000
1599449.52979592 0.670051307823129 80000
1708044.91591837 0.670051307823129 80000
1823587.61020408 0.713755539115646 80000
1946523.14122449 0.713755539115646 80000
2077323.4755102 0.743524762755102 80000
2216491.91346939 0.743524762755102 80000
2364564.06857143 0.764418094387755 80000
2522110.80489796 0.764418094387755 80000
2689736.27877551 0.902731868197279 80000
2868085.7722449 0.902731868197279 80000
3057846.6722449 0.902731868197279 80000
3259748.47061224 0.902731868197279 80000
0 2889795.97591771 90000
6438.58285714286 2889795.97591771 90000
13288.5028571429 2889795.97591771 90000
20577.92 2889795.97591771 90000
28333.9885714286 4590213.675168 90000
36585.8742857143 4590213.675168 90000
45366.7657142857 3517157.90366914 90000
54708.8457142857 3517157.90366914 90000
64649.3257142857 924151.115123238 90000
75226.4228571429 924151.115123238 90000
86481.3714285714 10359.1411984762 90000
98455.4057142857 10359.1411984762 90000
111196.8 347.199365333333 90000
124753.828571429 347.199365333333 90000
139178.788571429 33.0165796190476 90000
154526.994285714 33.0165796190476 90000
170857.782857143 6.92889790476191 90000
188234.514285714 6.92889790476191 90000
206723.565714286 2.35262761904762 90000
226395.337142857 2.35262761904762 90000
247327.268571429 1.18186723809524 90000
269598.811428571 1.18186723809524 90000
293296.457142857 0.808998666666667 90000
318510.72 0.808998666666667 90000
345340.16 0.672366095238095 90000
373886.354285714 0.672366095238095 90000
404259.931428571 0.613867047619048 90000
436578.56 0.613867047619048 90000
470964.937142857 0.584963238095238 90000
507553.828571429 0.584963238095238 90000
546485.028571429 0.571656380952381 90000
587907.382857143 0.571656380952381 90000
631982.811428571 0.568371047619048 90000
678879.268571429 0.568371047619048 90000
728777.782857143 0.575605904761905 90000
781871.451428571 0.575605904761905 90000
838363.428571429 0.594695619047619 90000
898471.954285714 0.594695619047619 90000
962428.342857143 0.619069523809524 90000
1030478.99428571 0.619069523809524 90000
1102886.4 0.635703619047619 90000
1179929.14285714 0.635703619047619 90000
1261904.91428571 0.639584 90000
1349127.49714286 0.639584 90000
1441933.80571429 0.644002857142857 90000
1540681.87428571 0.644002857142857 90000
1645750.85714286 0.669307047619048 90000
1757547.06285714 0.669307047619048 90000
1876499.93142857 0.719777142857143 90000
2003067.06285714 0.719777142857143 90000
2137738.24 0.768047238095238 90000
2281029.39428571 0.768047238095238 90000
2433494.67428571 0.769809333333333 90000
2595720.41142857 0.769809333333333 90000
2768331.15428571 0.689888571428571 90000
2951991.68 0.689888571428571 90000
3147410.01142857 0.689888571428571 90000
3355338.42285714 0.689888571428571 90000
0 1458.34805802572 hpsmc
8434.03928571429 1458.34805802572 hpsmc
17495.9647959184 1458.34805802572 hpsmc
27234.4235714286 1458.34805802572 hpsmc
37698.0626530612 405.272512794855 hpsmc
48942.3170408163 405.272512794855 hpsmc
61024.8843877551 171.572383261692 hpsmc
74006.8563265306 171.572383261692 hpsmc
87958.3751020408 23.408866477466 hpsmc
102948.451632653 23.408866477466 hpsmc
119057.410102041 7.2537121747449 hpsmc
136365.574693878 7.2537121747449 hpsmc
154965.714183673 4.23799396534864 hpsmc
174951.728673469 4.23799396534864 hpsmc
196427.700204082 3.25980426530612 hpsmc
219504.49877551 3.25980426530612 hpsmc
244300.913673469 2.73140171067177 hpsmc
270947.04744898 2.73140171067177 hpsmc
299578.659285714 2.31294288244048 hpsmc
330346.215612245 2.31294288244048 hpsmc
363405.839489796 1.94861095790816 hpsmc
398930.623877551 1.94861095790816 hpsmc
437102.712346939 1.64627337032313 hpsmc
478121.218367347 1.64627337032313 hpsmc
522197.7 1.41039414562075 hpsmc
569560.685204082 1.41039414562075 hpsmc
620453.409183673 1.2384395837585 hpsmc
675139.471020408 1.2384395837585 hpsmc
733902.833673469 1.12497460352891 hpsmc
797047.823979592 1.12497460352891 hpsmc
864899.132653061 1.06299912202381 hpsmc
937808.602244898 1.06299912202381 hpsmc
1016152.9644898 1.04598915625 hpsmc
1100338.36561224 1.04598915625 hpsmc
1190799.235 1.0699968480017 hpsmc
1288003.94183673 1.0699968480017 hpsmc
1392454.79510204 1.13473229485544 hpsmc
1504691.43755102 1.13473229485544 hpsmc
1625296.50234694 1.24390530505952 hpsmc
1754891.0877551 1.24390530505952 hpsmc
1894147.20173469 1.4067479744898 hpsmc
2043784.36795918 1.4067479744898 hpsmc
2204576.41377551 1.64139452465986 hpsmc
2377354.86418367 1.64139452465986 hpsmc
2563013.46714286 1.97622475297619 hpsmc
2762512.71887755 1.97622475297619 hpsmc
2976884.38918367 2.44642527147109 hpsmc
3207236.04673469 2.44642527147109 hpsmc
3454760.10969388 3.08373921704932 hpsmc
3720737.23969388 3.08373921704932 hpsmc
4006540.86714286 3.89398349362245 hpsmc
4313650.76714286 3.89398349362245 hpsmc
4643655.32214286 4.83655054953231 hpsmc
4998260.57255102 4.83655054953231 hpsmc
5379300.39867347 6.00742165625 hpsmc
5788746.70265306 6.00742165625 hpsmc
6228715.06510204 6.00742165625 hpsmc
6701481.715 6.00742165625 hpsmc
