0 2176862.88884586 100000
6783.81479591837 2176862.88884586 100000
13999.9367346939 2176862.88884586 100000
21676.0505102041 2176862.88884586 100000
29841.9704081633 4980522.09862225 100000
38526.4459183673 4980522.09862225 100000
47765.6801020408 4261654.55628488 100000
57592.6816326531 4261654.55628488 100000
68046.8479591837 2514200.35277225 100000
79166.5117346939 2514200.35277225 100000
90994.2647959184 25269.5893935587 100000
103575.893367347 25269.5893935587 100000
116958.248469388 678.875440636692 100000
131194.569897959 678.875440636692 100000
146337.032653061 45.2095642952806 100000
162445.265306122 45.2095642952806 100000
179578.896428571 7.59017587159864 100000
197803.943367347 7.59017587159864 100000
217190.682653061 2.57927289965986 100000
237812.585204082 2.57927289965986 100000
259748.445918367 1.33184895301871 100000
283081.318877551 1.33184895301871 100000
307901.711734694 0.888507862457483 100000
334302.261734694 0.888507862457483 100000
362386.254081633 0.70206431547619 100000
392259.103571429 0.70206431547619 100000
424034.743367347 0.61729768707483 100000
457834.560204082 0.61729768707483 100000
493788.459183673 0.577449918154762 100000
532033.798979592 0.577449918154762 100000
572714.327040816 0.559297366071429 100000
615987.633163265 0.559297366071429 100000
662017.695918367 0.556852772108844 100000
710980.206632653 0.556852772108844 100000
763063.634183673 0.571038959396258 100000
818463.901020408 0.571038959396258 100000
877393.966326531 0.601753884991497 100000
940079.566836735 0.601753884991497 100000
1006758.15204082 0.641943275935374 100000
1077685.27295918 0.641943275935374 100000
1153131.3877551 0.680639734268707 100000
1233383.99132653 0.680639734268707 100000
1318750.80969388 0.715642681760204 100000
1409555.54081633 0.715642681760204 100000
1506145.30816327 0.755601366921769 100000
1608889.59591837 0.755601366921769 100000
1718180.24897959 0.801882277848639 100000
1834433.60255102 0.801882277848639 100000
1958094.74132653 0.836253002763605 100000
2089633.24030612 0.836253002763605 100000
2229552.74795918 0.833196151147959 100000
2378387.79183673 0.833196151147959 100000
2536704.84336735 0.786586928146259 100000
2705108.70663265 0.786586928146259 100000
2884241.45357143 0.701172548894558 100000
3074787.74795918 0.701172548894558 100000
3277474.84540816 0.701172548894558 100000
3493074.72295918 0.701172548894558 100000
0 1057632.80679211 10000
3825.44642857143 1057632.80679211 10000
7925.47193877551 1057632.80679211 10000
12319.8035714286 1057632.80679211 10000
17029.2346938775 232.208611378614 10000
22076.6913265306 232.208611378614 10000
27486.1658163265 31.087680341199 10000
33284.3163265306 31.087680341199 10000
39497.8010204082 24.8233041028912 10000
46157.5433673469 24.8233041028912 10000
53295 10.8836561171344 10000
60944.8265306122 10.8836561171344 10000
69143.2780612245 3.84266871279762 10000
77929.8086734694 3.84266871279762 10000
87347.0714285714 1.81470003720238 10000
97439.8520408163 1.81470003720238 10000
108256.668367347 1.14488036245748 10000
119849.770408163 1.14488036245748 10000
132275.140306122 0.870446789965986 10000
145591.426020408 0.870446789965986 10000
159863.673469388 0.734720083971088 10000
175159.594387755 0.734720083971088 10000
191553.298469388 0.650057089710884 10000
209123.160714286 0.650057089710884 10000
227953.954081633 0.594571455144558 10000
248135.783163265 0.594571455144558 10000
269765.150510204 0.561776360544218 10000
292947.089285714 0.561776360544218 10000
317792.49744898 0.542037101403061 10000
344420.270408163 0.542037101403061 10000
372958.367346939 0.525817830569728 10000
403544.344387755 0.525817830569728 10000
436325.354591837 0.507994626913265 10000
471458.147959184 0.507994626913265 10000
509111.737244898 0.488253146258503 10000
549466.864795918 0.488253146258503 10000
592717.602040816 0.468476121386054 10000
639071.882653061 0.468476121386054 10000
688752.568877551 0.45472606292517 10000
741997.451530612 0.45472606292517 10000
799062.448979592 0.456178932823129 10000
860222.673469388 0.456178932823129 10000
925770.831632653 0.479583689413265 10000
996022.556122449 0.479583689413265 10000
1071314.27295918 0.526446518920068 10000
1152009.06632653 0.526446518920068 10000
1238493.47959184 0.589068765943877 10000
1331183.38010204 0.589068765943877 10000
1430523.95918367 0.640906675170068 10000
1536992.93112245 0.640906675170068 10000
1651100.53316327 0.644001243622449 10000
1773395.92346939 0.644001243622449 10000
1904466.11479592 0.596387542517007 10000
2044941.30612245 0.596387542517007 10000
2195495.41581633 0.525942235331633 10000
2356852.47959184 0.525942235331633 10000
2529786.6505102 0.525942235331633 10000
2715129.66326531 0.525942235331633 10000
0 2448648.921173 110000
7140.42 2448648.921173 110000
14721.4781632653 2448648.921173 110000
22770.9312244898 2448648.921173 110000
31316.5359183673 4485348.81593187 110000
40390.6751020408 4485348.81593187 110000
50024.5751020408 5873843.3104442 110000
60254.0883673469 5873843.3104442 110000
71113.9108163265 4139215.30412309 110000
82644.5210204082 4139215.30412309 110000
94887.5540816327 133921.138617732 110000
107885.801632653 133921.138617732 110000
121686.681428571 1784.24006207781 110000
136339.924285714 1784.24006207781 110000
151898.730612245 88.143272320153 110000
168416.300816327 88.143272320153 110000
185955.08755102 11.5075446466837 110000
204576.386938775 11.5075446466837 110000
224346.12122449 3.12962243494898 110000
245338.308367347 3.12962243494898 110000
267625.809795918 1.44300806377551 110000
291288.426122449 1.44300806377551 110000
316412.897142857 0.912765281887755 110000
343088.275714286 0.912765281887755 110000
371410.553877551 0.687752613520408 110000
401481.506326531 0.687752613520408 110000
433408.690408163 0.584717783163265 110000
467307.759183673 0.584717783163265 110000
503298.991836735 0.545003003826531 110000
541513.076326531 0.545003003826531 110000
582085.326734694 0.539437200255102 110000
625163.778979592 0.539437200255102 110000
670901.095102041 0.551481984693878 110000
719462.658979592 0.551481984693878 110000
771021.950204082 0.572427235969388 110000
825764.013673469 0.572427235969388 110000
883886.616122449 0.600595984693878 110000
945597.933061225 0.600595984693878 110000
1011118.86183673 0.6400168125 110000
1080684.17816327 0.6400168125 110000
1154544.84918367 0.690039170918367 110000
1232965.72040816 0.690039170918367 110000
1316228.98530612 0.733209085459184 110000
1404631.8722449 0.733209085459184 110000
1498493.58367347 0.745436987244898 110000
1598149.51346939 0.745436987244898 110000
1703958.18612245 0.719598165816327 110000
1816300.10020408 0.719598165816327 110000
1935576.57183673 0.670129978316327 110000
2062218.98693878 0.670129978316327 110000
2196678.39244898 0.621218371173469 110000
2339440.53122449 0.621218371173469 110000
2491015.43326531 0.592049705357143 110000
2651948.98102041 0.592049705357143 110000
2822819.43979592 0.582705901785714 110000
3004237.4577551 0.582705901785714 110000
3196857.63122449 0.582705901785714 110000
3401369.25244898 0.582705901785714 110000
0 2477855.12210426 120000
7457.29163265306 2477855.12210426 120000
15368.3240816327 2477855.12210426 120000
23760.0765306122 2477855.12210426 120000
32661.9808163265 6495872.80548975 120000
42105.9214285714 6495872.80548975 120000
52123.7828571429 4575545.72182011 120000
62751.1285714286 4575545.72182011 120000
74024.7483673469 3035712.77479629 120000
85982.6583673469 3035712.77479629 120000
98669.0063265306 31048.7292649094 120000
112126.713673469 31048.7292649094 120000
126402.380816327 781.757706770408 120000
141546.287142857 781.757706770408 120000
157612.391020408 62.7739382448979 120000
174653.424489796 62.7739382448979 120000
192731.930204082 11.9042735433673 120000
211909.224489796 11.9042735433673 120000
232252.755306122 3.64935103188775 120000
253833.649591837 3.64935103188775 120000
276727.939591837 1.55944280357143 120000
301012.883877551 1.55944280357143 120000
326774.325306122 0.908700294642857 120000
354104.238367347 0.908700294642857 120000
383094.59755102 0.683720473214286 120000
413848.414285714 0.683720473214286 120000
446472.378979592 0.606214081632653 120000
481079.313673469 0.606214081632653 120000
517791.851020408 0.585632234693877 120000
556736.302653061 0.585632234693877 120000
598050.017142857 0.584492772959184 120000
641875.248367347 0.584492772959184 120000
688365.287142857 0.583197465561224 120000
737682.008571428 0.583197465561224 120000
789998.324693877 0.577295769132653 120000
845496.958163265 0.577295769132653 120000
904369.215918367 0.573913151785714 120000
966822.347142857 0.573913151785714 120000
1033072.18530612 0.580898103316326 120000
1103351.73244898 0.580898103316326 120000
1177905.02755102 0.599632795918367 120000
1256992.05183673 0.599632795918367 120000
1340887.50244898 0.624179765306122 120000
1429885.6977551 0.624179765306122 120000
1524295.67204082 0.646151448979592 120000
1624446.08081633 0.646151448979592 120000
1730687.65346939 0.663853983418367 120000
1843389.51428571 0.663853983418367 120000
1962945.31408163 0.684300423469388 120000
2089770.77755102 0.684300423469388 120000
2224308.60857143 0.718282442602041 120000
2367027.26387755 0.718282442602041 120000
2518425.85836735 0.794455204081633 120000
2679030.48612245 0.794455204081633 120000
2849401.57836735 1.06987281377551 120000
3030133.90346939 1.06987281377551 120000
3221855.34061224 1.06987281377551 120000
3425236.69040816 1.06987281377551 120000
0 2437021.81200338 130000
7864.18285714286 2437021.81200338 130000
16201.0546938776 2437021.81200338 130000
25038.1126530612 2437021.81200338 130000
34405.4726530612 5640936.81821639 130000
44337.1787755102 5640936.81821639 130000
54863.3469387755 11544623.3310688 130000
66023.2587755102 11544623.3310688 130000
77852.267755102 4240419.77585703 130000
90393.5836734694 4240419.77585703 130000
103686.488163265 253092.713954558 130000
117778.119183673 253092.713954558 130000
132715.614693878 3538.65795758503 130000
148551.350204082 3538.65795758503 130000
165337.70122449 151.169342809524 130000
183132.280816327 151.169342809524 130000
201995.320816327 17.3102152380952 130000
221990.98122449 17.3102152380952 130000
243188.659591837 4.06912976870748 130000
265659.062857143 4.06912976870748 130000
289478.135510204 1.62107932653061 130000
314728.368979592 1.62107932653061 130000
341496.182857143 0.951292027210884 130000
369870.615510204 0.951292027210884 130000
399948.561632653 0.720026870748299 130000
431834.772244898 0.720026870748299 130000
465635.307755102 0.630382911564626 130000
501465.394285714 0.630382911564626 130000
539448.114285714 0.596622530612245 130000
579711.787755102 0.596622530612245 130000
622393.900408163 0.591837809523809 130000
667638.484897959 0.591837809523809 130000
715601.358367347 0.603529551020408 130000
766444.884897959 0.603529551020408 130000
820341.903673469 0.620682530612245 130000
877477.038367347 0.620682530612245 130000
938042.768979592 0.634499299319728 130000
1002245.97877551 0.634499299319728 130000
1070305.3355102 0.641087156462585 130000
1142452.60081633 0.641087156462585 130000
1218932.63020408 0.641209911564626 130000
1300007.30122449 0.641209911564626 130000
1385950.27591837 0.639073972789116 130000
1477054.85714286 0.639073972789116 130000
1573631.36979592 0.638951217687075 130000
1676008.47020408 0.638951217687075 130000
1784534.4555102 0.638825734693877 130000
1899578.57306122 0.638825734693877 130000
2021532.32979592 0.629103530612245 130000
2150810.80163265 0.629103530612245 130000
2287852.63346939 0.600989884353741 130000
2433126.58612245 0.600989884353741 130000
2587124.98938775 0.55556231292517 130000
2750374.21714286 0.55556231292517 130000
2923426.83102041 0.491716020408163 130000
3106872.0555102 0.491716020408163 130000
3301337.08734694 0.491716020408163 130000
3507480.54857143 0.491716020408163 130000
0 3822010.72224984 140000
8371.54540816326 3822010.72224984 140000
17231.0602040816 3822010.72224984 140000
26607.2484693878 3822010.72224984 140000
36530.2494897959 7580133.98242071 140000
47031.637755102 7580133.98242071 140000
58145.8581632653 5359752.24367474 140000
69908.7908163265 5359752.24367474 140000
82357.7510204081 4699226.24756246 140000
95532.9244897959 4699226.24756246 140000
109475.932142857 750372.607101373 140000
124232.700510204 750372.607101373 140000
139850.591326531 8524.50963559418 140000
156378.401530612 8524.50963559418 140000
173870.668877551 280.745197942177 140000
192383.366326531 280.745197942177 140000
211976.77244898 23.6446433939201 140000
232711.165816327 23.6446433939201 140000
254655.43622449 4.59624705144558 140000
277881.343877551 4.59624705144558 140000
302460.648979592 1.69528698129252 140000
328472.287755102 1.69528698129252 140000
356003.807653061 0.965037204506803 140000
385138.450510204 0.965037204506803 140000
415973.810204082 0.723354817176871 140000
448608.915816326 0.723354817176871 140000
483145.666836735 0.635517337372449 140000
519697.444387755 0.635517337372449 140000
558381.935204082 0.604965430484694 140000
599322.566836735 0.604965430484694 140000
642649.942857143 0.594374820365646 140000
688506.148469388 0.594374820365646 140000
737036.139285714 0.589115395408163 140000
788396.35255102 0.589115395408163 140000
842753.271938775 0.586819068877551 140000
900279.121938776 0.586819068877551 140000
961161.914285714 0.589973527848639 140000
1025595.40153061 0.589973527848639 140000
1093786.25306122 0.599927266156463 140000
1165955.49030612 0.599927266156463 140000
1242334.18112245 0.613483964710884 140000
1323167.74540816 0.613483964710884 140000
1408715.95510204 0.623934044430272 140000
1499254.36938775 0.623934044430272 140000
1595074.33469388 0.626346981292517 140000
1696481.5494898 0.626346981292517 140000
1803804.6755102 0.622427080144558 140000
1917386.72653061 0.622427080144558 140000
2037595.11479592 0.619042390518707 140000
2164814.475 0.619042390518707 140000
2299453.84030612 0.62354534332483 140000
2441946.64234694 0.62354534332483 140000
2592750.71122449 0.645396325467687 140000
2752349.71071429 0.645396325467687 140000
2921258.87908163 0.724156139455782 140000
3100020.72346939 0.724156139455782 140000
3289207.89030612 0.724156139455782 140000
3489430.34132653 0.724156139455782 140000
0 3792852.1149083 150000
8652.12489795919 3792852.1149083 150000
17806.4485714286 3792852.1149083 150000
27492.7751020408 3792852.1149083 150000
37740.9085714286 12322070.554565 150000
48585.1236734694 12322070.554565 150000
60058.2048979592 5697248.31500066 150000
72197.4073469388 5697248.31500066 150000
85041.4763265306 5916448.81244116 150000
98630.6473469388 5916448.81244116 150000
113009.626530612 116739.268654597 150000
128224.610204082 116739.268654597 150000
144320.304489796 2725.59255734949 150000
161353.337142857 2725.59255734949 150000
179372.884897959 163.419886966837 150000
198440.046122449 163.419886966837 150000
218614.428979592 20.2631089872449 150000
239958.622040816 20.2631089872449 150000
262542.664897959 4.75628747193878 150000
286439.57755102 4.75628747193878 150000
311722.38 1.85289181377551 150000
338473.033469388 1.85289181377551 150000
366777.969795918 1.03284803061224 150000
396725.111020408 1.03284803061224 150000
428411.320408163 0.743500071428571 150000
461937.931836735 0.743500071428571 150000
497410.749795918 0.635717956632653 150000
534943.029795918 0.635717956632653 150000
574653.988163265 0.599291780612245 150000
616671.78244898 0.599291780612245 150000
661127.550612245 0.593476880102041 150000
708165.84244898 0.593476880102041 150000
757935.678367347 0.601312869897959 150000
810593.529795918 0.601312869897959 150000
866309.28 0.613610158163265 150000
925260.263265306 0.613610158163265 150000
987634.245306123 0.626633920918367 150000
1053629.42326531 0.626633920918367 150000
1123455.91591837 0.642805739795918 150000
1197337.25387755 0.642805739795918 150000
1275507.39918367 0.665341971938776 150000
1358216.70612245 0.665341971938776 150000
1445727.45061225 0.690479852040816 150000
1538319.79102041 0.690479852040816 150000
1636288.7877551 0.705866209183673 150000
1739945.89346939 0.705866209183673 150000
1849620.44326531 0.696307170918367 150000
1965662.63510204 0.696307170918367 150000
2088443.52979592 0.654606293367347 150000
2218352.07061225 0.654606293367347 150000
2355804.0244898 0.588863456632653 150000
2501236.02122449 0.588863456632653 150000
2655111.51428571 0.517845918367347 150000
2817922.27102041 0.517845918367347 150000
2990185.3922449 0.447436880102041 150000
3172450.76326531 0.447436880102041 150000
3365298.07346939 0.447436880102041 150000
3569341.28693878 0.447436880102041 150000
0 3270703.34108588 160000
9113.5493877551 3270703.34108588 160000
18750.0073469388 3270703.34108588 160000
28939.572244898 3270703.34108588 160000
39712.4424489796 7995956.87876408 160000
51103.5844897959 7995956.87876408 160000
63146.3755102041 7692807.56260966 160000
75882.1395918367 7692807.56260966 160000
89345.8432653061 6972021.74172154 160000
103583.57877551 6972021.74172154 160000
118636.670204082 1350661.33043864 160000
134552.799183673 1350661.33043864 160000
151382.826122449 11483.6259182857 160000
169176.022040816 11483.6259182857 160000
187991.194285714 314.491641862245 160000
207883.971428571 314.491641862245 160000
228919.518367347 26.7338265408163 160000
251158.231836735 26.7338265408163 160000
274674.813061224 5.67149841836735 160000
299539.195102041 5.67149841836735 160000
325827.668571429 2.16734874489796 160000
353624.471020408 2.16734874489796 160000
383015.429387755 1.16887880102041 160000
414092.728163265 1.16887880102041 160000
446950.14122449 0.789223734693878 160000
481692.568163265 0.789223734693878 160000
518428.087346939 0.63261937244898 160000
557269.545306122 0.63261937244898 160000
598337.735510204 0.576510673469388 160000
641759.808979592 0.576510673469388 160000
687672.453061224 0.569411408163265 160000
736218.712653061 0.569411408163265 160000
787547.990204081 0.586792025510204 160000
841820.813877551 0.586792025510204 160000
899205.65877551 0.616768540816326 160000
959880.536326531 0.616768540816326 160000
1024036.17306122 0.649033112244898 160000
1091868.06367347 0.649033112244898 160000
1163590.7755102 0.67285075 160000
1239426.82285714 0.67285075 160000
1319611.43510204 0.68565856632653 160000
1404392.55673469 0.68565856632653 160000
1494035.6155102 0.695194892857143 160000
1588818.75428571 0.695194892857143 160000
1689037.59918367 0.709876862244898 160000
1795003.67020408 0.709876862244898 160000
1907044.38122449 0.730747510204081 160000
2025510.98693878 0.730747510204081 160000
2150769.04653061 0.744912928571428 160000
2283211.13877551 0.744912928571428 160000
2423245.73632653 0.728601836734694 160000
2571311.51020408 0.728601836734694 160000
2727867.79346939 0.673059357142857 160000
2893400.93877551 0.673059357142857 160000
3068425.9077551 0.573520637755102 160000
3253486.27102041 0.573520637755102 160000
3449158.97632653 0.573520637755102 160000
3656051.16979592 0.573520637755102 160000
0 2932629.74106098 170000
9381.19806122449 2932629.74106098 170000
19295.4375510204 2932629.74106098 170000
29769.205 2932629.74106098 170000
40838.9193877551 5879302.36095412 170000
52534.3780612245 5879302.36095412 170000
64893.6554081633 21195468.3200317 170000
77951.515 21195468.3200317 170000
91750.9974489796 8816060.9080881 170000
106331.83255102 8816060.9080881 170000
121740.371734694 4890993.51237365 170000
138021.311020408 4890993.51237365 170000
155224.312653061 21253.8233687417 170000
173402.349693878 21253.8233687417 170000
192611.706020408 476.891821866284 170000
212908.665510204 476.891821866284 170000
234356.133673469 32.4691619192177 170000
257018.671428571 32.4691619192177 170000
280965.805918367 6.0958922642432 170000
306270.375102041 6.0958922642432 170000
333010.183163265 2.2511447272534 170000
361263.034285714 2.2511447272534 170000
391118.320510204 1.19996399234694 170000
422665.433877551 1.19996399234694 170000
456000.388061224 0.803945525722789 170000
491224.162959184 0.803945525722789 170000
528444.360102041 0.640439481930272 170000
567773.547244898 0.640439481930272 170000
609332.569183673 0.581058611607143 170000
653245.581530612 0.581058611607143 170000
699648.327755102 0.572547054634354 170000
748679.862142857 0.572547054634354 170000
800490.826836735 0.590725505527211 170000
855236.830204082 0.590725505527211 170000
913086.723877551 0.625616681335034 170000
974214.325714286 0.625616681335034 170000
1038806.69683673 0.670054044217687 170000
1107059.17540816 0.670054044217687 170000
1179180.34285714 0.712435941964286 170000
1255388.71306122 0.712435941964286 170000
1335916.04316327 0.737532619472789 170000
1421005.67816327 0.737532619472789 170000
1510919.17255102 0.736228985544218 170000
1605926.35785714 0.736228985544218 170000
1706320.24132653 0.714129286564626 170000
1812402.1072449 0.714129286564626 170000
1924496.41561224 0.684735445365646 170000
2042942.52510204 0.684735445365646 170000
2168101.31469388 0.656990114795918 170000
2300353.52826531 0.656990114795918 170000
2440099.77459184 0.631224376488095 170000
2587767.14897959 0.631224376488095 170000
2743802.61163265 0.599388808248299 170000
2908681.26469388 0.599388808248299 170000
3082903.04142857 0.546377810586735 170000
3266999.32785714 0.546377810586735 170000
3461527.99653061 0.546377810586735 170000
3667081.68357143 0.546377810586735 170000
0 3134561.7603363 180000
9870.08897959184 3134561.7603363 180000
20298.0373469388 3134561.7603363 180000
31313.5742857143 3134561.7603363 180000
42951.6753061225 5886553.76648119 180000
55245.5671428572 5886553.76648119 180000
68233.7228571429 8580219.39032648 180000
81956.3642857143 8580219.39032648 180000
96451.9644897959 9015931.48520008 180000
111765.991632653 9015931.48520008 180000
127945.662653061 1137954.44033975 180000
145036.445714286 1137954.44033975 180000
163092.552857143 13248.7835215523 180000
182168.196122449 13248.7835215523 180000
202321.085102041 408.829358133503 180000
223610.678163265 408.829358133503 180000
246101.68 31.682620567602 180000
269862.292857143 31.682620567602 180000
294964.216530612 5.73597274362245 180000
321482.648367347 5.73597274362245 180000
349498.032040816 2.0291625170068 180000
379094.30877551 2.0291625170068 180000
410360.666122449 1.11709593622449 180000
443393.286734694 1.11709593622449 180000
478288.353265306 0.805343911989796 180000
515154.289795918 0.805343911989796 180000
554101.269183673 0.688369046768707 180000
595244.710612245 0.688369046768707 180000
638712.274693878 0.651160204506803 180000
684631.622040816 0.651160204506803 180000
733144.403469388 0.641676740646259 180000
784394.018571429 0.641676740646259 180000
838536.108367347 0.636361191751701 180000
895735.057755102 0.636361191751701 180000
956162.246734694 0.631315245748299 180000
1019999.54795918 0.631315245748299 180000
1087439.32673469 0.63136625170068 180000
1158686.18979592 0.63136625170068 180000
1233955.23653061 0.642245092687075 180000
1313470.31020408 0.642245092687075 180000
1397474.49061224 0.667824577806122 180000
1486221.35020408 0.667824577806122 180000
1579974.95408163 0.707915256377551 180000
1679022.10142857 0.707915256377551 180000
1783658.33530612 0.755729693452381 180000
1894200.18408163 0.755729693452381 180000
2010983.41265306 0.805653590986395 180000
2134356.02734694 0.805653590986395 180000
2264692.26612245 0.864193851190476 180000
2402383.85469388 0.864193851190476 180000
2547848.75040816 0.93458206547619 180000
2701522.39836735 0.93458206547619 180000
2863871.72163265 0.98909649872449 180000
3035382.87979592 0.98909649872449 180000
3216573.51040816 0.954955300170068 180000
3407990.98020408 0.954955300170068 180000
3610214.13387755 0.954955300170068 180000
3823849.79653061 0.954955300170068 180000
0 3491781.13314512 190000
10411.7244897959 3491781.13314512 190000
21390.8402040816 3491781.13314512 190000
32967.9136734694 3491781.13314512 190000
45177.3322448979 7655155.68963452 190000
58051.5728571428 7655155.68963452 190000
71626.9332653061 8594948.92061752 190000
85941.6216326531 8594948.92061752 190000
101037.666938775 11531769.1343743 190000
116955.187755102 11531769.1343743 190000
133741.944285714 2324111.101826 190000
151441.875918367 2324111.101826 190000
170108.474081633 22760.8355846573 190000
189789.498979592 22760.8355846573 190000
210546.083673469 516.012922267857 190000
232431.719591837 516.012922267857 190000
255511.360612245 40.0533309897959 190000
279848.050204082 40.0533309897959 190000
305512.473469388 7.61716748852041 190000
332575.315510204 7.61716748852041 190000
361111.082244898 2.53470567091837 190000
391203.831632653 2.53470567091837 190000
422935.71122449 1.26674389285714 190000
456398.420612245 1.26674389285714 190000
491683.659387755 0.84552675297619 190000
528892.679183673 0.84552675297619 190000
568128.642040816 0.681008769982993 190000
609504.262040816 0.681008769982993 190000
653134.163673469 0.616237973214286 190000
699140.613061224 0.616237973214286 190000
747655.428367347 0.598996539540816 190000
798816.158979592 0.598996539540816 190000
852762.264693877 0.605468047193877 190000
909650.398979592 0.605468047193877 190000
969637.215306122 0.62213237840136 190000
1032894.65040816 0.62213237840136 190000
1099600.3722449 0.640734977891156 190000
1169939.69040816 0.640734977891156 190000
1244113.1977551 0.655612281462585 190000
1322329.12877551 0.655612281462585 190000
1404809.09081633 0.664587219812925 190000
1491782.33285714 0.664587219812925 190000
1583497.20795918 0.671966171343537 190000
1680209.71081633 0.671966171343537 190000
1782193.02979592 0.690608571003401 190000
1889733.72612245 0.690608571003401 190000
2003135.55469388 0.738030473639456 190000
2122719.46408163 0.738030473639456 190000
2248819.77571429 0.826199790391156 190000
2381791.8255102 0.826199790391156 190000
2522011.96387755 0.954810059948979 190000
2669873.73489796 0.954810059948979 190000
2825793.60755102 1.10903173894558 190000
2990212.88612245 1.10903173894558 190000
3163590.06857143 1.22524425552721 190000
3346418.04020408 1.22524425552721 190000
3539210.70081633 1.22524425552721 190000
3742510.60632653 1.22524425552721 190000
0 3842546.47809334 200000
10684.3868367347 3842546.47809334 200000
21949.8095918367 3842546.47809334 200000
33829.6385714286 3842546.47809334 200000
46355.281122449 7023577.57876221 200000
59562.0705102041 7023577.57876221 200000
73489.2659183673 12510847.6271127 200000
88174.1635714286 12510847.6271127 200000
103657.985612245 5613376.84588332 200000
119983.917142857 5613376.84588332 200000
137199.069183673 2031979.53382363 200000
155352.515714286 2031979.53382363 200000
174491.367755102 21048.2798185261 200000
194674.514081633 21048.2798185261 200000
215954.954591837 641.464684431122 200000
238393.541020408 641.464684431122 200000
262053.088061224 51.3307978548044 200000
287002.299285714 51.3307978548044 200000
313307.915306122 8.79051154783163 200000
341046.491530612 8.79051154783163 200000
370294.583367347 2.69361757631803 200000
401132.672142857 2.69361757631803 200000
433651.053979592 1.29304619876701 200000
467940.025 1.29304619876701 200000
504093.807244898 0.852255535076531 200000
542216.43755102 0.852255535076531 200000
582413.915714286 0.688978225977891 200000
624800.093367347 0.688978225977891 200000
669492.748061224 0.628584515093537 200000
716617.509183674 0.628584515093537 200000
766307.857959184 0.61227968537415 200000
818703.164489796 0.61227968537415 200000
873948.687755102 0.616978518920068 200000
932203.42744898 0.616978518920068 200000
993626.383265306 0.634170769770408 200000
1058394.22153061 0.634170769770408 200000
1126687.5344898 0.660588928784014 200000
1198698.69214286 0.660588928784014 200000
1274627.91632653 0.691546430909864 200000
1354691.13255102 0.691546430909864 200000
1439112.11816327 0.719236423894558 200000
1528128.39122449 0.719236423894558 200000
1621989.24755102 0.735459463647959 200000
1720957.72367347 0.735459463647959 200000
1825314.5227551 0.733312477040816 200000
1935352.12571429 0.733312477040816 200000
2051378.71714286 0.71038674957483 200000
2173720.14826531 0.71038674957483 200000
2302719.93693878 0.674284658588435 200000
2438743.19357143 0.674284658588435 200000
2582168.76928571 0.642378392857143 200000
2733401.03367347 0.642378392857143 200000
2892865.94887755 0.632829414328231 200000
3061009.10663265 0.632829414328231 200000
3238305.54306122 0.663222565688775 200000
3425251.88683674 0.663222565688775 200000
3622374.21102041 0.663222565688775 200000
3830224.10714286 0.663222565688775 200000
0 1324143.61581389 20000
4065.22775510204 1324143.61581389 20000
8418.86693877551 1324143.61581389 20000
13082.6628571429 1324143.61581389 20000
18077.2163265306 1411940.66902022 20000
23426.5616326531 1411940.66902022 20000
29155.8775510204 110240.077392228 20000
35292.0595918367 110240.077392228 20000
41864.292244898 1474.84612696599 20000
48903.4767346939 1474.84612696599 20000
56442.8032653061 70.8365161411565 20000
64517.7510204082 70.8365161411565 20000
73166.0881632653 9.27362556632653 20000
82429.0163265306 9.27362556632653 20000
92350.026122449 2.83769807142857 20000
102975.469387755 2.83769807142857 20000
114355.703673469 1.56170043707483 20000
126545.092244898 1.56170043707483 20000
139599.715102041 1.08711509183673 20000
153581.946938775 1.08711509183673 20000
168557.595918367 0.805021008503401 20000
184596.475918367 0.805021008503401 20000
201775.267755102 0.640668697278912 20000
220174.657959184 0.640668697278912 20000
239881.055510204 0.556931386054422 20000
260987.164081633 0.556931386054422 20000
283592.554285714 0.520138423469388 20000
307803.663673469 0.520138423469388 20000
333734.94122449 0.502132976190476 20000
361508.847346939 0.502132976190476 20000
391255.281632653 0.488238154761905 20000
423114.444081633 0.488238154761905 20000
457237.407346939 0.47884737755102 20000
493784.4 0.47884737755102 20000
532927.667755102 0.477229593537415 20000
574851.473469388 0.477229593537415 20000
619753.813877551 0.483297773809524 20000
667845.847346939 0.483297773809524 20000
719354.182857143 0.495093171768707 20000
774522.024489796 0.495093171768707 20000
833608.599183673 0.513151074829932 20000
896892.590204081 0.513151074829932 20000
964672.137142857 0.54689206462585 20000
1037266.55265306 0.54689206462585 20000
1115018.61142857 0.610619879251701 20000
1198293.97795918 0.610619879251701 20000
1287484.64 0.706879816326531 20000
1383011.76979592 0.706879816326531 20000
1485325.15183673 0.812084656462585 20000
1594906.61632653 0.812084656462585 20000
1712272.32816326 0.871655350340136 20000
1837976.22040816 0.871655350340136 20000
1972609.42204082 0.828953959183673 20000
2116807.12489796 0.828953959183673 20000
2271248.58367347 0.65835106462585 20000
2436661.69387755 0.65835106462585 20000
2613825.28081633 0.65835106462585 20000
2803574.24979592 0.65835106462585 20000
0 4148132.99054648 210000
11424.5402040816 4148132.99054648 210000
23444.9725510204 4148132.99054648 210000
36096.221122449 4148132.99054648 210000
49411.027244898 7129748.4943349 210000
63419.9494897959 7129748.4943349 210000
78164.4602040816 10682875.2057428 210000
93679.4834693877 10682875.2057428 210000
110006.491632653 7331081.71138145 210000
127186.957040816 7331081.71138145 210000
145268.900306122 543498.890465907 210000
164295.976530612 543498.890465907 210000
184318.389081633 12200.2752376962 210000
205388.524081633 12200.2752376962 210000
227563.133163265 596.099700130315 210000
250896.785204082 596.099700130315 210000
275452.780102041 53.5122194483418 210000
301292.235 53.5122194483418 210000
328484.998061225 8.90717783971088 210000
357100.91744898 8.90717783971088 210000
387216.389591837 2.68306985586735 210000
418905.628163265 2.68306985586735 210000
452253.760612245 1.2920045767432 210000
487348.097142857 1.2920045767432 210000
524278.130714286 0.857777281037415 210000
563142.085306122 0.857777281037415 210000
604040.367653061 0.698263357142857 210000
647077.75 0.698263357142857 210000
692367.735612245 0.642102887329932 210000
740030.376020408 0.642102887329932 210000
790185.722755102 0.63194852869898 210000
842964.741122449 0.63194852869898 210000
898509.310204082 0.641807305909864 210000
956959.12632653 0.641807305909864 210000
1018466.98234694 0.65627715327381 210000
1083196.58489796 0.65627715327381 210000
1151311.64061224 0.668255021896259 210000
1222993.31816327 0.668255021896259 210000
1298424.96897959 0.679332504039116 210000
1377805.22377551 0.679332504039116 210000
1461341.44428571 0.692542719812925 210000
1549249.72326531 0.692542719812925 210000
1641757.0672449 0.701573869047619 210000
1739105.76204082 0.701573869047619 210000
1841551.19 0.690573692814626 210000
1949357.4644898 0.690573692814626 210000
2062808.34367347 0.649565181335034 210000
2182194.13397959 0.649565181335034 210000
2307829.15214286 0.588711788052721 210000
2440038.62867347 0.588711788052721 210000
2579169.62163265 0.52889975085034 210000
2725582.28561224 0.52889975085034 210000
2879656.42 0.481402090348639 210000
3041795.8344898 0.481402090348639 210000
3212419.61806122 0.43746050170068 210000
3391973.0527551 0.43746050170068 210000
3580925.43091837 0.43746050170068 210000
3779767.87244898 0.43746050170068 210000
0 4744393.50078705 220000
11634.2436734694 4744393.50078705 220000
23884.5081632653 4744393.50078705 220000
36788.0616326531 4744393.50078705 220000
50373.4032653061 7956792.67241153 220000
64679.9934693877 7956792.67241153 220000
79747.2926530612 8290910.79324008 220000
95614.7612244898 8290910.79324008 220000
112321.859591837 8138205.86962927 220000
129916.817142857 8138205.86962927 220000
148445.671020408 4706615.03836416 220000
167956.650612245 4706615.03836416 220000
188504.562040816 46334.7479027789 220000
210142.019183673 46334.7479027789 220000
232928.212653061 1048.59440147194 220000
256924.525306122 1048.59440147194 220000
282192.34 64.584365920068 220000
308804.000816326 64.584365920068 220000
336825.275102041 9.72873070663265 220000
366335.083673469 9.72873070663265 220000
397410.155102041 2.90246830442177 220000
430133.794693877 2.90246830442177 220000
464595.884489796 1.3832517244898 220000
500884.114285714 1.3832517244898 220000
539099.327346939 0.900729488095238 220000
579344.559183673 0.900729488095238 220000
621722.845306122 0.721837737244898 220000
666352.566938775 0.721837737244898 220000
713347.720816326 0.65764149914966 220000
762839.841632653 0.65764149914966 220000
814956.079591837 0.643524355442177 220000
869841.122857143 0.643524355442177 220000
927635.275102041 0.652448619047619 220000
988498.570204081 0.652448619047619 220000
1052591.04204082 0.668452006802721 220000
1120085.87795918 0.668452006802721 220000
1191162.84204082 0.680207920068027 220000
1266010.46734694 0.680207920068027 220000
1344830.44040816 0.685058261904762 220000
1427833.21673469 0.685058261904762 220000
1515242.40530612 0.688757675170068 220000
1607288.19183673 0.688757675170068 220000
1704220.4922449 0.694315929421769 220000
1806295.79918367 0.694315929421769 220000
1913790.3355102 0.694306795068027 220000
2026986.90081633 0.694306795068027 220000
2146192.40938776 0.678627676870748 220000
2271722.5444898 0.678627676870748 220000
2403914.91183673 0.647913412414966 220000
2543122.46285714 0.647913412414966 220000
2689717.87918367 0.611796177721088 220000
2844093.57265306 0.611796177721088 220000
3006661.68530612 0.575697211734694 220000
3177858.47387755 0.575697211734694 220000
3358137.73306122 0.527965646258503 220000
3547986.14122449 0.527965646258503 220000
3747907.91469388 0.527965646258503 220000
3958442.34571429 0.527965646258503 220000
0 6857741.83243932 230000
12077.5205102041 6857741.83243932 230000
24790.0944897959 6857741.83243932 230000
38167.633877551 6857741.83243932 230000
52249.2542857143 11783407.4070021 230000
67069.4694897959 11783407.4070021 230000
82667.3951020408 8279991.42183139 230000
99084.4476530612 8279991.42183139 230000
116364.344591837 11365846.2233827 230000
134548.50244898 11365846.2233827 230000
153689.842346939 2185256.46600099 230000
173834.382653061 2185256.46600099 230000
195037.345408163 25016.6377399721 230000
217351.651734694 25016.6377399721 230000
240839.426428571 792.548187044218 230000
265558.19244898 792.548187044218 230000
291574.676428571 60.8560934985119 230000
318957.905918367 60.8560934985119 230000
347776.908469388 10.2515308681973 230000
378109.915306122 10.2515308681973 230000
410035.157653061 3.15418997597789 230000
443635.468571429 3.15418997597789 230000
479000.583877551 1.47651369706633 230000
516220.239387755 1.47651369706633 230000
555395.675510204 0.923181178358844 230000
596625.831734694 0.923181178358844 230000
640021.152142857 0.716165635416667 230000
685694.381734694 0.716165635416667 230000
733762.867346939 0.648667236394558 230000
784357.76132653 0.648667236394558 230000
837605.614183673 0.644611867772109 230000
893651.38377551 0.644611867772109 230000
952635.426122449 0.664812013605442 230000
1014718.8055102 0.664812013605442 230000
1080060.28530612 0.683257709183673 230000
1148830.13346939 0.683257709183673 230000
1221210.12255102 0.689139431760204 230000
1297391.22877551 0.689139431760204 230000
1377569.03020408 0.68706381164966 230000
1461955.21132653 0.68706381164966 230000
1550772.96122449 0.686766609693877 230000
1644252.37173469 0.686766609693877 230000
1742637.34020408 0.694493860544218 230000
1846187.87040816 0.694493860544218 230000
1955173.16979592 0.709914807185374 230000
2069878.5522449 0.709914807185374 230000
2190605.43806122 0.725187152848639 230000
2317669.05306122 0.725187152848639 230000
2451403.03040816 0.729765021683673 230000
2592154.80877551 0.729765021683673 230000
2740297.13693877 0.72266093622449 230000
2896214.26826531 0.72266093622449 230000
3060315.76622449 0.714420772321428 230000
3233031.90255102 0.714420772321428 230000
3414813.6572449 0.702388886692177 230000
3606137.32040816 0.702388886692177 230000
3807504.4922449 0.702388886692177 230000
4019439.78214286 0.702388886692177 230000
0 5574874.27324787 240000
12452.5942857143 5574874.27324787 240000
25545.7043877551 5574874.27324787 240000
39315.5859183673 5574874.27324787 240000
53793.6604081633 7788445.20769909 240000
69016.1834693878 7788445.20769909 240000
85026.6618367347 8590164.84864631 240000
101858.934081633 8590164.84864631 240000
119558.923979592 8744190.83403025 240000
138170.138265306 8744190.83403025 240000
157743.334795918 865787.606138569 240000
178322.020306122 865787.606138569 240000
199961.786734694 16397.9925712772 240000
222715.808979592 16397.9925712772 240000
246642.096020408 705.215154826956 240000
271801.073877551 705.215154826956 240000
298258.002653061 64.1688685382653 240000
326075.725408163 64.1688685382653 240000
355329.170408163 11.1212882040816 240000
386086.014795918 11.1212882040816 240000
418430.855 3.30795702572279 240000
452441.036326531 3.30795702572279 240000
488203.572244898 1.5004385127551 240000
525807.893265306 1.5004385127551 240000
565350.681020408 0.929321980867347 240000
606928.617142857 0.929321980867347 240000
650650.468469388 0.722589458545918 240000
696625.001836735 0.722589458545918 240000
744965.818163265 0.654438978528912 240000
795798.603571429 0.654438978528912 240000
849251.46122449 0.646392246811225 240000
905457.328367347 0.646392246811225 240000
964558.810408163 0.665038709608843 240000
1026705.76387755 0.665038709608843 240000
1092052.87938776 0.690870833333333 240000
1160766.9327551 0.690870833333333 240000
1233021.95091837 0.709799284226191 240000
1309001.62897959 0.709799284226191 240000
1388892.07908163 0.714180170705782 240000
1472901.16673469 0.714180170705782 240000
1561236.75744898 0.702336670705782 240000
1654123.63602041 0.702336670705782 240000
1751796.25540816 0.676514617984694 240000
1854501.15377551 0.676514617984694 240000
1962496.9544898 0.640581277848639 240000
2076056.78316327 0.640581277848639 240000
2195465.85061225 0.599365696428571 240000
2321028.70397959 0.599365696428571 240000
2453061.97561224 0.560597368835034 240000
2591894.38306122 0.560597368835034 240000
2737881.23132653 0.532534517857143 240000
2891387.49357143 0.532534517857143 240000
3052804.73040816 0.517997024447279 240000
3222536.58765306 0.517997024447279 240000
3401013.29857143 0.513188120323129 240000
3588684.4327551 0.513188120323129 240000
3786026.1472449 0.513188120323129 240000
3993533.93540816 0.513188120323129 240000
0 7241936.06894192 250000
13020.7787755102 7241936.06894192 250000
26705.0204081633 7241936.06894192 250000
41086.026122449 7241936.06894192 250000
56197.0971428571 3683997.83217015 250000
72074.0963265306 3683997.83217015 250000
88760.5714285714 20018804.7212667 250000
106294.946938775 20018804.7212667 250000
124720.770612245 6770224.62695676 250000
144081.590204082 6770224.62695676 250000
164428.638367347 2307229.05364374 250000
185810.586122449 2307229.05364374 250000
208276.104489796 50515.9282202959 250000
231886.672653061 50515.9282202959 250000
256696.084897959 1599.04733195918 250000
282768.382040816 1599.04733195918 250000
310165.043265306 100.860875540816 250000
338952.671020408 100.860875540816 250000
369205.552653061 13.5838202959184 250000
400995.413877551 13.5838202959184 250000
434401.665306122 3.61648095918367 250000
469506.279183673 3.61648095918367 250000
506396.351020408 1.58311032653061 250000
545161.537959184 1.58311032653061 250000
585896.620408163 0.966258510204081 250000
628701.502040816 0.966258510204081 250000
673683.771428571 0.740263806122449 250000
720953.57877551 0.740263806122449 250000
770623.635918367 0.660207448979592 250000
822819.462857143 0.660207448979592 250000
877671.702857143 0.644341336734694 250000
935308.43755102 0.644341336734694 250000
995875.68 0.657176183673469 250000
1059524.56653061 0.657176183673469 250000
1126406.23346939 0.67973456122449 250000
1196689.74857143 0.67973456122449 250000
1270544.17959184 0.700280989795918 250000
1348153.96408163 0.700280989795918 250000
1429708.66285714 0.7120645 250000
1515410.64489796 0.7120645 250000
1605467.40244898 0.715602755102041 250000
1700104.35918367 0.715602755102041 250000
1799549.50040816 0.718105683673469 250000
1904051.3044898 0.718105683673469 250000
2013865.93469388 0.72471256122449 250000
2129262.36244898 0.72471256122449 250000
2250522.36734694 0.729793132653061 250000
2377950.78367347 0.729793132653061 250000
2511855.00734694 0.717956255102041 250000
2652565.48897959 0.717956255102041 250000
2800430.61061224 0.679649173469388 250000
2955811.56244898 0.679649173469388 250000
3119092.58938775 0.624323244897959 250000
3290670.7444898 0.624323244897959 250000
3470973.82040816 0.559983571428571 250000
3660442.41795918 0.559983571428571 250000
3859542.75428571 0.559983571428571 250000
4068761.53959184 0.559983571428571 250000
0 4628537.64225795 260000
13983.4515306122 4628537.64225795 260000
28636.9617346939 4628537.64225795 260000
43992.7168367347 4628537.64225795 260000
60079.9770408163 17482598.7330043 260000
76936.7806122449 17482598.7330043 260000
94598.2397959183 10941013.2388355 260000
113102.392857143 10941013.2388355 260000
132493.130102041 7762206.28030424 260000
152811.415816327 7762206.28030424 260000
174101.140306122 810458.757717947 260000
196406.193877551 810458.757717947 260000
219779.244897959 14737.9390904284 260000
244267.109693878 14737.9390904284 260000
269928.308673469 601.484075143495 260000
296812.584183673 601.484075143495 260000
324984.308673469 55.6030987616922 260000
354502.00255102 55.6030987616922 260000
385430.038265306 10.7184699457908 260000
417835.714285714 10.7184699457908 260000
451792.181122449 3.53460826955782 260000
487369.663265306 3.53460826955782 260000
524647.163265306 1.6874298735119 260000
563709.535714286 1.6874298735119 260000
604635.783163265 1.04356517857143 260000
647519.538265306 1.04356517857143 260000
692451.507653061 0.776712117346939 260000
739531.176020408 0.776712117346939 260000
788863.880102041 0.661573214285714 260000
840552.030612245 0.661573214285714 260000
894709.742346939 0.618073044217687 260000
951456.982142857 0.618073044217687 260000
1010916.64285714 0.61221490752551 260000
1073217.46938775 0.61221490752551 260000
1138496.98469388 0.628551854804422 260000
1206895.6377551 0.628551854804422 260000
1278565.58163265 0.65845212585034 260000
1353658.96938775 0.65845212585034 260000
1432342.58418367 0.695295599489796 260000
1514783.20918367 0.695295599489796 260000
1601168.10969388 0.732523113307823 260000
1691681.625 0.732523113307823 260000
1786519.79846939 0.760576333971088 260000
1885890.37755102 0.760576333971088 260000
1990009.8877551 0.766215019132653 260000
2099109.48469388 0.766215019132653 260000
2213420.32397959 0.740776929209184 260000
2333194.04336735 0.740776929209184 260000
2458693.98469388 0.689004655612245 260000
2590192.26785714 0.689004655612245 260000
2727975.64285714 0.625040630314626 260000
2872342.56377551 0.625040630314626 260000
3023609.04081633 0.562887080144558 260000
3182108.64030612 0.562887080144558 260000
3348180.78061224 0.502617155612245 260000
3522191.21428571 0.502617155612245 260000
3704520.32397959 0.502617155612245 260000
3895560.19642857 0.502617155612245 260000
0 4023619.17815813 270000
14170.1117346939 4023619.17815813 270000
29023.6505102041 4023619.17815813 270000
44592.881122449 4023619.17815813 270000
60915.9346938775 11282052.0668178 270000
78028.0091836735 11282052.0668178 270000
95967.2357142857 10952695.8979896 270000
114771.745408163 10952695.8979896 270000
134482.60255102 2430357.84079513 270000
155149.670918367 2430357.84079513 270000
176814.014795918 134287.272802565 270000
199522.564795918 134287.272802565 270000
223331.051020408 8747.63656575893 270000
248286.404081633 8747.63656575893 270000
274450.220408163 702.324617336309 270000
301875.296938775 702.324617336309 270000
330626.163265306 75.9494719217687 270000
360767.348979592 75.9494719217687 270000
392363.383673469 13.2493978964711 270000
425487.596428571 13.2493978964711 270000
460207.45 3.87783738095238 270000
496608.006122449 3.87783738095238 270000
534765.527040816 1.706734375 270000
574768.007653061 1.706734375 270000
616700.509693877 1.01111026360544 270000
660659.82755102 1.01111026360544 270000
706742.755612245 0.752790241284014 270000
755051.954591837 0.752790241284014 270000
805695.951530612 0.661874401573129 270000
858783.273469388 0.661874401573129 270000
914437.113265306 0.643847669005102 270000
972780.66377551 0.643847669005102 270000
1033940.05102041 0.658311830357143 270000
1098053.13367347 0.658311830357143 270000
1165266.56989796 0.684960840773809 270000
1235724.08469388 0.684960840773809 270000
1309587.00204082 0.71006994047619 270000
1387016.64591837 0.71006994047619 270000
1468186.07295918 0.723703038903061 270000
1553277.13928571 0.723703038903061 270000
1642477.56734694 0.722639767219388 270000
1735989.74540816 0.722639767219388 270000
1834016.06173469 0.711903167517007 270000
1936779.43673469 0.711903167517007 270000
2044505.72397959 0.700506606079932 270000
2157438.37602041 0.700506606079932 270000
2275823.77857143 0.695288019770408 270000
2399928.8494898 0.695288019770408 270000
2530029.30612245 0.698587828443878 270000
2666412.59846939 0.698587828443878 270000
2809386.70867347 0.708725573979592 270000
2959265.48520408 0.708725573979592 270000
3116383.30867347 0.720580442176871 270000
3281092.15867347 0.720580442176871 270000
3453758.68061224 0.730803738307823 270000
3634764.18571428 0.730803738307823 270000
3824513.4505102 0.730803738307823 270000
4023431.78367347 0.730803738307823 270000
0 4847671.84555651 280000
14861.5586734694 4847671.84555651 280000
30418.0255102041 4847671.84555651 280000
46710.4632653061 4847671.84555651 280000
63767.3 7759835.89533959 280000
81629.5984693878 7759835.89533959 280000
100328.945408163 15570914.2919476 280000
119909.562244898 15570914.2919476 280000
140412.511734694 11319776.5271038 280000
161878.856632653 11319776.5271038 280000
184352.818367347 2983844.88166948 280000
207888.094387755 2983844.88166948 280000
232525.74744898 47992.6661465763 280000
258325.792346939 47992.6661465763 280000
285338.767857143 1502.36102042517 280000
313624.68877551 1502.36102042517 280000
343240.41122449 103.251725194515 280000
374249.108673469 103.251725194515 280000
406713.954591837 14.9125317665816 280000
440707.598469388 14.9125317665816 280000
476302.689795918 4.01263400297619 280000
513571.878061225 4.01263400297619 280000
552594.130102041 1.72442513605442 280000
593451.571428571 1.72442513605442 280000
636229.48622449 1.03031322172619 280000
681022.634693878 1.03031322172619 280000
727922.618367347 0.773690744047619 280000
777027.356122449 0.773690744047619 280000
828444.242857143 0.678029001913265 280000
882277.514795918 0.678029001913265 280000
938647.201530612 0.653851988732993 280000
997667.015306123 0.653851988732993 280000
1059463.30306122 0.66372284332483 280000
1124165.57040816 0.66372284332483 280000
1191912.79897959 0.687458958333333 280000
1262847.12908163 0.687458958333333 280000
1337120.17704082 0.710589660926871 280000
1414886.71785714 0.710589660926871 280000
1496311.00255102 0.720335484693878 280000
1581566.75816327 0.720335484693878 280000
1670830.87040816 0.707207248086735 280000
1764299.17704082 0.707207248086735 280000
1862161.19846939 0.670448185586735 280000
1964628.56581633 0.670448185586735 280000
2071916.06887755 0.620389791666667 280000
2184251.13214286 0.620389791666667 280000
2301870.65612245 0.572226601828231 280000
2425024.17602041 0.572226601828231 280000
2553973.86173469 0.537171906887755 280000
2688988.2005102 0.537171906887755 280000
2830351.47295918 0.517680259353742 280000
2978370.07040816 0.517680259353742 280000
3133350.38418367 0.505572011054422 280000
3295620.91632653 0.505572011054422 280000
3465525.9622449 0.475268487457483 280000
3643425.61071429 0.475268487457483 280000
3829692.58520408 0.475268487457483 280000
4024724.87857143 0.475268487457483 280000
0 4531458.38642028 290000
14941.41 4531458.38642028 290000
30597.6 4531458.38642028 290000
46996.785 4531458.38642028 290000
64179.72 10759759.4451634 290000
82180.89 10759759.4451634 290000
101037.915 10060256.4414605 290000
120797.82 10060256.4414605 290000
141498.225 9395144.95272375 290000
163183.02 9395144.95272375 290000
185902.365 2616979.66825591 290000
209706.42 2616979.66825591 290000
234642.21 37156.8391624375 290000
260769.3 37156.8391624375 290000
288140.985 1140.527133625 290000
316816.83 1140.527133625 290000
346856.4 86.2255755625 290000
378331.8 86.2255755625 290000
411305.73 14.23862790625 290000
445853.43 14.23862790625 290000
482043.87 4.14883940625 290000
519961.695 4.14883940625 290000
559688.415 1.797791875 290000
601305.54 1.797791875 290000
644907.12 1.04944778125 290000
690587.205 1.04944778125 290000
738442.98 0.773012625 290000
788581.035 0.773012625 290000
841111.095 0.67458015625 290000
896142.885 0.67458015625 290000
953795.535 0.6547055625 290000
1014197.58 0.6547055625 290000
1077480.69 0.67054384375 290000
1143776.535 0.67054384375 290000
1213235.595 0.6976028125 290000
1286002.08 0.6976028125 290000
1362239.01 0.7214810625 290000
1442109.405 0.7214810625 290000
1525785.69 0.73644415625 290000
1613449.695 0.73644415625 290000
1705292.655 0.741244625 290000
1801512.075 0.741244625 290000
1902318 0.73594778125 290000
2007929.88 0.73594778125 290000
2118576.57 0.72220603125 290000
2234493.195 0.72220603125 290000
2355936.825 0.70223346875 290000
2483170.8 0.70223346875 290000
2616464.73 0.67643503125 290000
2756113.305 0.67643503125 290000
2902420.62 0.6423484375 290000
3055697.04 0.6423484375 290000
3216281.145 0.59651865625 290000
3384520.92 0.59651865625 290000
3560776.89 0.52703921875 290000
3745434.66 0.52703921875 290000
3938892.375 0.52703921875 290000
4141570.125 0.52703921875 290000
0 6437320.35929979 300000
16035.4671428571 6437320.35929979 300000
32780.9785714286 6437320.35929979 300000
50272.5771428571 6437320.35929979 300000
68542.7014285714 14454892.9731575 300000
87627.3942857143 14454892.9731575 300000
107559.094285714 15328517.5171162 300000
128377.448571429 15328517.5171162 300000
150122.104285714 9809052.00740074 300000
172832.708571429 9809052.00740074 300000
196556.117142857 3090160.50390795 300000
221331.977142857 3090160.50390795 300000
247210.748571429 35866.4409407946 300000
274242.891428571 35866.4409407946 300000
302475.261428571 1152.97400350893 300000
331965.527142857 1152.97400350893 300000
362767.752857143 86.4250946785714 300000
394939.607142857 86.4250946785714 300000
428542.362857143 14.027774875 300000
463637.292857143 14.027774875 300000
500296.482857143 4.15866240178571 300000
538588.414285714 4.15866240178571 300000
578581.568571429 1.85095089285714 300000
620351.635714286 1.85095089285714 300000
663981.514285714 1.08516783035714 300000
709554.102857143 1.08516783035714 300000
757152.3 0.786695428571428 300000
806866.212857143 0.786695428571428 300000
858796.761428571 0.671883910714286 300000
913034.052857143 0.671883910714286 300000
969682.611428571 0.639197544642857 300000
1028854.17 0.639197544642857 300000
1090656.85714286 0.644596464285714 300000
1155206.01 0.644596464285714 300000
1222631.38285714 0.6652835625 300000
1293055.52142857 0.6652835625 300000
1366608.18 0.6878854375 300000
1443437.13428571 0.6878854375 300000
1523682.95142857 0.705298642857143 300000
1607497.01142857 0.705298642857143 300000
1695041.50714286 0.7145871875 300000
1786478.63142857 0.7145871875 300000
1881984.99428571 0.713791241071429 300000
1981737.20571429 0.713791241071429 300000
2085929.89714286 0.699832142857143 300000
2194757.7 0.699832142857143 300000
2308426.05857143 0.668564964285714 300000
2427151.23 0.668564964285714 300000
2551156.68 0.618382794642857 300000
2680676.68714286 0.618382794642857 300000
2815963.55142857 0.556088723214286 300000
2957265.96857143 0.556088723214286 300000
3104854.26 0.494102517857143 300000
3259005.95571429 0.494102517857143 300000
3420020.21142857 0.4306445625 300000
3588192.57857143 0.4306445625 300000
3763847.44285714 0.4306445625 300000
3947316.39857143 0.4306445625 300000
0 1619864.58322437 30000
4533.75704081633 1619864.58322437 30000
9381.74785714286 1619864.58322437 30000
14563.6530612245 1619864.58322437 30000
20104.4014285714 2090875.62012676 30000
26028.2657142857 2090875.62012676 30000
32361.4867346939 691523.91715918 30000
39131.6173469388 691523.91715918 30000
46370.8025510204 2254.52068130102 30000
54109.2192857143 2254.52068130102 30000
62383.6046938776 54.9424116721939 30000
71228.7278571429 54.9424116721939 30000
80685.9180612245 6.43699524872449 30000
90796.5045918367 6.43699524872449 30000
101606.408877551 2.30495230484694 30000
113162.864387755 2.30495230484694 30000
125518.352755102 1.56620498979592 30000
138727.323673469 1.56620498979592 30000
152849.475 1.22979909119898 30000
167947.784693878 1.22979909119898 30000
184089.166836735 0.947266135204082 30000
201346.439693878 0.947266135204082 30000
219797.013673469 0.744253786352041 30000
239522.235306122 0.744253786352041 30000
260610.667346939 0.614154005739796 30000
283156.776734694 0.614154005739796 30000
307260.934591837 0.54408009247449 30000
333031.384285714 0.54408009247449 30000
360582.929387755 0.517615135841837 30000
390038.245714286 0.517615135841837 30000
421529.849387755 0.511921425382653 30000
455198.12877551 0.511921425382653 30000
491192.656530612 0.510979762755102 30000
529675.469693878 0.510979762755102 30000
570817.789591837 0.506878268494898 30000
614803.957959184 0.506878268494898 30000
661830.124897959 0.496897191326531 30000
712106.216938775 0.496897191326531 30000
765857.249081633 0.488501496811224 30000
823323.324795918 0.488501496811224 30000
884761.604081633 0.495105435586735 30000
950445.64744898 0.495105435586735 30000
1020669.35204082 0.525617218112245 30000
1095746.95163265 0.525617218112245 30000
1176013.01663265 0.582092375 30000
1261827.04622449 0.582092375 30000
1353571.50030612 0.657574356505102 30000
1451657.70367347 0.657574356505102 30000
1556522.56591837 0.725484769132653 30000
1668635.14163265 0.725484769132653 30000
1788496.63040816 0.739672577168367 30000
1916641.68887755 0.739672577168367 30000
2053644.33489796 0.671415020408163 30000
2200115.32346939 0.671415020408163 30000
2356710.01897959 0.524965297831633 30000
2524127.08316327 0.524965297831633 30000
2703115.69132653 0.524965297831633 30000
2894474.87632653 0.524965297831633 30000
0 2310289.0851453 40000
4657.59183673469 2310289.0851453 40000
9639.71265306122 2310289.0851453 40000
14969.066122449 2310289.0851453 40000
20670.3591836735 2707933.37424575 40000
26769.6342857143 2707933.37424575 40000
33294.2693877551 1355844.20023659 40000
40273.6457142857 1355844.20023659 40000
47739.8155102041 7322.55436087415 40000
55726.8342857143 7322.55436087415 40000
64270.7608163265 178.427004006803 40000
73410.9926530612 178.427004006803 40000
83188.2628571429 16.1980081768707 40000
93647.9787755102 16.1980081768707 40000
104836.883265306 4.29718354081633 40000
116806.393469388 4.29718354081633 40000
129610.59755102 2.08533379931973 40000
143307.590204082 2.08533379931973 40000
157960.140408163 1.25472574829932 40000
173635.023673469 1.25472574829932 40000
190402.354285714 0.876151731292517 40000
208339.591836735 0.876151731292517 40000
227528.20244898 0.709672037414966 40000
248054.994285714 0.709672037414966 40000
270012.785306123 0.632807860544218 40000
293503.074285714 0.632807860544218 40000
318630.69877551 0.594097540816327 40000
345511.848163265 0.594097540816327 40000
374267.386122449 0.569787081632653 40000
405028.192653061 0.569787081632653 40000
437935.164081633 0.544858948979592 40000
473136.542040816 0.544858948979592 40000
510793.923265306 0.517635408163265 40000
551076.91755102 0.517635408163265 40000
594169.825306122 0.499162241496599 40000
640268.29877551 0.499162241496599 40000
689582.680816327 0.499024517006803 40000
742335.333877551 0.499024517006803 40000
798767.985306122 0.519057170068027 40000
859137.053061225 0.519057170068027 40000
923715.648979592 0.559161428571429 40000
992798.920816327 0.559161428571429 40000
1066700.71346939 0.621554795918367 40000
1145756.24 0.621554795918367 40000
1230326.08816327 0.699467904761905 40000
1320794.21714286 0.699467904761905 40000
1417572.63183673 0.770739632653061 40000
1521100.04734694 0.770739632653061 40000
1631849.23428571 0.815555738095238 40000
1750321.67673469 0.815555738095238 40000
1877058.25632653 0.836385523809524 40000
2012633.24244898 0.836385523809524 40000
2157664.97632653 0.855728163265306 40000
2312811.19673469 0.855728163265306 40000
2478779.05632653 0.894384227891156 40000
2656322.45061225 0.894384227891156 40000
2846248.6955102 0.894384227891156 40000
3049421.86612245 0.894384227891156 40000
0 1567378.76507321 50000
5086.61612244898 1567378.76507321 50000
10520.64 1567378.76507321 50000
16325.1824489796 1567378.76507321 50000
22525.5908163265 931942.36931271 50000
29149.4489795918 931942.36931271 50000
36225.0863265306 14505.8426504809 50000
43783.0687755102 14505.8426504809 50000
51857.6897959184 415.714745477041 50000
60482.4973469388 415.714745477041 50000
69696.2579591837 77.7954342219388 50000
79538.4836734694 77.7954342219388 50000
90051.6685714286 20.3608978779762 50000
101282.779795918 20.3608978779762 50000
113280.275510204 6.93849453231293 50000
126096.341428571 6.93849453231293 50000
139786.890816327 3.05092751232993 50000
154411.564489796 3.05092751232993 50000
170033.730816327 1.60717245110544 50000
186722.722244898 1.60717245110544 50000
204549.362244898 0.999708992772109 50000
223592.674897959 0.999708992772109 50000
243935.411836735 0.728720693027211 50000
265666.28877551 0.728720693027211 50000
288879.985510204 0.606528464285714 50000
313677.145918367 0.606528464285714 50000
340166.614489796 0.557865285714286 50000
368463.945306122 0.557865285714286 50000
398691.402040816 0.546668654336735 50000
430980.94 0.546668654336735 50000
465474.206122449 0.548802677295918 50000
502321.047959184 0.548802677295918 50000
541681.750204082 0.550734791241496 50000
583728.525714286 0.550734791241496 50000
628644.024489796 0.549141263180272 50000
676623.570204082 0.549141263180272 50000
727877.396734694 0.546884541666667 50000
782628.411632653 0.546884541666667 50000
841115.178163265 0.552379573129252 50000
903591.915306123 0.552379573129252 50000
970332.225306123 0.572422925595238 50000
1041626.11163265 0.572422925595238 50000
1117784.45204082 0.604503161564626 50000
1199138.99857143 0.604503161564626 50000
1286044.61408163 0.636397019982993 50000
1378880.0177551 0.636397019982993 50000
1478050.02163265 0.654380900510204 50000
1583986.27612245 0.654380900510204 50000
1697150.25204082 0.668433767857143 50000
1818036.22265306 0.668433767857143 50000
1947169.77265306 0.729894871598639 50000
2085115.25326531 0.729894871598639 50000
2232472.05469388 0.891538568452381 50000
2389883.5522449 0.891538568452381 50000
2558035.61530612 1.00555814158163 50000
2737660.33489796 1.00555814158163 50000
2929541.9877551 1.00555814158163 50000
3134515.54530612 1.00555814158163 50000
0 1381522.08012584 60000
5404.89 1381522.08012584 60000
11164.5633673469 1381522.08012584 60000
17302.0686734694 1381522.08012584 60000
23842.9239795918 5513274.81660073 60000
30812.6473469388 5513274.81660073 60000
38240.8726530612 1923216.53808384 60000
46156.4106122449 1923216.53808384 60000
54591.3645918367 6924.31301361097 60000
63580.3074489796 6924.31301361097 60000
73160.2815306122 211.122755197066 60000
83368.3291836735 211.122755197066 60000
94246.4317346939 27.565976528699 60000
105839.04 27.565976528699 60000
118193.074285714 7.45149681760204 60000
131357.924387755 7.45149681760204 60000
145387.919081633 2.98688563647959 60000
160338.210306122 2.98688563647959 60000
176270.535306122 1.6259429502551 60000
193249.100816327 1.6259429502551 60000
211341.40622449 1.07323683545918 60000
230622.359387755 1.07323683545918 60000
251169.337653061 0.788051922193877 60000
273065.480510204 0.788051922193877 60000
296398.866428571 0.636708211096939 60000
321264.982346939 0.636708211096939 60000
347763.431020408 0.562822448341837 60000
376001.223673469 0.562822448341837 60000
406093.603163265 0.528060949617347 60000
438161.574489796 0.528060949617347 60000
472334.374285714 0.508006634566326 60000
508751.940306122 0.508006634566326 60000
547559.97244898 0.495081256377551 60000
588916.518061224 0.495081256377551 60000
632988.679285714 0.490087399234694 60000
679953.43622449 0.490087399234694 60000
730002.585918367 0.496662415816326 60000
783337.803367347 0.496662415816326 60000
840174.757346939 0.520556444515306 60000
900743.933571428 0.520556444515306 60000
965288.988367347 0.564230400510204 60000
1034072.51081633 0.564230400510204 60000
1107372.73010204 0.619416637755102 60000
1185485.16183673 0.619416637755102 60000
1268725.90071429 0.667984985331633 60000
1357432.44367347 0.667984985331633 60000
1451963.68989796 0.69261471619898 60000
1552700.76397959 0.69261471619898 60000
1660052.77806122 0.687574556122449 60000
1774453.53918367 0.687574556122449 60000
1896364.84193878 0.665911642857143 60000
2026280.58428571 0.665911642857143 60000
2164726.76755102 0.640306120535714 60000
2312263.1427551 0.640306120535714 60000
2469485.68010204 0.587337279336735 60000
2637031.50795918 0.587337279336735 60000
2815578.08969388 0.587337279336735 60000
3005847.3394898 0.587337279336735 60000
0 2108478.22654063 70000
5651.14540816327 2108478.22654063 70000
11674.4498979592 2108478.22654063 70000
18093.1196938776 2108478.22654063 70000
24933.7989795918 4065984.30406539 70000
32224.8509183673 4065984.30406539 70000
39995.4981632653 4167954.95457179 70000
48276.6823469388 4167954.95457179 70000
57101.9235714286 1936940.27237727 70000
66508.1798979592 1936940.27237727 70000
76532.4093877551 17522.4833375895 70000
87215.8675510204 17522.4833375895 70000
98601.528877551 345.49439375574 70000
110736.665306122 345.49439375574 70000
123668.54877551 21.8445491309524 70000
137451.327142857 21.8445491309524 70000
152140.867244898 4.17892175552721 70000
167795.614387755 4.17892175552721 70000
184480.030306122 1.73387920556973 70000
202261.155204082 1.73387920556973 70000
221211.18622449 1.06319066815476 70000
241408.336938776 1.06319066815476 70000
262932.539897959 0.782646036352041 70000
285872.32255102 0.782646036352041 70000
310320.509795918 0.646741002976191 70000
336375.942959184 0.646741002976191 70000
364144.339285714 0.577903032738095 70000
393739.151428571 0.577903032738095 70000
425279.848469388 0.540121293792517 70000
458894.494387755 0.540121293792517 70000
494718.888571429 0.520623409651361 70000
532899.144285714 0.520623409651361 70000
573589.969693878 0.517864089285714 70000
616955.527346939 0.517864089285714 70000
663173.731632653 0.529732210884354 70000
712429.372857143 0.529732210884354 70000
764925.290612245 0.550304457270408 70000
820872.059897959 0.550304457270408 70000
880497.445510204 0.574196482993197 70000
944042.964081633 0.574196482993197 70000
1011767.32204082 0.597655182610544 70000
1083944.69663265 0.597655182610544 70000
1160867.31438776 0.617817380739796 70000
1242848.88908163 0.617817380739796 70000
1330220.32428571 0.642728259991497 70000
1423336.58928571 0.642728259991497 70000
1522575.00010204 0.695266364370748 70000
1628338.65744898 0.695266364370748 70000
1741057.30622449 0.793753151360544 70000
1861186.47602041 0.793753151360544 70000
1989215.21653061 0.916948479379252 70000
2125661.80010204 0.916948479379252 70000
2271080.59765306 0.978833535289116 70000
2426060.35969388 0.978833535289116 70000
2591230.2327551 0.863796197916667 70000
2767260.61887755 0.863796197916667 70000
2954864.89459184 0.863796197916667 70000
3154805.42734694 0.863796197916667 70000
0 2862965.69315043 80000
6175.14857142857 2862965.69315043 80000
12746.1153061224 2862965.69315043 80000
19738.9028571429 2862965.69315043 80000
27179.513877551 4087726.44406511 80000
35097.8032653061 4087726.44406511 80000
43523.6259183673 1567885.09718767 80000
52488.7628571429 1567885.09718767 80000
62029.8104081633 61990.944350977 80000
72182.4018367347 61990.944350977 80000
82986.0226530612 2160.25462075893 80000
94482.0844897959 2160.25462075893 80000
106715.85122449 131.717032969388 80000
119733.549795918 131.717032969388 80000
133586.22244898 17.9730879681122 80000
148326.83755102 17.9730879681122 80000
164013.17877551 4.87400470408163 80000
180704.955918367 4.87400470408163 80000
198466.694081633 1.97111145280612 80000
217367.733673469 1.97111145280612 80000
237481.267346939 1.10486396428571 80000
258883.376938776 1.10486396428571 80000
281658.811836735 0.816533465561225 80000
305893.284489796 0.816533465561225 80000
331683.101020408 0.692850321428572 80000
359125.530612245 0.692850321428572 80000
388328.436122449 0.622009142857143 80000
419403.532653061 0.622009142857143 80000
452470.239795918 0.580745982142857 80000
487658.570816327 0.580745982142857 80000
525102.39122449 0.553517432397959 80000
564947.123265306 0.553517432397959 80000
607347.819795918 0.530939665816326 80000
652466.275102041 0.530939665816326 80000
700477.766326531 0.518437927295918 80000
751567.20122449 0.518437927295918 80000
805933.933469388 0.525478306122449 80000
863785.984285714 0.525478306122449 80000
925346.783877551 0.551852139030612 80000
990856.134489796 0.551852139030612 80000
1060565.39510204 0.586598585459184 80000
1134744.22285714 0.586598585459184 80000
1213679.61 0.620319772959184 80000
1297676.84693878 0.620319772959184 80000
1387059.5222449 0.655246793367347 80000
1482173.37489796 0.655246793367347 80000
1583386.29428571 0.698478210459184 80000
1691089.28326531 0.698478210459184 80000
1805697.42122449 0.753228241071429 80000
1927654.67938776 0.753228241071429 80000
2057431.99469388 0.831593335459184 80000
2195531.12204082 0.831593335459184 80000
2342484.63428571 0.995891580357143 80000
2498860.73755102 0.995891580357143 80000
2665263.27122449 1.53690125510204 80000
2842336.52326531 1.53690125510204 80000
3030763.30408163 1.53690125510204 80000
3231272.65102041 1.53690125510204 80000
0 2052906.52900654 90000
6307.97673469388 2052906.52900654 90000
13021.6206122449 2052906.52900654 90000
20166.47 2052906.52900654 90000
27770.027755102 5087764.29035367 90000
35862.7434693878 5087764.29035367 90000
44474.0844897959 3230386.16106261 90000
53639.411632653 3230386.16106261 90000
63392.1212244898 2036245.250885 90000
73772.4853061224 2036245.250885 90000
84818.8114285714 14421.9731407577 90000
96574.3183673469 14421.9731407577 90000
109085.171632653 406.494174644133 90000
122399.50122449 406.494174644133 90000
136569.366122449 36.7485728452381 90000
151648.789795918 36.7485728452381 90000
167696.706938775 7.07436513095238 90000
184775.98122449 7.07436513095238 90000
202951.440816327 2.29205005229592 90000
222293.807346939 2.29205005229592 90000
242879.695918367 1.15440173341837 90000
264786.703877551 1.15440173341837 90000
288101.26877551 0.802557518282313 90000
312912.774897959 0.802557518282313 90000
339317.482244898 0.669097039115646 90000
367418.526530612 0.669097039115646 90000
397324.936938775 0.609820605867347 90000
429151.636122449 0.609820605867347 90000
463021.404693877 0.577087294642857 90000
499067.827959184 0.577087294642857 90000
537428.420204082 0.552862679846939 90000
578253.464897959 0.552862679846939 90000
621700.12122449 0.537316607993197 90000
667937.335306122 0.537316607993197 90000
717143.875714286 0.537572400935374 90000
769510.297959184 0.537572400935374 90000
825239.926734694 0.554387205782313 90000
884549.838163265 0.554387205782313 90000
947667.913061224 0.581175889030612 90000
1014839.71265306 0.581175889030612 90000
1086326.51408163 0.614101556547619 90000
1162404.32816327 0.614101556547619 90000
1243367.82836735 0.658736401785714 90000
1329530.35081633 0.658736401785714 90000
1421227.82326531 0.723441784438775 90000
1518814.83612245 0.723441784438775 90000
1622668.57142857 0.798462784863945 90000
1733191.74959184 0.798462784863945 90000
1850814.59387755 0.850083846938775 90000
1975990.90142857 0.850083846938775 90000
2109206.88346939 0.849029980017007 90000
2250978.21857143 0.849029980017007 90000
2401855.94612245 0.791799890306122 90000
2562422.53734694 0.791799890306122 90000
2733301.7177551 0.66811274787415 90000
2915155.52040816 0.66811274787415 90000
3108689.19714286 0.66811274787415 90000
3314653.18306122 0.66811274787415 90000
0 96162.7447481633 hpsmc
8124.10775510204 96162.7447481633 hpsmc
16856.3853061225 96162.7447481633 hpsmc
26243.4481632653 96162.7447481633 hpsmc
36334.08 341.099370176871 hpsmc
47181.4008163265 341.099370176871 hpsmc
58840.6987755102 46.9360754013605 hpsmc
71373.7665306122 46.9360754013605 hpsmc
84846.7330612245 17.693619292517 hpsmc
99328.9795918367 17.693619292517 hpsmc
114896.391836735 7.64200084353741 hpsmc
131630.275918367 7.64200084353741 hpsmc
149618.44244898 4.43509540136054 hpsmc
168955.206530612 4.43509540136054 hpsmc
189740.303673469 3.2813231292517 hpsmc
212083.226122449 3.2813231292517 hpsmc
236099.970612245 2.68994304761905 hpsmc
261917.374693878 2.68994304761905 hpsmc
289668.780408163 2.26003466666667 hpsmc
319499.454693877 2.26003466666667 hpsmc
351566.589387755 1.89984854421769 hpsmc
386036.048979592 1.89984854421769 hpsmc
423088.875102041 1.60397556462585 hpsmc
462919.118367347 1.60397556462585 hpsmc
505732.754285714 1.37674979591837 hpsmc
551755.271836735 1.37674979591837 hpsmc
601227.337142857 1.21471346938776 hpsmc
654405.87755102 1.21471346938776 hpsmc
711570.586122449 1.10902680272109 hpsmc
773018.50122449 1.10902680272109 hpsmc
839071.595102041 1.05101036734694 hpsmc
910073.521632653 1.05101036734694 hpsmc
986397.204897959 1.03460234013605 hpsmc
1068440.50285714 1.03460234013605 hpsmc
1156631.6277551 1.0564262585034 hpsmc
1251431.31428571 1.0564262585034 hpsmc
1353336.07183673 1.11603493877551 hpsmc
1462876.01632653 1.11603493877551 hpsmc
1580625.71102041 1.21746206802721 hpsmc
1707199.83020408 1.21746206802721 hpsmc
1843258.57959184 1.37156427210884 hpsmc
1989513.11673469 1.37156427210884 hpsmc
2146727.71918367 1.59826832653061 hpsmc
2315724.12081633 1.59826832653061 hpsmc
2497384.76408163 1.92806628571429 hpsmc
2692659.3044898 1.92806628571429 hpsmc
2902566.77877551 2.40171961904762 hpsmc
3128204.27755102 2.40171961904762 hpsmc
3370751.28163265 3.06539213605442 hpsmc
3631473.99836735 3.06539213605442 hpsmc
3911735.11836735 3.95621589115646 hpsmc
4212998.15183673 3.95621589115646 hpsmc
4536837.18530612 5.06791902040816 hpsmc
4884945.55428571 5.06791902040816 hpsmc
5259139.0955102 6.54987216326531 hpsmc
5661374.57632653 6.54987216326531 hpsmc
6093752.94693878 6.54987216326531 hpsmc
6558533.43346939 6.54987216326531 hpsmc
