0 2957124.36936122 100000
6857.08806122449 2957124.36936122 100000
14147.2781632653 2957124.36936122 100000
21899.8046938776 2957124.36936122 100000
30142.8192857143 4990605.9971731 100000
38908.8045918367 4990605.9971731 100000
48229.1605102041 6660520.49833499 100000
58139.6179591837 6660520.49833499 100000
68678.073367347 4456402.80209432 100000
79883.5059183674 4456402.80209432 100000
91799.2258163265 100959.780988269 100000
104468.543265306 100959.780988269 100000
117941.265 1336.21127293431 100000
132266.115 1336.21127293431 100000
147498.31377551 60.6558505867347 100000
163695.247346939 60.6558505867347 100000
180918.632755102 8.64520171875 100000
199231.269795918 8.64520171875 100000
218704.620306122 2.70374776530612 100000
239410.146122449 2.70374776530612 100000
261427.971122449 1.32669757079082 100000
284839.301938776 1.32669757079082 100000
309734.007244898 0.859876731505102 100000
336204.12122449 0.859876731505102 100000
364351.422857143 0.670196083545918 100000
394279.856632653 0.670196083545918 100000
426105.277346939 0.595285220663265 100000
459944.62255102 0.595285220663265 100000
495927.822857143 0.580043186862245 100000
534189.139897959 0.580043186862245 100000
574872.580102041 0.589145096938776 100000
618134.060204082 0.589145096938776 100000
664133.827959184 0.60003580867347 100000
713046.206938776 0.60003580867347 100000
765057.431020408 0.607346661352041 100000
820361.313367347 0.607346661352041 100000
879167.908469388 0.613543178571429 100000
941698.098367347 0.613543178571429 100000
1008187.92367347 0.622232288265306 100000
1078887.50081633 0.622232288265306 100000
1154065.35306122 0.636445704719388 100000
1234004.0794898 0.636445704719388 100000
1319003.60326531 0.65568265369898 100000
1409386.58540816 0.65568265369898 100000
1505493.01102041 0.676530200892857 100000
1607685.60306122 0.676530200892857 100000
1716349.82234694 0.693849771045918 100000
1831894.95030612 0.693849771045918 100000
1954756.2544898 0.701959155612245 100000
2085399.31959184 0.701959155612245 100000
2224313.55091837 0.703222369897959 100000
2372026.25020408 0.703222369897959 100000
2529091.78806122 0.712748359056123 100000
2696104.59704082 0.712748359056123 100000
2873692.67510204 0.785719285714286 100000
3062526.24765306 0.785719285714286 100000
3263318.85030612 0.785719285714286 100000
3476826.24612245 0.785719285714286 100000
0 762805.449968361 10000
3908.15969387755 762805.449968361 10000
8096.67908163265 762805.449968361 10000
12586.2448979592 762805.449968361 10000
17398.0882653061 224.536662793367 10000
22555.6178571429 224.536662793367 10000
28082.7867346939 19.5234619876701 10000
34006.8142857143 19.5234619876701 10000
40356.5530612245 16.8691838052721 10000
47161.9443877551 16.8691838052721 10000
54456.1959183673 9.73851058779762 10000
62273.6040816326 9.73851058779762 10000
70652.2760204082 3.91636860756803 10000
79632.4964285714 3.91636860756803 10000
89257.8163265306 1.72905376594388 10000
99573.9642857143 1.72905376594388 10000
110630.479591837 1.06157086628401 10000
122480.712244898 1.06157086628401 10000
135181.822959184 0.892411444515306 10000
148794.783163265 0.892411444515306 10000
163384.919387755 0.822544946853741 10000
179023.002040816 0.822544946853741 10000
195783.067857143 0.74004525085034 10000
213746.775 0.74004525085034 10000
232999.592346939 0.660261822916667 10000
253635.154591837 0.660261822916667 10000
275751.995918367 0.588585235969388 10000
299456.271938775 0.588585235969388 10000
324862.304081633 0.525522451105442 10000
352092.579591837 0.525522451105442 10000
381277.751530612 0.483603459821429 10000
412558.271938776 0.483603459821429 10000
446083.84744898 0.467026852678571 10000
482016.705612245 0.467026852678571 10000
520528.872959184 0.467098303571429 10000
561805.985714286 0.467098303571429 10000
606046.745408163 0.474746951530612 10000
653462.918877551 0.474746951530612 10000
704283.693367347 0.48569027954932 10000
758752.410204082 0.48569027954932 10000
817132.00867347 0.499581240433674 10000
879702.304081633 0.499581240433674 10000
946764.887244898 0.520432425595238 10000
1018641.49132653 0.520432425595238 10000
1095678.34693878 0.55028075255102 10000
1178245.6377551 0.55028075255102 10000
1266740.22244898 0.586651525297619 10000
1361588.35663265 0.586651525297619 10000
1463245.69285714 0.628449163477891 10000
1572200.54693878 0.628449163477891 10000
1688977.70867347 0.679823489583333 10000
1814138.44183673 0.679823489583333 10000
1948284.29489796 0.739812751913265 10000
2092060.36734694 0.739812751913265 10000
2246158.57602041 0.768968118622449 10000
2411319.28826531 0.768968118622449 10000
2588336.76581633 0.768968118622449 10000
2778062.9755102 0.768968118622449 10000
0 1858845.13413196 110000
7222.57265306123 1858845.13413196 110000
14889.232755102 1858845.13413196 110000
23029.2736734694 1858845.13413196 110000
31670.8170408163 5453356.16694197 110000
40845.4996938776 5453356.16694197 110000
50584.9584693878 4849521.41454141 110000
60924.3454081633 4849521.41454141 110000
71902.327755102 2899339.04761393 110000
83556.4010204082 2899339.04761393 110000
95927.5759183674 44686.708669622 110000
109062.721836735 44686.708669622 110000
123007.536428571 1172.62530500723 110000
137811.23255102 1172.62530500723 110000
153527.71 76.7128210718537 110000
170212.040306122 76.7128210718537 110000
187925.153673469 10.8920941938776 110000
206730.32377551 10.8920941938776 110000
226695.51122449 2.9997677542517 110000
247889.848367347 2.9997677542517 110000
270390.669693878 1.38527357738095 110000
294278.824897959 1.38527357738095 110000
319638.678877551 0.897070317176871 110000
346562.798673469 0.897070317176871 110000
375146.094795918 0.704188139880952 110000
405490.508163265 0.704188139880952 110000
437705.010102041 0.622552407312925 110000
471905.602346939 0.622552407312925 110000
508214.145306122 0.591769960459184 110000
546760.701530612 0.591769960459184 110000
587683.535714286 0.582793984481293 110000
631127.942959184 0.582793984481293 110000
677250.935714286 0.580914326743197 110000
726215.385102041 0.580914326743197 110000
778199.394795918 0.580626275297619 110000
833386.927142857 0.580626275297619 110000
891974.833571429 0.583443320790816 110000
954175.198061225 0.583443320790816 110000
1020209.47846939 0.594689532738095 110000
1090313.19346939 0.594689532738095 110000
1164738.26602041 0.619591336096939 110000
1243750.67989796 0.619591336096939 110000
1327632.82316327 0.658849330569728 110000
1416684.65989796 0.658849330569728 110000
1511226.07367347 0.709287626913265 110000
1611594.52408163 0.709287626913265 110000
1718149.73367347 0.767168879676871 110000
1831271.3444898 0.767168879676871 110000
1951365.94846939 0.818598268282313 110000
2078863.5722449 0.818598268282313 110000
2214218.84887755 0.826265807185374 110000
2357916.87653061 0.826265807185374 110000
2510472.04673469 0.766580571215986 110000
2672430.38785714 0.766580571215986 110000
2844370.73683674 0.648669885416667 110000
3026909.42612245 0.648669885416667 110000
3220697.94020408 0.648669885416667 110000
3426432.2894898 0.648669885416667 110000
0 3669481.1745339 120000
7729.04306122449 3669481.1745339 120000
15921.7514285714 3669481.1745339 120000
24606.4602040816 3669481.1745339 120000
33811.5044897959 6097325.58638563 120000
43569.0832653061 6097325.58638563 120000
53912.6834693878 4481199.16182331 120000
64877.08 4481199.16182331 120000
76498.3357142857 2957422.78345274 120000
88818.9532653061 2957422.78345274 120000
101877.571428571 29387.6355677934 120000
115719.26877551 29387.6355677934 120000
130392.987755102 994.903028577806 120000
145946.382857143 994.903028577806 120000
162433.548367347 75.0897859855442 120000
179909.866530612 75.0897859855442 120000
198434.583469388 11.8597911215986 120000
218070.809183673 11.8597911215986 120000
238886.805510204 3.53580751445578 120000
260950.834285714 3.53580751445578 120000
284338.885102041 1.65223697278912 120000
309130.811428571 1.65223697278912 120000
335410.330612245 1.01445031802721 120000
363266.311836735 1.01445031802721 120000
392794.064081633 0.745044139030612 120000
424094.048163265 0.745044139030612 120000
457273.164693878 0.625253201955782 120000
492442.178163265 0.625253201955782 120000
529722.156734694 0.574883264880952 120000
569239.320408163 0.574883264880952 120000
611127.616938775 0.55556387712585 120000
655528.721836735 0.55556387712585 120000
702595.902244898 0.551222381377551 120000
752486.289183673 0.551222381377551 120000
805371.18122449 0.560160281462585 120000
861429.604693878 0.560160281462585 120000
920850.889591837 0.584658338435374 120000
983839.821428571 0.584658338435374 120000
1050607.6255102 0.622891943452381 120000
1121382.27061224 0.622891943452381 120000
1196403.31714286 0.667694140306122 120000
1275927.06897959 0.667694140306122 120000
1360222.70959184 0.709096661564626 120000
1449577.45387755 0.709096661564626 120000
1544293.9722449 0.735301264455782 120000
1644694.2544898 0.735301264455782 120000
1751119.60979592 0.73554812329932 120000
1863930.66673469 0.73554812329932 120000
1983511.23714286 0.710470484693878 120000
2110268.31612245 0.710470484693878 120000
2244632.08204082 0.676948663690476 120000
2387059.76040816 0.676948663690476 120000
2538033.04795918 0.65598712797619 120000
2698065.84040816 0.65598712797619 120000
2867702.9444898 0.691373806547619 120000
3047518.79 0.691373806547619 120000
3238126.4455102 0.691373806547619 120000
3440171.17857143 0.691373806547619 120000
0 2682287.23662992 130000
8092.47959183673 2682287.23662992 130000
16665.4714285714 2682287.23662992 130000
25747.5612244898 2682287.23662992 130000
35371.4183673469 7217876.64911659 130000
45565.6285714286 7217876.64911659 130000
56366.9448979592 6367790.58858099 130000
67809.3979591837 6367790.58858099 130000
79932.4632653061 4067634.44363036 130000
92775.6163265306 4067634.44363036 130000
106383.77755102 65701.770179307 130000
120800.506122449 65701.770179307 130000
136073.444897959 1932.83332882228 130000
152254.320408163 1932.83332882228 130000
169397.581632653 125.205927687075 130000
187560.4 125.205927687075 130000
206801.308163265 16.1775943920068 130000
227188.367346939 16.1775943920068 130000
248785.555102041 3.98593471513605 130000
271667.73877551 3.98593471513605 130000
295909.785714286 1.6524556335034 130000
321592.008163265 1.6524556335034 130000
348801.524489796 0.970643809523809 130000
377629.536734694 0.970643809523809 130000
408169.969387755 0.717022164115646 130000
440527.636734694 0.717022164115646 130000
474807.353061224 0.619246543367347 130000
511124.82244898 0.619246543367347 130000
549602.555102041 0.588655858843537 130000
590367.144897959 0.588655858843537 130000
633554.714285714 0.589177661564626 130000
679309.553061224 0.589177661564626 130000
727784.118367347 0.602761547619048 130000
779141.757142857 0.602761547619048 130000
833551.26122449 0.617516653911565 130000
891196.395918367 0.617516653911565 130000
952266.371428571 0.625318171768707 130000
1016968.09387755 0.625318171768707 130000
1085516.63673469 0.625360710034014 130000
1158139.3244898 0.625360710034014 130000
1235079.81632653 0.626001619897959 130000
1316594.02244898 0.626001619897959 130000
1402952.82653061 0.637674119897959 130000
1494447.53061224 0.637674119897959 130000
1591380.32653061 0.664056352040816 130000
1694075.18571429 0.664056352040816 130000
1802875.13673469 0.697199332482993 130000
1918142.26530612 0.697199332482993 130000
2040263.15918367 0.713888511904762 130000
2169642.10204082 0.713888511904762 130000
2306713.3244898 0.689684238945578 130000
2451932.83673469 0.689684238945578 130000
2605786.59591837 0.629781853741497 130000
2768785.06122449 0.629781853741497 130000
2941472.72244898 0.550859192176871 130000
3124426.73877551 0.550859192176871 130000
3318258.3 0.550859192176871 130000
3523611.26530612 0.550859192176871 130000
0 2156958.94322298 140000
8411.72326530612 2156958.94322298 140000
17324.6485714286 2156958.94322298 140000
26769.8363265306 2156958.94322298 140000
36776.9351020408 5823871.89139998 140000
47379.8289795918 5823871.89139998 140000
58615.2257142857 8348151.68132343 140000
70519.8330612245 8348151.68132343 140000
83133.1824489796 4150931.57299786 140000
96499.0408163265 4150931.57299786 140000
110661.175102041 86545.6390979694 140000
125666.175918367 86545.6390979694 140000
141566.28122449 2149.62791047449 140000
158412.317142857 2149.62791047449 140000
176263.580816327 125.584571755102 140000
195177.95755102 125.584571755102 140000
215218.98 16.1776135816327 140000
236454.416326531 16.1776135816327 140000
258954.858367347 4.09288233928571 140000
282795.133469388 4.09288233928571 140000
308057.128163265 1.69888667346939 140000
334824.140816327 1.69888667346939 140000
363186.528979592 1.00083047193878 140000
393237.473877551 1.00083047193878 140000
425080.039591837 0.746317487244898 140000
458818.702040816 0.746317487244898 140000
494569.231836735 0.653874535714286 140000
532448.811428571 0.653874535714286 140000
572584.506122449 0.630158619897959 140000
615113.264081633 0.630158619897959 140000
660174.857142857 0.62862618877551 140000
707921.763673469 0.62862618877551 140000
758513.52122449 0.629458584183673 140000
812119.550204082 0.629458584183673 140000
868920.565714286 0.629626239795918 140000
929104.342040816 0.629626239795918 140000
992875.595510204 0.631743994897959 140000
1060444.68979592 0.631743994897959 140000
1132040.34244898 0.63784724744898 140000
1207902.56571429 0.63784724744898 140000
1288284.07836735 0.650592015306122 140000
1373455.95306122 0.650592015306122 140000
1463701.96897959 0.674805015306122 140000
1559324.25918367 0.674805015306122 140000
1660644.72244898 0.715995352040816 140000
1768002.19959184 0.715995352040816 140000
1881756.70897959 0.776336665816326 140000
2002288.03469388 0.776336665816326 140000
2130001.37387755 0.851287548469388 140000
2265324.51306122 0.851287548469388 140000
2408709.24 0.921897033163265 140000
2560638.40285714 0.921897033163265 140000
2721620.26285714 0.951492660714286 140000
2892192.72979592 0.951492660714286 140000
3072929.00938776 0.889051239795918 140000
3264433.3677551 0.889051239795918 140000
3467348.19061224 0.889051239795918 140000
3682352.57142857 0.889051239795918 140000
0 4553266.19645861 150000
8689.16836734694 4553266.19645861 150000
17891.4591836735 4553266.19645861 150000
27634.887755102 4553266.19645861 150000
37951.8928571429 8032685.56366751 150000
48877.862244898 8032685.56366751 150000
60448.1836734694 7665015.75679678 150000
72699.7193877551 7665015.75679678 150000
85673.7551020408 4224325.06610326 150000
99411.5765306122 4224325.06610326 150000
113958.892857143 680991.135485512 150000
129364.362244898 680991.135485512 150000
145676.642857143 7997.62198451318 150000
162951.765306122 7997.62198451318 150000
181244.285714286 256.412623565051 150000
200614.658163265 256.412623565051 150000
221126.285714286 20.8907618835034 150000
242845.520408163 20.8907618835034 150000
265846.086734694 4.24309013605442 150000
290203.183673469 4.24309013605442 150000
315993.484693878 1.77134145408163 150000
343305.459183673 1.77134145408163 150000
372226.102040816 1.10163740433673 150000
402851.255102041 1.10163740433673 150000
435281.183673469 0.819905410289116 150000
469622.051020408 0.819905410289116 150000
505985.918367347 0.680959321853742 150000
544493.693877551 0.680959321853742 150000
585270.709183673 0.614588849914966 150000
628451.142857143 0.614588849914966 150000
674176.545918367 0.585559832057823 150000
722595.841836735 0.585559832057823 150000
773868.275510204 0.576958641581633 150000
828161.93877551 0.576958641581633 150000
885656.719387755 0.584496970663265 150000
946538.403061224 0.584496970663265 150000
1011008.99489796 0.607391496598639 150000
1079277.87244898 0.607391496598639 150000
1151570.63265306 0.642680952380952 150000
1228123.19387755 0.642680952380952 150000
1309187.69387755 0.685505665391156 150000
1395028.06632653 0.685505665391156 150000
1485928.8877551 0.729844802295918 150000
1582185.05612245 0.729844802295918 150000
1684115.06122449 0.769613020833333 150000
1792050.66326531 0.769613020833333 150000
1906347.21428571 0.79811675170068 150000
2027380.70918367 0.79811675170068 150000
2155544.83673469 0.807092708333333 150000
2291264.25 0.807092708333333 150000
2434979.82142857 0.799907642431973 150000
2587164.8622449 0.799907642431973 150000
2748319.2244898 0.812966092687075 150000
2918970.7755102 0.812966092687075 150000
3099678.34693877 0.992408428996599 150000
3291034.68367347 0.992408428996599 150000
3493669.39285714 0.992408428996599 150000
3708244.52040816 0.992408428996599 150000
0 2862028.86046971 160000
9156.63673469388 2862028.86046971 160000
18843.3110204082 2862028.86046971 160000
29088.587755102 2862028.86046971 160000
39924.2057142857 5970262.01964392 160000
51385.0775510204 5970262.01964392 160000
63507.7028571429 7320519.0805882 160000
76328.5812244898 7320519.0805882 160000
89890.56 4755302.73531551 160000
104234.899591837 4755302.73531551 160000
119407.62122449 201333.01765298 160000
135454.746122449 201333.01765298 160000
152428.643265306 3977.19523946939 160000
170381.681632653 3977.19523946939 160000
189370.991020408 200.23039322449 160000
209456.875102041 200.23039322449 160000
230701.224489796 22.6424490612245 160000
253170.690612245 22.6424490612245 160000
276936.685714286 5.04842253061224 160000
302073.795918367 5.04842253061224 160000
328662.955102041 1.95163714285714 160000
356785.097142857 1.95163714285714 160000
386530.67755102 1.10745514285714 160000
417993.325714286 1.10745514285714 160000
451269.844897959 0.799906408163265 160000
486468.146938776 0.799906408163265 160000
523696.143673469 0.673685265306122 160000
563074.44244898 0.673685265306122 160000
604723.650612245 0.622827183673469 160000
648775.484081633 0.622827183673469 160000
695369.593469388 0.605093142857143 160000
744653.564081633 0.605093142857143 160000
796781.328979592 0.60319212244898 160000
851916.342857143 0.60319212244898 160000
910233.168979592 0.611189632653061 160000
971914.305306122 0.611189632653061 160000
1037154.94530612 0.629518775510204 160000
1106161.39102041 0.629518775510204 160000
1179149.46612245 0.662563469387755 160000
1256349.27673469 0.662563469387755 160000
1338003.6244898 0.712300775510204 160000
1424369.59346939 0.712300775510204 160000
1515718.55020408 0.768256897959184 160000
1612340.9044898 0.768256897959184 160000
1714536.5877551 0.804353142857143 160000
1822630.92244898 0.804353142857143 160000
1936961.92653061 0.797132571428571 160000
2057891.42204082 0.797132571428571 160000
2185797.10040816 0.752265183673469 160000
2321085.21795918 0.752265183673469 160000
2464179.48734694 0.702088163265306 160000
2615532.18612245 0.702088163265306 160000
2775616.22204082 0.674039020408163 160000
2944939.4155102 0.674039020408163 160000
3124033.39102041 0.653570816326531 160000
3313461.51183673 0.653570816326531 160000
3513820.46693878 0.653570816326531 160000
3725740.27102041 0.653570816326531 160000
0 2960954.26498091 170000
9622.60142857143 2960954.26498091 170000
19794.7296938776 2960954.26498091 170000
30551.6755102041 2960954.26498091 170000
41922.0075510204 15927054.6085624 170000
53946.0580612245 15927054.6085624 170000
66655.7567346939 7387404.97270956 170000
80094.7968367347 7387404.97270956 170000
94303.5106122449 6239069.77440502 170000
109325.591326531 6239069.77440502 170000
125208.093265306 438539.884302761 170000
141999.75122449 438539.884302761 170000
159752.661020408 8546.08752469196 170000
178522.279489796 8546.08752469196 170000
198365.743979592 382.978017395833 170000
219345.233367347 382.978017395833 170000
241527.968061224 34.6128174757653 170000
264979.487959184 34.6128174757653 170000
289773.735510204 6.34962575085034 170000
315988.014183673 6.34962575085034 170000
343702.988469388 2.16874393218537 170000
373004.364387755 2.16874393218537 170000
403984.57 1.15276698086735 170000
436737.713877551 1.15276698086735 170000
471367.987653061 0.804141637967687 170000
507979.582959184 0.804141637967687 170000
546686.774489796 0.665576569515306 170000
587612.239489796 0.665576569515306 170000
630880.335714286 0.620227301445578 170000
676625.503979592 0.620227301445578 170000
724988.907142857 0.623609328231293 170000
776123.471632653 0.623609328231293 170000
830185.484897959 0.646271708545918 170000
887341.31744898 0.646271708545918 170000
947772.464387755 0.66545053125 170000
1011662.10132653 0.66545053125 170000
1079210.20897959 0.66936471960034 170000
1150625.17061224 0.66936471960034 170000
1226130.49408163 0.66062256547619 170000
1305958.08979592 0.66062256547619 170000
1390356.67326531 0.652811694090136 170000
1479588.40408163 0.652811694090136 170000
1573928.88591837 0.662005485331633 170000
1673672.20806122 0.662005485331633 170000
1779124.22336735 0.700097049957483 170000
1890615.99234694 0.700097049957483 170000
2008492.01959184 0.770836026360544 170000
2133116.97581633 0.770836026360544 170000
2264877.37836735 0.864219877763605 170000
2404181.59122449 0.864219877763605 170000
2551463.18602041 0.941054204719388 170000
2707175.9005102 0.941054204719388 170000
2871807.08265306 0.950093949192177 170000
3045862.56602041 0.950093949192177 170000
3229885.15540816 0.876767687287415 170000
3424444.54377551 0.876767687287415 170000
3630144.03428571 0.876767687287415 170000
3847620.54030612 0.876767687287415 170000
0 2949226.78939341 180000
10202.2620408163 2949226.78939341 180000
20965.3523469388 2949226.78939341 180000
32322.5874489796 2949226.78939341 180000
44305.4329591837 8773945.87343245 180000
56949.0563265306 8773945.87343245 180000
70288.625 5138656.44765932 180000
84364.8591836735 5138656.44765932 180000
99216.6281632653 5465323.65135507 180000
114886.503061224 5465323.65135507 180000
131420.756836735 136200.306473493 180000
148865.66244898 136200.306473493 180000
167271.194693878 3777.6986021486 180000
186692.881122449 3777.6986021486 180000
207184.398367347 225.405340065901 180000
228804.975816327 225.405340065901 180000
251617.544693878 27.5567040178571 180000
275686.887142857 27.5567040178571 180000
301083.338061224 6.3251317684949 180000
327879.083265306 6.3251317684949 180000
356151.861326531 2.3241673452381 180000
385983.112653061 2.3241673452381 180000
417459.830408163 1.20195168303571 180000
450670.858673469 1.20195168303571 180000
485710.594285714 0.813605873086735 180000
522682.688673469 0.813605873086735 180000
561692.644183673 0.672847387329932 180000
602853.366836735 0.672847387329932 180000
646281.464489796 0.629620731292517 180000
692102.799591837 0.629620731292517 180000
740450.638265306 0.624534561862245 180000
791463.799387755 0.624534561862245 180000
845288.505510204 0.631402240221088 180000
902078.382857143 0.631402240221088 180000
961998.163163265 0.640892052933673 180000
1025221.8327551 0.640892052933673 180000
1091930.78163265 0.649379284863945 180000
1162315.65438775 0.649379284863945 180000
1236578.20112245 0.65214409417517 180000
1314936.83020408 0.65214409417517 180000
1397611.80091837 0.645187725977891 180000
1484845.58357143 0.645187725977891 180000
1576886.20122449 0.631803272534013 180000
1673998.33520408 0.631803272534013 180000
1776465.17602041 0.62495487457483 180000
1884579.16877551 0.62495487457483 180000
1998651.2677551 0.643575884566326 180000
2119010.93642857 0.643575884566326 180000
2246004.29653061 0.712079144557823 180000
2379997.82989796 0.712079144557823 180000
2521374.67663265 0.86388915539966 180000
2670545.74061224 0.86388915539966 180000
2827938.58397959 1.11345079251701 180000
2994004.83081633 1.11345079251701 180000
3169223.86897959 1.35510746577381 180000
3354102.85010204 1.35510746577381 180000
3549169.28591837 1.35510746577381 180000
3754987.70653061 1.35510746577381 180000
0 4546704.7277734 190000
10674.5178571429 4546704.7277734 190000
21929.4933673469 4546704.7277734 190000
33794.4413265306 4546704.7277734 190000
46302.8118367347 7282123.97928057 190000
59490.0226530612 7282123.97928057 190000
73393.4591836735 9500439.79785288 190000
88048.5391836735 9500439.79785288 190000
103500.518673469 13075094.7538452 190000
119792.686020408 13075094.7538452 190000
136966.361938776 1284234.09193502 190000
155072.705408163 1284234.09193502 190000
174160.907755102 16817.5989508542 190000
194284.095612245 16817.5989508542 190000
215499.330918367 539.393537131803 190000
237865.643265306 539.393537131803 190000
261445.99755102 42.7301933647959 190000
286305.326326531 42.7301933647959 190000
312514.465102041 7.72355477423469 190000
340144.249387755 7.72355477423469 190000
369271.417653061 2.56183099511054 190000
399982.546632653 2.56183099511054 190000
432356.34244898 1.27885151147959 190000
466489.220102041 1.27885151147959 190000
502471.691632653 0.850251582695578 190000
540408.042653061 0.850251582695578 190000
580402.55877551 0.690592933886054 190000
622565.428571429 0.690592933886054 190000
667016.678877551 0.635215798044218 190000
713880.271836735 0.635215798044218 190000
763284.104897959 0.62257362712585 190000
815369.849081633 0.62257362712585 190000
870281.143061224 0.629181661989796 190000
928171.46377551 0.629181661989796 190000
989202.15877551 0.646952028698979 190000
1053546.38153061 0.646952028698979 190000
1121379.25316327 0.669649726615646 190000
1192891.63602041 0.669649726615646 190000
1268284.23071429 0.688658075042517 190000
1347767.57612245 0.688658075042517 190000
1431564.01704082 0.697229663690476 190000
1519905.73653061 0.697229663690476 190000
1613040.65887755 0.695926093537415 190000
1711226.54663265 0.695926093537415 190000
1814740.83887755 0.693421435161565 190000
1923872.78061224 0.693421435161565 190000
2038923.4227551 0.699631840136054 190000
2160215.46040816 0.699631840136054 190000
2288089.29755102 0.713065171556122 190000
2422899.11173469 0.713065171556122 190000
2565024.66 0.714778669430272 190000
2714859.47295918 0.714778669430272 190000
2872824.62836735 0.682927285501701 190000
3039358.91285714 0.682927285501701 190000
3214928.66020408 0.601593526360544 190000
3400021.84836735 0.601593526360544 190000
3595157.9377551 0.601593526360544 190000
3800881.96826531 0.601593526360544 190000
0 5052459.51706652 200000
10739.9360204082 5052459.51706652 200000
22070.3436734694 5052459.51706652 200000
34024.4614285714 5052459.51706652 200000
46633.5725510204 8494278.02042 200000
59936.781122449 8494278.02042 200000
73969.2808163265 6960115.94935191 200000
88774.086122449 6960115.94935191 200000
104390.301122449 6429559.37976874 200000
120866.805918367 6429559.37976874 200000
138246.615 369302.290158528 200000
156580.563673469 369302.290158528 200000
175923.397653061 6243.99778691901 200000
196327.90744898 6243.99778691901 200000
217854.704387755 339.404756372449 200000
240562.444591837 339.404756372449 200000
264517.605 39.7690098807398 200000
289788.617755102 39.7690098807398 200000
316449.780612245 8.27011000446429 200000
344573.436122449 8.27011000446429 200000
374241.702857143 2.76506183227041 200000
405542.565 2.76506183227041 200000
438560.096326531 1.34266308290816 200000
473392.057040816 1.34266308290816 200000
510138.16255102 0.866293901785714 200000
548902.038673469 0.866293901785714 200000
589797.087244898 0.685844858418367 200000
632936.710102041 0.685844858418367 200000
678446.040306123 0.621433103954082 200000
726456.076530612 0.621433103954082 200000
777103.683061224 0.612508411989796 200000
830533.545 0.612508411989796 200000
886898.168265306 0.631200977678572 200000
946359.834795918 0.631200977678572 200000
1009088.64734694 0.659543290178571 200000
1075260.57428571 0.659543290178571 200000
1145069.18081633 0.686472153061225 200000
1218713.8977551 0.686472153061225 200000
1296401.97673469 0.709413214285714 200000
1378358.26622449 0.709413214285714 200000
1464817.39071429 0.731649587372449 200000
1556025.70591837 0.731649587372449 200000
1652245.20918367 0.754769875637755 200000
1753749.62908163 0.754769875637755 200000
1860828.33581633 0.77164165752551 200000
1973792.20683673 0.77164165752551 200000
2092959.94040816 0.764993963647959 200000
2218673.6972449 0.764993963647959 200000
2351295.19010204 0.721523259566327 200000
2491199.81816327 0.721523259566327 200000
2638790.35346939 0.651718400510204 200000
2794489.12010204 0.651718400510204 200000
2958741.90459184 0.581021479591837 200000
3132016.00071429 0.581021479591837 200000
3314809.9855102 0.516076117346939 200000
3507645.89846939 0.516076117346939 200000
3711073.15193878 0.516076117346939 200000
3925676.35193877 0.516076117346939 200000
0 1974711.04769645 20000
4263.64285714286 1974711.04769645 20000
8829.4193877551 1974711.04769645 20000
13717.8336734694 1974711.04769645 20000
18951.1989795918 2058127.35590303 20000
24555.4469387755 2058127.35590303 20000
30555.3030612245 46426.5999802041 20000
36979.7142857143 46426.5999802041 20000
43858.2306122449 299.770217480867 20000
51223.4173469388 299.770217480867 20000
59109.0459183674 17.2496139923469 20000
67552.506122449 17.2496139923469 20000
76592.393877551 4.06128566326531 20000
86272.1295918367 4.06128566326531 20000
96635.7367346939 2.06302219387755 20000
107732.666326531 2.06302219387755 20000
119613.575510204 1.44312676658163 20000
132334.548979592 1.44312676658163 20000
145955.289795918 1.12891553571429 20000
160539.119387755 1.12891553571429 20000
176154.183673469 0.910470427295919 20000
192872.85 0.910470427295919 20000
210774.119387755 0.750107653061225 20000
229940.61122449 0.750107653061225 20000
250462.784693878 0.638053852040816 20000
272435.320408163 0.638053852040816 20000
295961.944897959 0.562512895408163 20000
321151.812244898 0.562512895408163 20000
348122.519387755 0.517743137755102 20000
377000.709183673 0.517743137755102 20000
407920.26122449 0.496867168367347 20000
441026.513265306 0.496867168367347 20000
476473.245918367 0.492371849489796 20000
514426.301020408 0.492371849489796 20000
555062.375510204 0.500356128826531 20000
598572.036734694 0.500356128826531 20000
645158.516326531 0.517378788265306 20000
695038.313265306 0.517378788265306 20000
748444.812244898 0.537570031887755 20000
805627.077551021 0.537570031887755 20000
866853.471428572 0.556298852040816 20000
932408.035714286 0.556298852040816 20000
1002597.72857143 0.574067799744898 20000
1077750.61530612 0.574067799744898 20000
1158216.47142857 0.59252649872449 20000
1244372.21020408 0.59252649872449 20000
1336619.47040816 0.608263883928571 20000
1435389.44081633 0.608263883928571 20000
1541142.25714286 0.616873839285714 20000
1654372.42959184 0.616873839285714 20000
1775608.84285714 0.617216830357143 20000
1905417.16836735 0.617216830357143 20000
2044404.08571429 0.606885637755102 20000
2193217.28265306 0.606885637755102 20000
2352552.69183674 0.567484381377551 20000
2523153.8877551 0.567484381377551 20000
2705817.51428571 0.567484381377551 20000
2901395.69693878 0.567484381377551 20000
0 2044153.92090189 210000
11170.8235714286 2044153.92090189 210000
22943.4563265306 2044153.92090189 210000
35349.0263265306 2044153.92090189 210000
48422.8120408163 9804343.3984229 210000
62200.0919387755 9804343.3984229 210000
76718.2196938776 9568956.80046061 210000
92018.6993877551 9568956.80046061 210000
108143.035102041 7095934.67371417 210000
125134.806122449 7095934.67371417 210000
143041.742142857 1958350.28947416 210000
161911.572857143 1958350.28947416 210000
181798.253571429 30755.3374077615 210000
202755.739591837 30755.3374077615 210000
224840.061428571 951.668332656888 210000
248113.475204082 951.668332656888 210000
272640.312244898 69.4458918035714 210000
298486.979081633 69.4458918035714 210000
325726.107857143 10.7931796619898 210000
354430.330714286 10.7931796619898 210000
384678.505408163 3.09517553443878 210000
416555.715306122 3.09517553443878 210000
450151.194183674 1.41102204528061 210000
485552.100612245 1.41102204528061 210000
522860.119591837 0.883297647321429 210000
562176.936122449 0.883297647321429 210000
603608.385612245 0.68636077997449 210000
647270.679489796 0.68636077997449 210000
693284.179591837 0.617170017219388 210000
741773.398163265 0.617170017219388 210000
792875.29867347 0.606024441964286 210000
846724.769387755 0.606024441964286 210000
903475.375408163 0.621264221938776 210000
963278.606632653 0.621264221938776 210000
1026302.55459184 0.645111775510204 210000
1092719.46122449 0.645111775510204 210000
1162709.86928571 0.670204451530612 210000
1236468.84795918 0.670204451530612 210000
1314197.69204082 0.697329098214286 210000
1396112.2227551 0.697329098214286 210000
1482434.48693878 0.728694943239796 210000
1573403.13306122 0.728694943239796 210000
1669269.26081633 0.764920224489796 210000
1770296.42112245 0.764920224489796 210000
1876760.61612245 0.80709874744898 210000
1988956.52479592 0.80709874744898 210000
2107193.35255102 0.855027315051021 210000
2231792.75602041 0.855027315051021 210000
2363099.21908163 0.89781975255102 210000
2501473.8272449 0.89781975255102 210000
2647298.41806122 0.91349619005102 210000
2800971.43071429 0.91349619005102 210000
2962918.28204082 0.889168745535714 210000
3133580.9905102 0.889168745535714 210000
3313430.62744898 0.81367887372449 210000
3502961.09142857 0.81367887372449 210000
3702695.33387755 0.81367887372449 210000
3913179.13346939 0.81367887372449 210000
0 3947526.08719337 220000
12134.5959183673 3947526.08719337 220000
24894.8081632653 3947526.08719337 220000
38308.9665306122 3947526.08719337 220000
52414.8440816326 5860866.18492828 220000
67245.4922448979 5860866.18492828 220000
82836.3232653061 14011698.60885 220000
99229.8318367347 14011698.60885 220000
116466.151836735 6267385.15965328 220000
134587.777959184 6267385.15965328 220000
153641.926530612 3807996.80324116 220000
173675.813877551 3807996.80324116 220000
194739.017142857 39534.0982000204 220000
216883.474285714 39534.0982000204 220000
240168.205714286 936.806425632653 220000
264649.871020408 936.806425632653 220000
290387.490612245 58.425403755102 220000
317451.888979592 58.425403755102 220000
345904.447346939 9.17440275510204 220000
375820.711836735 9.17440275510204 220000
407273.867755102 2.87510048979592 220000
440346.543673469 2.87510048979592 220000
475116.646530612 1.41055332653061 220000
511673.887346939 1.41055332653061 220000
550112.69877551 0.919764204081633 220000
590525.152653061 0.919764204081633 220000
633015.124897959 0.726123163265306 220000
677691.213061224 0.726123163265306 220000
724662.014693878 0.651954183673469 220000
774047.931428571 0.651954183673469 220000
825971.725714286 0.632615163265306 220000
880565.603265306 0.632615163265306 220000
937964.130612245 0.640661612244898 220000
998316.039183673 0.640661612244898 220000
1061767.69959184 0.66101381632653 220000
1128482.00816327 0.66101381632653 220000
1198626.58285714 0.68220706122449 220000
1272373.76326531 0.68220706122449 220000
1349914.7755102 0.696883469387755 220000
1431440.84571429 0.696883469387755 220000
1517157.36489796 0.702824857142857 220000
1607279.16734694 0.702824857142857 220000
1702035.2522449 0.701152612244898 220000
1801661.70122449 0.701152612244898 220000
1906408.76081633 0.691729020408163 220000
2016540.84244898 0.691729020408163 220000
2132334.16163265 0.671563714285714 220000
2254079.09877551 0.671563714285714 220000
2382082.56 0.640017306122449 220000
2516665.61632653 0.640017306122449 220000
2658168.22530612 0.602534428571429 220000
2806942.14857143 0.602534428571429 220000
2963365.11673469 0.565528632653061 220000
3127826.6644898 0.565528632653061 220000
3300744.65632653 0.522724081632653 220000
3482551.12163265 0.522724081632653 220000
3673701.69795918 0.522724081632653 220000
3874677.99183673 0.522724081632653 220000
0 4059012.61628707 230000
12327.4892857143 4059012.61628707 230000
25286.8494897959 4059012.61628707 230000
38911.7163265306 4059012.61628707 230000
53235.7255102041 6656370.66690473 230000
68294.9153061224 6656370.66690473 230000
84125.3239795918 5927628.70361514 230000
100767.794897959 5927628.70361514 230000
118265.573979592 10122047.5610032 230000
136661.907142857 10122047.5610032 230000
156000.040306122 567098.21535412 230000
176332.829591837 567098.21535412 230000
197705.923469388 13554.3166918335 230000
220176.983163265 13554.3166918335 230000
243801.267346939 679.764091173469 230000
268638.839795918 679.764091173469 230000
294749.764285714 64.571306591199 230000
322198.909693878 64.571306591199 230000
351058.35255102 11.2269557429847 230000
381397.766836735 11.2269557429847 230000
413294.034183673 3.33794421768707 230000
446826.43877551 3.33794421768707 230000
482079.069897959 1.51827710140306 230000
519143.224489796 1.51827710140306 230000
558105.394387755 0.945103507653061 230000
599068.889285714 0.945103507653061 230000
642134.616326531 0.732152396896258 230000
687408.287755102 0.732152396896258 230000
735005.226020408 0.652317628613945 230000
785045.558673469 0.652317628613945 230000
837651.815816327 0.63015409545068 230000
892958.540306122 0.63015409545068 230000
951100.275 0.634493703231292 230000
1012228.38061224 0.634493703231292 230000
1076491.81530612 0.650205385841837 230000
1144051.55 0.650205385841837 230000
1215078.16581633 0.669200554846939 230000
1289749.45153061 0.669200554846939 230000
1368252.80612245 0.686473895620748 230000
1450782.83622449 0.686473895620748 230000
1537548.56377551 0.697690805697279 230000
1628766.21836735 0.697690805697279 230000
1724664.04234694 0.699177384141156 230000
1825479.88826531 0.699177384141156 230000
1931470.82908163 0.690683365221088 230000
2042898.74285714 0.690683365221088 230000
2160044.72806122 0.674676369047619 230000
2283201.89591837 0.674676369047619 230000
2412677.77295918 0.653293664965986 230000
2548796.70357143 0.653293664965986 230000
2691897.44744898 0.628822681760204 230000
2842342.78979592 0.628822681760204 230000
3000507.52857143 0.601038180272109 230000
3166788.08469388 0.601038180272109 230000
3341597.69693878 0.553808031462585 230000
3525378.43469388 0.553808031462585 230000
3718589.18520408 0.553808031462585 230000
3921712.86122449 0.553808031462585 230000
0 3939486.1498188 240000
12958.4571428571 3939486.1498188 240000
26569.9793877551 3939486.1498188 240000
40865.4202040816 3939486.1498188 240000
55883.3464285714 9686094.28091671 240000
71659.7537755102 9686094.28091671 240000
88228.0668367347 8716582.31189657 240000
105631.994693878 8716582.31189657 240000
123915.246428571 10588253.4588113 240000
143118.96 10588253.4588113 240000
163289.415612245 1044554.37516349 240000
184475.464591837 1044554.37516349 240000
206731.100510204 20924.8109776996 240000
230110.316938776 20924.8109776996 240000
254664.536326531 782.165038313776 240000
280458.036734694 782.165038313776 240000
307549.953979592 64.2516590108418 240000
336007.137244898 64.2516590108418 240000
365901.577959184 10.9433077844388 240000
397300.125306122 10.9433077844388 240000
430279.912959184 3.3023764559949 240000
464925.787959184 3.3023764559949 240000
501314.883979592 1.51585344834184 240000
539537.190306123 1.51585344834184 240000
579687.838469388 0.944035815688776 240000
621861.96 0.944035815688776 240000
666159.828673469 0.731950352678571 240000
712692.002755102 0.731950352678571 240000
761569.040510204 0.659471482142857 240000
812909.213571429 0.659471482142857 240000
866835.935816327 0.648287099489796 240000
923482.905612245 0.648287099489796 240000
982981.250204082 0.659658959821429 240000
1045480.09469388 0.659658959821429 240000
1111128.56418367 0.675091051020408 240000
1180086.06826531 0.675091051020408 240000
1252519.72989796 0.690099978316327 240000
1328604.38540816 0.690099978316327 240000
1408520.01336735 0.705141044642857 240000
1492467.16132653 0.705141044642857 240000
1580643.80571429 0.718800132653061 240000
1673263.34969388 0.718800132653061 240000
1770552.05204082 0.727161637117347 240000
1872743.88489796 0.727161637117347 240000
1980083.10489796 0.72709200255102 240000
2092834.53765306 0.72709200255102 240000
2211270.72214286 0.718826915178572 240000
2335671.91071429 0.718826915178572 240000
2466346.63806122 0.705108905612245 240000
2603603.43887755 0.705108905612245 240000
2747779.13020408 0.686703954081633 240000
2899220.81357143 0.686703954081633 240000
3058296.1594898 0.659787515943878 240000
3225388.26520408 0.659787515943878 240000
3400900.79693878 0.608552544642857 240000
3585260.56102041 0.608552544642857 240000
3778909.7905102 0.608552544642857 240000
3982319.00081633 0.608552544642857 240000
0 4654158.92225081 250000
13607.3 4654158.92225081 250000
27866.3448979592 4654158.92225081 250000
42811.1387755102 4654158.92225081 250000
58472.8520408163 9328030.91106513 250000
74888.3224489796 9328030.91106513 250000
92091.5540816326 16987011.7261594 250000
110119.384693878 16987011.7261594 250000
129014.319387755 7421168.54127348 250000
148816.029591837 7421168.54127348 250000
169567.020408163 634755.182140674 250000
191315.464285714 634755.182140674 250000
214109.533673469 15363.0531966156 250000
237997.401020408 15363.0531966156 250000
263030.07244898 730.064745848214 250000
289267.055102041 730.064745848214 250000
316765.02244898 67.3718028528911 250000
345580.647959184 67.3718028528911 250000
375781.939795918 11.8282371471088 250000
407431.23877551 11.8282371471088 250000
440602.220408163 3.59991058248299 250000
475365.726530612 3.59991058248299 250000
511798.266326531 1.64351290178571 250000
549979.182653061 1.64351290178571 250000
589996.319387755 0.991626320153061 250000
631931.853061224 0.991626320153061 250000
675882.128571428 0.736442217261905 250000
721943.490816327 0.736442217261905 250000
770215.118367347 0.639199989370748 250000
820807.524489796 0.639199989370748 250000
873825.555102041 0.61227418792517 250000
929391.058163265 0.61227418792517 250000
987625.881632653 0.615816279761905 250000
1048654.70714286 0.615816279761905 250000
1112616.38469388 0.631070888605442 250000
1179646.93061224 0.631070888605442 250000
1249896.52959184 0.651278522534014 250000
1323521.03367347 0.651278522534014 250000
1400679.12857143 0.676161717687075 250000
1481543.66836735 0.676161717687075 250000
1566290.34081633 0.706245884353741 250000
1655106.16836735 0.706245884353741 250000
1748186.6744898 0.739016137329932 250000
1845738.71734694 0.739016137329932 250000
1947971.98877551 0.769950406037415 250000
2055116.01632653 0.769950406037415 250000
2167403.16122449 0.795494791666667 250000
2285082.78673469 0.795494791666667 250000
2408412.75714286 0.81267393707483 250000
2537667.93877551 0.81267393707483 250000
2673126.03163265 0.818766335034014 250000
2815090.23877551 0.818766335034014 250000
2963869.43061224 0.812845138180272 250000
3119792.31326531 0.812845138180272 250000
3283204.59489796 0.791403675595238 250000
3454463.31836735 0.791403675595238 250000
3633945.3622449 0.791403675595238 250000
3822044.60714286 0.791403675595238 250000
0 3754910.1185127 260000
13504.9175510204 3754910.1185127 260000
27683.1804081633 3754910.1185127 260000
42567.3697959184 3754910.1185127 260000
58190.0669387755 793884.125571932 260000
74591.9983673469 793884.125571932 260000
91808.4604081633 54464.2844991292 260000
109880.179591837 54464.2844991292 260000
128853.312653061 6797.53384183333 260000
148768.586122449 6797.53384183333 260000
169674.871836735 1119.38291422449 260000
191621.041632653 1119.38291422449 260000
214661.39755102 230.79794472449 260000
238844.811428571 230.79794472449 260000
264231.015510204 58.5479060748299 260000
290882.457142857 58.5479060748299 260000
318858.868571429 18.1209530340136 260000
348225.412244898 18.1209530340136 260000
379052.680816327 6.81639377210884 260000
411416.697142857 6.81639377210884 260000
445388.053877551 3.11688623469388 260000
481048.204081633 3.11688623469388 260000
518484.031020408 1.72092217687075 260000
557782.417959184 1.72092217687075 260000
599035.678367347 1.13037617006803 260000
642338.840816327 1.13037617006803 260000
687797.794285714 0.864986258503401 260000
735518.427755102 0.864986258503401 260000
785612.060408163 0.745617928571429 260000
838198.156734694 0.745617928571429 260000
893398.896326531 0.693397465986395 260000
951347.319183673 0.693397465986395 260000
1012176.46530612 0.671552207482993 260000
1076032.95020408 0.671552207482993 260000
1143066.1044898 0.663095795918367 260000
1213433.40408163 0.663095795918367 260000
1287300.47020408 0.660301503401361 260000
1364843.7844898 0.660301503401361 260000
1446242.54367347 0.66025625170068 260000
1531692.23510204 0.66025625170068 260000
1621391.06122449 0.661291384353741 260000
1715550.8 0.661291384353741 260000
1814396.80489796 0.661082095238095 260000
1918157.1444898 0.661082095238095 260000
2027081.60816327 0.657377112244898 260000
2141422.70040816 0.657377112244898 260000
2261454.64653061 0.649277057823129 260000
2387454.38693878 0.649277057823129 260000
2519723.29795918 0.636979908163265 260000
2658570.90122449 0.636979908163265 260000
2804325.72408163 0.620768486394558 260000
2957332.5844898 0.620768486394558 260000
3117947.16081633 0.601361163265306 260000
3286554.99755102 0.601361163265306 260000
3463547.06938775 0.577225037414966 260000
3649346.9322449 0.577225037414966 260000
3844386.28734694 0.577225037414966 260000
4049129.41714286 0.577225037414966 260000
0 3794492.03542043 270000
14542.0948979592 3794492.03542043 270000
29767.2928571429 3794492.03542043 270000
45715.5954081633 3794492.03542043 270000
62417.7729591837 15664732.6491298 270000
79907.6729591837 15664732.6491298 270000
98225.2969387755 10870264.5839321 270000
117407.569387755 10870264.5839321 270000
137494.491836735 8787400.91114265 270000
158535.296938775 8787400.91114265 270000
180566.909183673 3951181.48494153 270000
203641.638265306 3951181.48494153 270000
227802.562755102 55147.0496187596 270000
253111.223469388 55147.0496187596 270000
279610.698979592 1484.53888749469 270000
307365.607142857 1484.53888749469 270000
336431.334693878 92.3513862829507 270000
366869.42244898 92.3513862829507 270000
398747.565306122 13.1339063998724 270000
432130.381122449 13.1339063998724 270000
467091.718877551 3.70116726190476 270000
503705.42755102 3.70116726190476 270000
542051.510204082 1.66591630846088 270000
582206.892857143 1.66591630846088 270000
624260.809693877 1.01672480123299 270000
668299.417857143 1.01672480123299 270000
714421.182653061 0.770426915391156 270000
762721.492346939 0.770426915391156 270000
813308.043367347 0.680667070578231 270000
866282.378061224 0.680667070578231 270000
921758.346938775 0.657518748937075 270000
979859.031632653 0.657518748937075 270000
1040701.35969388 0.659756014030612 270000
1104420.72091837 0.659756014030612 270000
1171152.50510204 0.668224286777211 270000
1241038.25612245 0.668224286777211 270000
1314225.67193878 0.676083561862245 270000
1390868.60459184 0.676083561862245 270000
1471136.29132653 0.683487691326531 270000
1555197.96938775 0.683487691326531 270000
1643229.03010204 0.692981644345238 270000
1735423.32704082 0.692981644345238 270000
1831971.63673469 0.705930857780612 270000
1933083.19795918 0.705930857780612 270000
2038973.40357143 0.721476324404762 270000
2149866.87755102 0.721476324404762 270000
2266003.62908163 0.739496244685374 270000
2387623.66734694 0.739496244685374 270000
2514994.69489796 0.763657425595238 270000
2648384.41428571 0.763657425595238 270000
2788075.91326531 0.799408793579932 270000
2934367.66479592 0.799408793579932 270000
3087573.52704082 0.846641370110544 270000
3248019.66632653 0.846641370110544 270000
3416050.71122449 0.90512437712585 270000
3592017.44438776 0.90512437712585 270000
3776301.41887755 0.90512437712585 270000
3969293.41887755 0.90512437712585 270000
0 6679631.88103406 280000
14461.9714285714 6679631.88103406 280000
29626.2114285714 6679631.88103406 280000
45528.4285714286 6679631.88103406 280000
62204.3314285714 11250122.5601363 280000
79689.6285714286 11250122.5601363 280000
98025.98 8461786.55337923 280000
117252.07 8461786.55337923 280000
137412.534285714 11071808.3819371 280000
158554.984285714 11071808.3819371 280000
180721.08 4905353.71391477 280000
203967.36 4905353.71391477 280000
228344.411428571 57250.8136829732 280000
253902.821428571 57250.8136829732 280000
280705.08 1482.47336898214 280000
308810.701428571 1482.47336898214 280000
338282.175714286 100.489710244048 280000
369184.968571429 100.489710244048 280000
401590.497142857 15.4137722410714 280000
435570.178571429 15.4137722410714 280000
471201.381428571 4.32252257142857 280000
508564.45 4.32252257142857 280000
547742.704285714 1.85038593452381 280000
588825.415714286 1.85038593452381 280000
631904.831428571 1.07579510714286 280000
677079.15 1.07579510714286 280000
724449.545714286 0.786115520833333 280000
774120.168571428 0.786115520833333 280000
826204.095714286 0.674160470238095 280000
880823.331428571 0.674160470238095 280000
938093.928571428 0.638427101190476 280000
998146.818571428 0.638427101190476 280000
1061121.86 0.642239735119048 280000
1127155.93571429 0.642239735119048 280000
1196397.83142857 0.669213345238095 280000
1269008.23571429 0.669213345238095 280000
1345144.86142857 0.704698738095238 280000
1424983.27571429 0.704698738095238 280000
1508702.02142857 0.734691458333333 280000
1596488.56857143 0.734691458333333 280000
1688542.29 0.752440354166667 280000
1785068.51 0.752440354166667 280000
1886287.43142857 0.761193913690476 280000
1992425.20857143 0.761193913690476 280000
2103722.87428571 0.767895470238095 280000
2220427.41285714 0.767895470238095 280000
2342803.66285714 0.772098666666667 280000
2471131.34142857 0.772098666666667 280000
2605693.14142857 0.759569669642857 280000
2746792.58571429 0.759569669642857 280000
2894754.02714286 0.715696482142857 280000
3049904.79428571 0.715696482142857 280000
3212596.02142857 0.647664214285714 280000
3383193.72142857 0.647664214285714 280000
3562081.76142857 0.564499199404762 280000
3749664.83857143 0.564499199404762 280000
3946365.50428571 0.564499199404762 280000
4152627.14 0.564499199404762 280000
0 4916019.94557605 290000
15531.9085714286 4916019.94557605 290000
31782.2681632653 4916019.94557605 290000
48791.1783673469 4916019.94557605 290000
66592.0555102041 14421796.4352385 290000
85214.9742857143 14421796.4352385 290000
104706.71755102 7101708.03055601 290000
125104.043265306 7101708.03055601 290000
146450.392653061 4993074.6615277 290000
168789.206938775 4993074.6615277 290000
192163.927346939 502508.125569783 290000
216628.02 502508.125569783 290000
242224.926122449 16135.9529709872 290000
269014.795102041 16135.9529709872 290000
297047.751428571 884.074093063775 290000
326387.286122449 884.074093063775 290000
357086.865306122 87.3252501147959 290000
389213.321632653 87.3252501147959 290000
422833.487755102 14.927379377551 290000
458017.537959184 14.927379377551 290000
494835.646530612 4.19927659693878 290000
533364.671020408 4.19927659693878 290000
573684.810612245 1.79482570663265 290000
615879.606122449 1.79482570663265 290000
660035.94 1.0553293622449 290000
706244.036326531 1.0553293622449 290000
754597.460816326 0.78808925255102 290000
805199.804081633 0.78808925255102 290000
858154.656734694 0.696069043367347 290000
913568.951020408 0.696069043367347 290000
971562.985714285 0.677140086734694 290000
1032247.03469388 0.677140086734694 290000
1095754.76326531 0.685675173469388 290000
1162213.15346939 0.685675173469388 290000
1231762.55387755 0.698436033163265 290000
1304539.97142857 0.698436033163265 290000
1380702.46285714 0.705126260204082 290000
1460403.74326531 0.705126260204082 290000
1543810.89428571 0.704388316326531 290000
1631094.33918367 0.704388316326531 290000
1722434.52612245 0.698637923469388 290000
1818018.58653061 0.698637923469388 290000
1918047.01836735 0.690353459183673 290000
2022723.66122449 0.690353459183673 290000
2132265.72122449 0.68165825255102 290000
2246897.0877551 0.68165825255102 290000
2366858.35836735 0.674940178571428 290000
2492393.4722449 0.674940178571428 290000
2623763.07673469 0.672071943877551 290000
2761241.18571429 0.672071943877551 290000
2905105.15469388 0.672245987244898 290000
3055659.0722449 0.672245987244898 290000
3213207.02693878 0.670373280612245 290000
3378079.84040816 0.670373280612245 290000
3550611.67591837 0.650483604591837 290000
3731166.77142857 0.650483604591837 290000
3920112.70653061 0.650483604591837 290000
4117837.11061224 0.650483604591837 290000
0 5396507.34635332 300000
15471.1431632653 5396507.34635332 300000
31680.703877551 5396507.34635332 300000
48664.3075510204 5396507.34635332 300000
66460.8182653061 13573616.9075199 300000
85109.1001020408 13573616.9075199 300000
104644.778469388 10815242.3958049 300000
125113.194795918 10815242.3958049 300000
146562.929183673 7315915.73485816 300000
169032.845714286 7315915.73485816 300000
192581.240510204 1940111.61504078 300000
217250.216326531 1940111.61504078 300000
243101.307959184 31981.2600355366 300000
270183.095510204 31981.2600355366 300000
298560.35244898 1162.69698659906 300000
328294.613571429 1162.69698659906 300000
359447.413673469 91.6991933609694 300000
392090.003571429 91.6991933609694 300000
426290.395408163 14.7031187389456 300000
462126.317346939 14.7031187389456 300000
499672.258877551 4.18572231696429 300000
539012.425510204 4.18572231696429 300000
580234.261428572 1.82893288605442 300000
623421.972142857 1.82893288605442 300000
668672.717857143 1.09119680590986 300000
716086.89744898 1.09119680590986 300000
765764.909795918 0.818500499787415 300000
817816.869795918 0.818500499787415 300000
872356.131020408 0.719559025297619 300000
929499.285714286 0.719559025297619 300000
989372.642142857 0.695876225552721 300000
1052105.7472449 0.695876225552721 300000
1117834.62530612 0.706759517857143 300000
1186705.01663265 0.706759517857143 300000
1258865.90020408 0.730314120110544 300000
1334472.73234694 0.730314120110544 300000
1413690.68540816 0.750690774022109 300000
1496694.6477551 0.750690774022109 300000
1583662.74642857 0.757100648596939 300000
1674782.8244898 0.757100648596939 300000
1770258.91836735 0.746203861819728 300000
1870295.0644898 0.746203861819728 300000
1975111.49265306 0.723654597789116 300000
2084931.67132653 0.723654597789116 300000
2200001.73969388 0.700349643282313 300000
2320564.59826531 0.700349643282313 300000
2446889.05693878 0.683501794005102 300000
2579247.16428571 0.683501794005102 300000
2717930.40091837 0.672807424319728 300000
2863236.72479592 0.672807424319728 300000
3015483.52591837 0.665729573341837 300000
3175004.38765306 0.665729573341837 300000
3342142.60938776 0.662315471726191 300000
3517267.39989796 0.662315471726191 300000
3700757.68397959 0.663982039115646 300000
3893015.05714286 0.663982039115646 300000
4094454.06959184 0.663982039115646 300000
4305518.41959184 0.663982039115646 300000
0 1432325.09836717 30000
4382.14204081633 1432325.09836717 30000
9074.91224489796 1432325.09836717 30000
14100.5424489796 1432325.09836717 30000
19483.1171428571 1511268.37214586 30000
25247.3383673469 1511268.37214586 30000
31420.3783673469 266857.355298284 30000
38031.8795918367 266857.355298284 30000
45112.1020408163 1610.86206866922 30000
52695.0110204082 1610.86206866922 30000
60816.4244897959 55.8998846734694 30000
69513.3955102041 55.8998846734694 30000
78827.9175510204 7.75496255357143 30000
88802.6016326531 7.75496255357143 30000
99485.6167346939 2.68795514455782 30000
110926.984489796 2.68795514455782 30000
123179.814285714 1.54857994472789 30000
136301.538367347 1.54857994472789 30000
150355.146938775 1.11774804846939 30000
165405.482857143 1.11774804846939 30000
181524.182040816 0.907646898809524 30000
198785.968163265 0.907646898809524 30000
217272.975510204 0.761419823129252 30000
237071.66122449 0.761419823129252 30000
258275.275510204 0.639730107993197 30000
280983.244081633 0.639730107993197 30000
305302.403265306 0.557356521258503 30000
331347.61755102 0.557356521258503 30000
359240.544489796 0.516549264455782 30000
389112.72244898 0.516549264455782 30000
421104.335510204 0.504670413265306 30000
455366.066122449 0.504670413265306 30000
492058.47755102 0.507791619047619 30000
531355.101632653 0.507791619047619 30000
573439.968571429 0.516685640306122 30000
618510.694693877 0.516685640306122 30000
666779.71755102 0.530128954081633 30000
718473.060816327 0.530128954081633 30000
773835.274693878 0.553454370748299 30000
833125.113061224 0.553454370748299 30000
896622.326530612 0.590538309523809 30000
964624.574693877 0.590538309523809 30000
1037452.36653061 0.639786716836735 30000
1115447.82530612 0.639786716836735 30000
1198977.15877551 0.688910327380952 30000
1288433.74693878 0.688910327380952 30000
1384237.5244898 0.710964618197279 30000
1486839.30367347 0.710964618197279 30000
1596721.39183673 0.690612452380952 30000
1714400.06163265 0.690612452380952 30000
1840428.63877551 0.652436220238095 30000
1975399.9722449 0.652436220238095 30000
2119948.28693878 0.626767969387755 30000
2274752.88897959 0.626767969387755 30000
2440541.87102041 0.61187212414966 30000
2618094.58244898 0.61187212414966 30000
2808245.9522449 0.61187212414966 30000
3011889.57673469 0.61187212414966 30000
0 1279766.10815168 40000
4816.4906122449 1279766.10815168 40000
9962.59744897959 1279766.10815168 40000
15458.7891836735 1279766.10815168 40000
21330.4752040816 2694436.19091271 40000
27603.0648979592 2694436.19091271 40000
34304.0851020408 227417.744217168 40000
41461.7684693878 227417.744217168 40000
49107.8767346939 2030.09455420451 40000
57276.2890816327 2030.09455420451 40000
66001.5905102041 82.9940259330357 40000
75322.6009183674 82.9940259330357 40000
85279.5518367347 12.5150527942177 40000
95916.9096938775 12.5150527942177 40000
107279.140918367 3.89920730293367 40000
119417.064285714 3.89920730293367 40000
132383.616020408 1.79350281292517 40000
146234.555612245 1.79350281292517 40000
161031.289081633 1.13236907121599 40000
176837.339897959 1.13236907121599 40000
193722.583877551 0.882596848214286 40000
211759.720102041 0.882596848214286 40000
231027.8 0.771479301658163 40000
251610.815714286 0.771479301658163 40000
273599.111734694 0.69883462670068 40000
297087.26744898 0.69883462670068 40000
322178.332040816 0.631537980867347 40000
348982.412857143 0.631537980867347 40000
377615.26377551 0.572640549319728 40000
408201.814285714 0.572640549319728 40000
440876.169489796 0.53071800042517 40000
475780.198469388 0.53071800042517 40000
513066.35755102 0.507389300382653 40000
552896.984489796 0.507389300382653 40000
595445.710102041 0.49883715922619 40000
640898.869897959 0.49883715922619 40000
689453.386632653 0.501092830569728 40000
741321.005204082 0.501092830569728 40000
796728.998469388 0.512946133503401 40000
855918.049795918 0.512946133503401 40000
919146.487959184 0.534939664328231 40000
986689.581326531 0.534939664328231 40000
1058842.36112245 0.565660319940476 40000
1135919.62142857 0.565660319940476 40000
1218256.625 0.597988178146258 40000
1306211.92653061 0.597988178146258 40000
1400170.90173469 0.616502622661565 40000
1500540.80663265 0.616502622661565 40000
1607761.36479592 0.605044870960884 40000
1722299.12081633 0.605044870960884 40000
1844653.08683673 0.572158241496599 40000
1975356.86 0.572158241496599 40000
2114980.73989796 0.568661509778912 40000
2264132.43438776 0.568661509778912 40000
2423463.41193878 0.865993989583333 40000
2593668.19581633 0.865993989583333 40000
2775487.89316327 0.865993989583333 40000
2969716.54734694 0.865993989583333 40000
0 1310576.60452771 50000
5081.07265306122 1310576.60452771 50000
10511.8757142857 1310576.60452771 50000
16315.3302040816 1310576.60452771 50000
22518.0540816327 3188869.58673874 50000
29147.4046938775 3188869.58673874 50000
36231.4787755102 251611.576071728 50000
43802.8093877551 251611.576071728 50000
51894.6689795918 1826.40673645536 50000
60541.8087755102 1826.40673645536 50000
69784.1557142857 167.695716850765 50000
79660.8973469388 167.695716850765 50000
90217.1363265306 31.8721348333333 50000
101498.714693878 31.8721348333333 50000
113555.171428571 6.77398101870748 50000
126440.481836735 6.77398101870748 50000
140210.839387755 2.38328241454082 50000
154928.352653061 2.38328241454082 50000
170656.608979592 1.32539414158163 50000
187466.589591837 1.32539414158163 50000
205430.754489796 0.921617569302721 50000
224630.436326531 0.921617569302721 50000
245149.185918367 0.741370238520408 50000
267077.947959184 0.741370238520408 50000
290513.582244898 0.651080210884354 50000
315560.34244898 0.651080210884354 50000
342327.657959184 0.591316114795918 50000
370935.309591837 0.591316114795918 50000
401508.253877551 0.551019482142857 50000
434182.538163265 0.551019482142857 50000
469102.343061224 0.53120080952381 50000
506422.200612245 0.53120080952381 50000
546306.994285714 0.527405285714286 50000
588931.958979592 0.527405285714286 50000
634487.117346939 0.535218149659864 50000
683172.104081633 0.535218149659864 50000
735203.559795918 0.552450505527211 50000
790810.694693877 0.552450505527211 50000
850239.724897959 0.579214801870748 50000
913752.393673469 0.579214801870748 50000
981629.668367347 0.613342167942177 50000
1054171.74040816 0.613342167942177 50000
1131699.50408163 0.645596418367347 50000
1214555.29591837 0.645596418367347 50000
1303105.11285714 0.671397970238095 50000
1397740.83040816 0.671397970238095 50000
1498879.46326531 0.69592099744898 50000
1606969.08040816 0.69592099744898 50000
1722486.58693878 0.71174081462585 50000
1845943.63918367 0.71174081462585 50000
1977884.42653061 0.691629467687075 50000
2118893.06530612 0.691629467687075 50000
2269592.12 0.626423169642857 50000
2430647.77897959 0.626423169642857 50000
2602771.33326531 0.535130347363946 50000
2786724.3522449 0.535130347363946 50000
2983319.42306122 0.535130347363946 50000
3193424.58693878 0.535130347363946 50000
0 1620850.10638521 60000
5423.89714285714 1620850.10638521 60000
11215.9357142857 1620850.10638521 60000
17401.67 1620850.10638521 60000
24007.4528571429 5113081.61856971 60000
31062.0328571429 5113081.61856971 60000
38594.9571428571 2153224.52099996 60000
46640.5642857143 2153224.52099996 60000
55232.3942857143 49052.3038802798 60000
64407.1814285714 49052.3038802798 60000
74205.6528571428 981.374212735119 60000
84669.3342857143 981.374212735119 60000
95843.7442857143 57.7759740535714 60000
107777.595714286 57.7759740535714 60000
120521.198571429 9.6354197797619 60000
134131.251428571 9.6354197797619 60000
148665.251428571 3.04690436607143 60000
164186.285714286 3.04690436607143 60000
180761.434285714 1.46892888690476 60000
198462.568571429 1.46892888690476 60000
217365.552857143 0.993389583333333 60000
237552.64 0.993389583333333 60000
259110.874285714 0.802747291666667 60000
282133.688571429 0.802747291666667 60000
306719.307142857 0.687030964285714 60000
332975.537142857 0.687030964285714 60000
361014.977142857 0.603994508928571 60000
390958.211428571 0.603994508928571 60000
422935.407142857 0.553122181547619 60000
457084.717142857 0.553122181547619 60000
493553.877142857 0.529136755952381 60000
532499.407142857 0.529136755952381 60000
574090.604285714 0.521500416666667 60000
618505.55 0.521500416666667 60000
665938.297142857 0.525291967261905 60000
716591.682857143 0.525291967261905 60000
770686.112857143 0.541789122023809 60000
828454.77 0.541789122023809 60000
890146.01 0.573845110119047 60000
956028.152857143 0.573845110119047 60000
1026384.69142857 0.625481071428571 60000
1101519.88142857 0.625481071428571 60000
1181757.94285714 0.699636747023809 60000
1267445.45571429 0.699636747023809 60000
1358953.75571429 0.786193571428571 60000
1456676.53857143 0.786193571428571 60000
1561037.04714286 0.852925860119047 60000
1672484.87714286 0.852925860119047 60000
1791502.36571429 0.866682916666666 60000
1918603.79285714 0.866682916666666 60000
2054337.77714286 0.837538386904762 60000
2199290.47 0.837538386904762 60000
2354088.75 0.822701595238095 60000
2519400.22285714 0.822701595238095 60000
2695940.40857143 0.943982967261905 60000
2884470.34571429 0.943982967261905 60000
3085805.37571429 0.943982967261905 60000
3300814.34428571 0.943982967261905 60000
0 3377991.11320446 70000
5886.36122448979 3377991.11320446 70000
12155.4942857143 3377991.11320446 70000
18831.8314285714 3377991.11320446 70000
25943.4244897959 3651109.42957075 70000
33517.4204081633 3651109.42957075 70000
41583.6808163265 3182425.84129518 70000
50174.7820408163 3182425.84129518 70000
59325.1102040816 470958.885204893 70000
69069.9563265306 470958.885204893 70000
79449.1359183673 4112.67493492857 70000
90503.3693877551 4112.67493492857 70000
102276.996734694 125.717292489796 70000
114816.167755102 125.717292489796 70000
128170.651836735 12.8700545 70000
142394.742857143 12.8700545 70000
157543.639591837 3.36612991836735 70000
173677.970204082 3.36612991836735 70000
190861.07755102 1.64613004081633 70000
209162.63877551 1.64613004081633 70000
228655.045714286 1.11187074489796 70000
249414.309795918 1.11187074489796 70000
271524.586530612 0.847723489795918 70000
295073.651020408 0.847723489795918 70000
320153.802857143 0.690542714285714 70000
346865.485714286 0.690542714285714 70000
375314.572653061 0.604011846938775 70000
405614.175918367 0.604011846938775 70000
437885.551836735 0.561394923469388 70000
472255.386122449 0.561394923469388 70000
508861.223265306 0.542269528061224 70000
547847.846938775 0.542269528061224 70000
589370.899591837 0.536845795918367 70000
633595.072653061 0.536845795918367 70000
680695.011428571 0.54169831122449 70000
730859.839591837 0.54169831122449 70000
784287.729795918 0.554491306122449 70000
841190.428163265 0.554491306122449 70000
901795.064081633 0.572225420918367 70000
966341.435510204 0.572225420918367 70000
1035086.53346939 0.589284632653061 70000
1108303.63714286 0.589284632653061 70000
1186283.21877551 0.599249821428571 70000
1269335.65836735 0.599249821428571 70000
1357790.33877551 0.602156806122449 70000
1451998.36040816 0.602156806122449 70000
1552335.25591837 0.606886783163265 70000
1659198.2755102 0.606886783163265 70000
1773013.62612245 0.625949966836735 70000
1894231.04204082 0.625949966836735 70000
2023334.64367347 0.684523257653061 70000
2160835.69836735 0.684523257653061 70000
2307280.7644898 0.861451545918367 70000
2463252.59632653 0.861451545918367 70000
2629369.23918367 1.52407815816327 70000
2806292.17346939 1.52407815816327 70000
2994723.6 1.52407815816327 70000
3195411.86938775 1.52407815816327 70000
0 2115777.5458381 80000
6216.48734693878 2115777.5458381 80000
12834.2873469388 2115777.5458381 80000
19877.5173469388 2115777.5458381 80000
27375.1181632653 5051097.49851504 80000
35356.0306122449 5051097.49851504 80000
43851.1248979592 4522165.84435312 80000
52894.1653061225 4522165.84435312 80000
62518.916122449 1388681.62621068 80000
72763.9651020408 1388681.62621068 80000
83669.8293877551 22590.1425433015 80000
95278.9555102041 22590.1425433015 80000
107635.719387755 673.227825286565 80000
120788.355714286 673.227825286565 80000
134788.957959184 42.0639772355442 80000
149691.548979592 42.0639772355442 80000
165554.975102041 6.40934774107143 80000
182440.012040816 6.40934774107143 80000
200413.223673469 2.10305476062925 80000
219545.032653061 2.10305476062925 80000
239909.720408163 1.12788390561224 80000
261586.391836735 1.12788390561224 80000
284659.94 0.800603468537415 80000
309221.046122449 0.800603468537415 80000
335364.250204082 0.661500640731293 80000
363192.774489796 0.661500640731293 80000
392813.7 0.596958600765306 80000
424344.719387755 0.596958600765306 80000
457906.419387755 0.570737015306123 80000
493631.927755102 0.570737015306123 80000
531659.195714286 0.561640755952381 80000
572136.786122449 0.561640755952381 80000
615222.90877551 0.559168727891157 80000
661085.420408163 0.559168727891157 80000
709903.754081633 0.560631846938776 80000
761867.954489796 0.560631846938776 80000
817181.572040816 0.565511590136055 80000
876058.76877551 0.565511590136055 80000
938730.106530612 0.573116593537415 80000
1005440.61755102 0.573116593537415 80000
1076449.8044898 0.585064729166667 80000
1152034.5344898 0.585064729166667 80000
1232490.96857143 0.608480663265306 80000
1318131.66755102 0.608480663265306 80000
1409291.38020408 0.651946151785714 80000
1506325.11387755 0.651946151785714 80000
1609611.99326531 0.719601339285714 80000
1719555.26040816 0.719601339285714 80000
1836583.23938776 0.805686199404762 80000
1961153.19510204 0.805686199404762 80000
2093750.36857143 0.897271824404762 80000
2234891.83571429 0.897271824404762 80000
2385129.40142857 1.00348663010204 80000
2545048.63489796 1.00348663010204 80000
2715272.72836735 1.22347301020408 80000
2896467.32061225 1.22347301020408 80000
3089337.60285714 1.22347301020408 80000
3294637.00102041 1.22347301020408 80000
0 2980429.04552977 90000
6615.45030612245 2980429.04552977 90000
13654.1321428571 2980429.04552977 90000
21142.9502040816 2980429.04552977 90000
29109.8439795918 5766808.83744075 90000
37585.8573469388 5766808.83744075 90000
46605.1385714286 3219153.22517345 90000
56199.7663265306 3219153.22517345 90000
66408.0280612245 290493.256576362 90000
77269.2460204082 290493.256576362 90000
88824.8120408163 5842.98331501403 90000
101119.222346939 5842.98331501403 90000
114199.042755102 388.875984904549 90000
128116.013061224 388.875984904549 90000
142921.873061224 46.3165878854167 90000
158674.571326531 46.3165878854167 90000
175434.126020408 8.48653810416667 90000
193265.729285714 8.48653810416667 90000
212236.642857143 2.51880536819728 90000
232421.372040816 2.51880536819728 90000
253895.456938775 1.18859461755952 90000
276742.716020408 1.18859461755952 90000
301051.106938776 0.802193198341837 90000
326912.726530612 0.802193198341837 90000
354427.95 0.672682021683673 90000
383702.326530612 0.672682021683673 90000
414848.648877551 0.624516583333333 90000
447985.918571429 0.624516583333333 90000
483241.415510204 0.599435717261905 90000
520751.732755102 0.599435717261905 90000
560659.672142857 0.581275048894558 90000
603118.383469388 0.581275048894558 90000
648292.399285714 0.569355493409864 90000
696353.495714286 0.569355493409864 90000
747487.936020408 0.566574479379252 90000
801891.296632653 0.566574479379252 90000
859772.60632653 0.577821417517007 90000
921353.311428571 0.577821417517007 90000
986872.449795918 0.606414122236395 90000
1056579.4072449 0.606414122236395 90000
1130743.23071429 0.6471225625 90000
1209648.48908163 0.6471225625 90000
1293598.37755102 0.685681645408163 90000
1382914.71765306 0.685681645408163 90000
1477942.09642857 0.711200143920068 90000
1579043.7272449 0.711200143920068 90000
1686608.69336735 0.724842203443878 90000
1801050.91316326 0.724842203443878 90000
1922810.17489796 0.734112250212585 90000
2052353.17153061 0.734112250212585 90000
2190177.63989796 0.740422349489796 90000
2336813.3955102 0.740422349489796 90000
2492823.36734694 0.731799050170068 90000
2658807.73704082 0.731799050170068 90000
2835403.93887755 0.684886146045918 90000
3023289.76418367 0.684886146045918 90000
3223187.5005102 0.684886146045918 90000
3435863.93163265 0.684886146045918 90000
0 2821014.18250367 hpsmc
8278.79183673469 2821014.18250367 hpsmc
17175.9673469388 2821014.18250367 hpsmc
26735.9346938775 2821014.18250367 hpsmc
37008.6530612245 3612.60805523809 hpsmc
48047.4122448979 3612.60805523809 hpsmc
59909.9428571428 91.2288023129252 hpsmc
72656.1959183673 91.2288023129252 hpsmc
86353.893877551 21.0972243537415 hpsmc
101072.979591837 21.0972243537415 hpsmc
116888.946938776 7.1237725170068 hpsmc
133885.06122449 7.1237725170068 hpsmc
152149.028571429 4.07203891156463 hpsmc
171774.106122449 4.07203891156463 hpsmc
192863.542857143 3.15623619047619 hpsmc
215525.028571429 3.15623619047619 hpsmc
239876.244897959 2.70964040816327 hpsmc
266043.755102041 2.70964040816327 hpsmc
294163.004081633 2.32234108843537 hpsmc
324378.318367347 2.32234108843537 hpsmc
356847.346938776 1.95295306122449 hpsmc
391738.840816327 1.95295306122449 hpsmc
429230.432653061 1.63821020408163 hpsmc
469518.628571429 1.63821020408163 hpsmc
512812.146938775 1.39657428571429 hpsmc
559333.028571428 1.39657428571429 hpsmc
609323.297959184 1.22616258503401 hpsmc
663041.632653061 1.22616258503401 hpsmc
720765.583673469 1.11667333333333 hpsmc
782794.906122449 1.11667333333333 hpsmc
849449.33877551 1.05706925170068 hpsmc
921075.265306122 1.05706925170068 hpsmc
998042.383673469 1.03951646258503 hpsmc
1080748.14693878 1.03951646258503 hpsmc
1169622.20408163 1.06056639455782 hpsmc
1265124.17959184 1.06056639455782 hpsmc
1367748.11428571 1.12054285714286 hpsmc
1478024.68571429 1.12054285714286 hpsmc
1596524.53877551 1.22351659863946 hpsmc
1723861.61632653 1.22351659863946 hpsmc
1860695.37959184 1.37896367346939 hpsmc
2007733.02857143 1.37896367346939 hpsmc
2165735.05306122 1.60446231292517 hpsmc
2335519.67346939 1.60446231292517 hpsmc
2517966.17142857 1.9283874829932 hpsmc
2714018.22040816 1.9283874829932 hpsmc
2924691.65714286 2.39132176870748 hpsmc
3151074.48163265 2.39132176870748 hpsmc
3394339.06938776 3.04033088435374 hpsmc
3655745.50204082 3.04033088435374 hpsmc
3936646.00816326 3.90125945578231 hpsmc
4238492.73469388 3.90125945578231 hpsmc
4562851.06938775 4.92588068027211 hpsmc
4911396.31020408 4.92588068027211 hpsmc
5285934.75918367 6.12368217687075 hpsmc
5688403.72244898 6.12368217687075 hpsmc
6120884.83265306 6.12368217687075 hpsmc
6585618.48163265 6.12368217687075 hpsmc
