0 3712191.34824094 0
15760.7307 3712191.34824094 0
32670.209 3712191.34824094 0
50812.6476 3712191.34824094 0
70280.8964 2373.31219971083 0
91172.1239 2373.31219971083 0
113585.6579 175.965572133542 0
137633.782 175.965572133542 0
163439.5763 33.7601516633333 0
191128.2802 33.7601516633333 0
220838.0889 16.467726006875 0
252713.6755 16.467726006875 0
286919.1468 10.6815667589583 0
323618.6096 10.6815667589583 0
362997.7637 7.12058865375 0
405250.9461 7.12058865375 0
450587.6089 5.06080989104167 0
499234.4786 5.06080989104167 0
551431.2375 3.91739306291667 0
607437.0016 3.91739306291667 0
667530.3206 3.27265307416667 0
732009.1779 3.27265307416667 0
801195.3092 2.87122121 0
875429.8839 2.87122121 0
955084.3016 2.59690913625 0
1040549.3956 2.59690913625 0
1132254.8666 2.40715615020833 0
1230652.0083 2.40715615020833 0
1336230.9818 2.26921286854167 0
1449514.3377 2.26921286854167 0
1571067.8126 2.16010523895833 0
1701491.6919 2.16010523895833 0
1841435.9249 2.07749851833333 0
1991593.6469 2.07749851833333 0
2152709.8164 2.03265255645833 0
2325583.3744 2.03265255645833 0
2511078.0409 2.035099763125 0
2710107.1998 2.035099763125 0
2923666.2884 2.08448475354167 0
3152809.0451 2.08448475354167 0
3398677.7396 2.17133359895833 0
3662490.2171 2.17133359895833 0
3945557.1727 2.281408415 0
4249282.1514 2.281408415 0
4575176.6632 2.39936467604167 0
4924855.8645 2.39936467604167 0
5300057.9918 2.515908395 0
5702642.2024 2.515908395 0
6134610.1674 2.62940210270833 0
6598106.0717 2.62940210270833 0
7095429.5698 2.76107891583333 0
7629048.7416 2.76107891583333 0
8201615.2075 2.953800939375 0
8815972.7656 2.953800939375 0
9475166.0289 3.19096405604167 0
10182472.8148 3.19096405604167 0
10941401.9858 3.19096405604167 0
11755719.3611 3.19096405604167 0
0 8035531.59243902 100000
17176.82025 8035531.59243902 100000
35589.60655 8035531.59243902 100000
55324.4223 8035531.59243902 100000
76479.28415 7172801.05432179 100000
99152.20875 7172801.05432179 100000
123453.166 10916.8180232301 100000
149501.6884 10916.8180232301 100000
177422.08975 195.467468008646 100000
207348.24645 195.467468008646 100000
239425.98815 31.6226266867708 100000
273808.31645 31.6226266867708 100000
310660.1862 13.3415950848958 100000
350160.89615 13.3415950848958 100000
392499.30765 7.91032217458333 100000
437878.62595 7.91032217458333 100000
486521.1815 5.55803214604167 100000
538656.4767 5.55803214604167 100000
594540.3111 4.30112798645833 100000
654438.04685 4.30112798645833 100000
718641.34325 3.5522518934375 100000
787456.2035 3.5522518934375 100000
861214.92795 3.06757250854167 100000
940276.1141 3.06757250854167 100000
1025017.48465 2.72480310375 100000
1115845.4501 2.72480310375 100000
1213202.2807 2.4694219175 100000
1317554.1532 2.4694219175 100000
1429405.49475 2.28637781583333 100000
1549291.81095 2.28637781583333 100000
1677791.6391 2.17500340895833 100000
1815526.5482 2.17500340895833 100000
1963158.7483 2.12154249833333 100000
2121398.26245 2.12154249833333 100000
2291007.708 2.1088670728125 100000
2472804.68725 2.1088670728125 100000
2667664.1781 2.13116984510417 100000
2876525.706 2.13116984510417 100000
3100395.7346 2.1888343153125 100000
3340350.0564 2.1888343153125 100000
3597545.746 2.28097395072917 100000
3873223.55075 2.28097395072917 100000
4168710.2814 2.40260823052083 100000
4485428.3747 2.40260823052083 100000
4824903.06535 2.5401702159375 100000
5188771.9486 2.5401702159375 100000
5578784.98025 2.67575493458333 100000
5996823.60185 2.67575493458333 100000
6444900.7407 2.80202607927083 100000
6925172.7631 2.80202607927083 100000
7439953.81825 2.92852134739583 100000
7991725.40085 2.92852134739583 100000
8583143.52305 3.058507960625 100000
9217057.83965 3.058507960625 100000
9896523.60135 3.10429388864583 100000
10624808.8267 3.10429388864583 100000
11405427.7712 3.10429388864583 100000
12242133.75535 3.10429388864583 100000
0 5125030.57601885 150000
17704.464 5125030.57601885 150000
36677.064 5125030.57601885 150000
57006.792 5125030.57601885 150000
78795 671910.8991949 150000
102140.568 671910.8991949 150000
127159.68 2612.43292435 150000
153970.992 2612.43292435 150000
182703.048 213.0299148 150000
213491.808 213.0299148 150000
246488.064 48.16702815 150000
281845.08 48.16702815 150000
319733.424 17.25842765 150000
360336.024 17.25842765 150000
403848.168 9.1075175 150000
450475.032 9.1075175 150000
500441.568 6.12653785 150000
553987.56 6.12653785 150000
611367.624 4.567432 150000
672856.152 4.567432 150000
738749.784 3.5885715 150000
809362.464 3.5885715 150000
885032.856 3.0177249 150000
966121.872 3.0177249 150000
1053017.616 2.6959941 150000
1146137.856 2.6959941 150000
1245927.552 2.49010225 150000
1352861.328 2.49010225 150000
1467455.832 2.33592155 150000
1590257.376 2.33592155 150000
1721854.296 2.2238524 150000
1862876.952 2.2238524 150000
2013997.728 2.1618464 150000
2175940.92 2.1618464 150000
2349485.208 2.150537 150000
2535456.24 2.150537 150000
2734746.408 2.1783779 150000
2948309.904 2.1783779 150000
3177167.664 2.23491975 150000
3422417.256 2.23491975 150000
3685230.408 2.3161816 150000
3966865.368 2.3161816 150000
4268671.848 2.4201601 150000
4592093.496 2.4201601 150000
4938677.784 2.54979075 150000
5310083.424 2.54979075 150000
5708090.256 2.7144311 150000
6134599.248 2.7144311 150000
6591657.216 2.91053795 150000
7081446.936 2.91053795 150000
7606316.808 3.08924295 150000
8168775.912 3.08924295 150000
8771516.256 3.15604875 150000
9417425.136 3.15604875 150000
10109595.024 2.9992982 150000
10851335.928 2.9992982 150000
11646200.112 2.9992982 150000
12497989.512 2.9992982 150000
0 5689608.05504083 200000
18512.1465 5689608.05504083 200000
38325.0045 5689608.05504083 200000
59538.4266 5689608.05504083 200000
82241.7546 1677087.55656354 200000
106547.9796 1677087.55656354 200000
132564.8373 24009.9411006994 200000
160413.2019 24009.9411006994 200000
190224.4584 725.216114645625 200000
222137.8749 725.216114645625 200000
256297.9749 73.146803155 200000
292862.4204 73.146803155 200000
332004.6396 22.740854840625 200000
373903.3161 22.740854840625 200000
418755.5274 11.16002802875 200000
466766.2341 11.16002802875 200000
518158.7907 6.8100130125 200000
573172.3179 6.8100130125 200000
632061.7026 4.7734141275 200000
695097.5979 4.7734141275 200000
762576.9339 3.67948072 200000
834807.1515 3.67948072 200000
912127.224 3.050984149375 200000
994894.5186 3.050984149375 200000
1083492.6795 2.6825094425 200000
1178331.6279 2.6825094425 200000
1279850.1897 2.460211496875 200000
1388521.3509 2.460211496875 200000
1504849.6299 2.314647865625 200000
1629371.0775 2.314647865625 200000
1762663.7877 2.22026416625 200000
1905347.8977 2.22026416625 200000
2058082.9602 2.174109710625 200000
2221578.4542 2.174109710625 200000
2396591.1573 2.172565936875 200000
2583933.0288 2.172565936875 200000
2784471.2097 2.202861128125 200000
2999135.9058 2.202861128125 200000
3228925.6431 2.252042913125 200000
3474899.3847 2.252042913125 200000
3738205.4355 2.31755475875 200000
4020057.7929 2.31755475875 200000
4321765.0515 2.40490388625 200000
4644727.7754 2.40490388625 200000
4990441.1259 2.518294615625 200000
5360508 2.518294615625 200000
5756644.2858 2.64755008375 200000
6180689.3733 2.64755008375 200000
6634603.5267 2.762845895625 200000
7120496.7891 2.762845895625 200000
7640618.4717 2.81368641625 200000
8197378.1754 2.81368641625 200000
8793361.557 2.74694283625 200000
9431330.3292 2.74694283625 200000
10114240.6545 2.512738125 200000
10845258.9114 2.512738125 200000
11627774.8329 2.512738125 200000
12465414.645 2.512738125 200000
0 8461108.6852454 250000
19429.89845 8461108.6852454 250000
40213.234 8461108.6852454 250000
62447.4764 8461108.6852454 250000
86235.6651 12472743.6215858 250000
111680.83955 12472743.6215858 250000
138899.96345 223492.515733337 250000
168021.1399 223492.515733337 250000
199172.472 3190.91538945677 250000
232495.9871 3190.91538945677 250000
268144.85195 221.635077901771 250000
306283.3727 221.635077901771 250000
347081.4252 39.7603071563542 250000
390725.5944 39.7603071563542 250000
437413.60465 13.3270911334375 250000
487359.8894 13.3270911334375 250000
540790.0215 6.96478221104167 250000
597949.06775 6.96478221104167 250000
659093.23435 4.79988623520833 250000
724506.576 4.79988623520833 250000
794481.50195 3.7730018065625 250000
869341.0548 3.7730018065625 250000
949422.2014 3.171352369375 250000
1035089.7571 3.171352369375 250000
1126733.6009 2.78878940239583 250000
1224771.4603 2.78878940239583 250000
1329648.9113 2.52369488947917 250000
1441842.16325 2.52369488947917 250000
1561866.4134 2.33724918197917 250000
1690261.92265 2.33724918197917 250000
1827616.29435 2.22340103291667 250000
1974550.55005 2.22340103291667 250000
2131738.62345 2.1751593084375 250000
2299893.43615 2.1751593084375 250000
2479780.8219 2.17797316729167 250000
2672216.74175 2.17797316729167 250000
2878078.42345 2.21726856114583 250000
3098301.5766 2.21726856114583 250000
3333891.53205 2.285352341875 250000
3585917.6722 2.285352341875 250000
3855524.5704 2.3753378075 250000
4143943.13035 2.3753378075 250000
4452482.23155 2.4778376928125 250000
4782548.22325 2.4778376928125 250000
5135642.1396 2.58699801104167 250000
5513370.83905 2.58699801104167 250000
5917449.7892 2.69992367854167 250000
6349722.56075 2.69992367854167 250000
6812155.2578 2.81608673416667 250000
7306847.65725 2.81608673416667 250000
7836055.4876 2.92800289354167 250000
8402182.0744 2.92800289354167 250000
9007808.9736 2.994444773125 250000
9655684.83215 2.994444773125 250000
10348764.3759 2.96185042458333 250000
11090197.2702 2.96185042458333 250000
11883355.9684 2.96185042458333 250000
12731852.42095 2.96185042458333 250000
0 8285702.70283192 300000
20188.53045 8285702.70283192 300000
41769.5751 8285702.70283192 300000
64839.6738 8285702.70283192 300000
89501.2173 10493081.9593458 300000
115868.29815 10493081.9593458 300000
144052.08345 3546180.01248777 300000
174181.293 3546180.01248777 300000
206387.57205 19985.0615019 300000
240817.1931 19985.0615019 300000
277625.205 505.931747743125 300000
316972.5075 505.931747743125 300000
359034.6276 53.6647290609375 300000
403998.7941 53.6647290609375 300000
452066.86305 15.8903922684375 300000
503449.46685 15.8903922684375 300000
558380.6415 7.8544919475 300000
617103.19935 7.8544919475 300000
679874.58 5.0101927115625 300000
746981.47755 5.0101927115625 300000
818716.437 3.764188704375 300000
895404.1833 3.764188704375 300000
977381.1432 3.1456937221875 300000
1065018.84885 3.1456937221875 300000
1158700.5342 2.798546416875 300000
1258850.3895 2.798546416875 300000
1365910.1577 2.5771081359375 300000
1480356.68715 2.5771081359375 300000
1602701.9316 2.415751284375 300000
1733490.02475 2.415751284375 300000
1873303.13115 2.2930469409375 300000
2022767.2971 2.2930469409375 300000
2182543.6743 2.211749904375 300000
2353346.07255 2.211749904375 300000
2535935.10885 2.1791372315625 300000
2731124.0583 2.1791372315625 300000
2939781.77955 2.194148446875 300000
3162841.49115 2.194148446875 300000
3401291.9952 2.250743715 300000
3656198.1555 2.250743715 300000
3928695.04665 2.346881315625 300000
4219996.7304 2.346881315625 300000
4531399.1811 2.4797515978125 300000
4864294.91295 2.4797515978125 300000
5220161.2782 2.6318810925 300000
5600583.87075 2.6318810925 300000
6007259.4516 2.7700293740625 300000
6442001.79975 2.7700293740625 300000
6906741.7122 2.856640978125 300000
7403553.333 2.856640978125 300000
7934651.2278 2.8624126471875 300000
8502399.1602 2.8624126471875 300000
9109324.719 2.805079921875 300000
9758133.94545 2.805079921875 300000
10451717.18415 2.83008033 300000
11193163.7103 2.83008033 300000
11985773.4315 2.83008033 300000
12833083.2168 2.83008033 300000
0 10180.2844612323 50000
16201.001 10180.2844612323 50000
33583.973 10180.2844612323 50000
52235.56425 10180.2844612323 50000
72246.8665 355.435652944271 50000
93715.63675 355.435652944271 50000
116752.9625 113.535576895313 50000
141467.7095 113.535576895313 50000
167986.5175 54.9633131838542 50000
196438.248 54.9633131838542 50000
226965.093 24.3939263 50000
259718.1315 24.3939263 50000
294857.3295 12.5706939005208 50000
332562.64875 12.5706939005208 50000
373016.27275 7.7418683921875 50000
416418.159 7.7418683921875 50000
462986.039 5.31170435625 50000
512950.97475 5.31170435625 50000
566557.35875 4.05346253020833 50000
624076.2445 4.05346253020833 50000
685787.5725 3.37488453645833 50000
751997.94425 3.37488453645833 50000
823038.4005 2.964397709375 50000
899257.756 2.964397709375 50000
981035.93 2.67438064739583 50000
1068777.281 2.67438064739583 50000
1162919.49375 2.44741499895833 50000
1263924.69225 2.44741499895833 50000
1372294.992 2.27436844583333 50000
1488568.0565 2.27436844583333 50000
1613321.54075 2.15167230208333 50000
1747170.8695 2.15167230208333 50000
1890782.56775 2.08012269479167 50000
2044865.37375 2.08012269479167 50000
2210185.79125 2.06828724739583 50000
2387561.42425 2.06828724739583 50000
2577872.08575 2.1126204171875 50000
2782059.79775 2.1126204171875 50000
3001137.67825 2.18954388229167 50000
3236192.163 2.18954388229167 50000
3488387.449 2.2793349828125 50000
3758974.3815 2.2793349828125 50000
4049290.454 2.3786472078125 50000
4360779.804 2.3786472078125 50000
4694984.326 2.48563372760417 50000
5053559.22375 2.48563372760417 50000
5438281.89725 2.59864674427083 50000
5851058.608 2.59864674427083 50000
6293937.8095 2.7297392515625 50000
6769114.59075 2.7297392515625 50000
7278941.785 2.89904585885417 50000
7825945.522 2.89904585885417 50000
8412840.78025 3.09891541458333 50000
9042533.60875 3.09891541458333 50000
9718145.56625 3.2646533359375 50000
10443024.83 3.2646533359375 50000
11220763.96975 3.2646533359375 50000
12055219.9435 3.2646533359375 50000
0 1458.34805802572 hpsmc
8434.03928571429 1458.34805802572 hpsmc
17495.9647959184 1458.34805802572 hpsmc
27234.4235714286 1458.34805802572 hpsmc
37698.0626530612 405.272512794855 hpsmc
48942.3170408163 405.272512794855 hpsmc
61024.8843877551 171.572383261692 hpsmc
74006.8563265306 171.572383261692 hpsmc
87958.3751020408 23.408866477466 hpsmc
102948.451632653 23.408866477466 hpsmc
119057.410102041 7.2537121747449 hpsmc
136365.574693878 7.2537121747449 hpsmc
154965.714183673 4.23799396534864 hpsmc
174951.728673469 4.23799396534864 hpsmc
196427.700204082 3.25980426530612 hpsmc
219504.49877551 3.25980426530612 hpsmc
244300.913673469 2.73140171067177 hpsmc
270947.04744898 2.73140171067177 hpsmc
299578.659285714 2.31294288244048 hpsmc
330346.215612245 2.31294288244048 hpsmc
363405.839489796 1.94861095790816 hpsmc
398930.623877551 1.94861095790816 hpsmc
437102.712346939 1.64627337032313 hpsmc
478121.218367347 1.64627337032313 hpsmc
522197.7 1.41039414562075 hpsmc
569560.685204082 1.41039414562075 hpsmc
620453.409183673 1.2384395837585 hpsmc
675139.471020408 1.2384395837585 hpsmc
733902.833673469 1.12497460352891 hpsmc
797047.823979592 1.12497460352891 hpsmc
864899.132653061 1.06299912202381 hpsmc
937808.602244898 1.06299912202381 hpsmc
1016152.9644898 1.04598915625 hpsmc
1100338.36561224 1.04598915625 hpsmc
1190799.235 1.0699968480017 hpsmc
1288003.94183673 1.0699968480017 hpsmc
1392454.79510204 1.13473229485544 hpsmc
1504691.43755102 1.13473229485544 hpsmc
1625296.50234694 1.24390530505952 hpsmc
1754891.0877551 1.24390530505952 hpsmc
1894147.20173469 1.4067479744898 hpsmc
2043784.36795918 1.4067479744898 hpsmc
2204576.41377551 1.64139452465986 hpsmc
2377354.86418367 1.64139452465986 hpsmc
2563013.46714286 1.97622475297619 hpsmc
2762512.71887755 1.97622475297619 hpsmc
2976884.38918367 2.44642527147109 hpsmc
3207236.04673469 2.44642527147109 hpsmc
3454760.10969388 3.08373921704932 hpsmc
3720737.23969388 3.08373921704932 hpsmc
4006540.86714286 3.89398349362245 hpsmc
4313650.76714286 3.89398349362245 hpsmc
4643655.32214286 4.83655054953231 hpsmc
4998260.57255102 4.83655054953231 hpsmc
5379300.39867347 6.00742165625 hpsmc
5788746.70265306 6.00742165625 hpsmc
6228715.06510204 6.00742165625 hpsmc
6701481.715 6.00742165625 hpsmc
