0 2589439.7385406 100000
5852.10795918367 2589439.7385406 100000
12045.9814285714 2589439.7385406 100000
18601.6653061224 2589439.7385406 100000
25540.2067346939 4921104.40325691 100000
32883.6551020408 4921104.40325691 100000
40656.0642857143 774146.243837196 100000
48882.4904081633 774146.243837196 100000
57588.9918367347 17059.1939003546 100000
66803.6314285714 17059.1939003546 100000
76557.4787755102 2545.27085418112 100000
86879.5989795918 2545.27085418112 100000
97805.0706122449 519.668685966837 100000
109367.97 519.668685966837 100000
121606.38244898 76.1438502181122 100000
134559.395510204 76.1438502181122 100000
148269.103469388 12.0132643966837 100000
162778.602857143 12.0132643966837 100000
178136.001428571 3.05719354846939 100000
194389.406938775 3.05719354846939 100000
211592.940612245 1.2446315625 100000
229799.721428571 1.2446315625 100000
249070.886326531 0.704202321428571 100000
269466.57 0.704202321428571 100000
291052.920612245 0.501435650510204 100000
313900.095306122 0.501435650510204 100000
338082.260204082 0.420711088010204 100000
363674.583673469 0.420711088010204 100000
390763.25877551 0.395606941326531 100000
419432.474081633 0.395606941326531 100000
449775.438367347 0.399668121173469 100000
481891.373877551 0.399668121173469 100000
515881.507346939 0.419341353316326 100000
551857.087959184 0.419341353316326 100000
589932.371632653 0.443382702806122 100000
630231.636734694 0.443382702806122 100000
672884.172857143 0.458798482142857 100000
718027.28755102 0.458798482142857 100000
765806.306326531 0.457806677295918 100000
816374.572653061 0.457806677295918 100000
869896.454693877 0.445955131377551 100000
926543.33632653 0.445955131377551 100000
986497.626122449 0.436774150510204 100000
1049952.75734694 0.436774150510204 100000
1117113.18795918 0.439029201530612 100000
1188195.40285714 0.439029201530612 100000
1263427.91387755 0.448719656887755 100000
1343053.26428571 0.448719656887755 100000
1427328.02877551 0.451521766581633 100000
1516524.81795918 0.451521766581633 100000
1610928.26938776 0.43836312627551 100000
1710845.07 0.43836312627551 100000
1816595.93816327 0.414290456632653 100000
1928521.63714286 0.414290456632653 100000
2046982.97510204 0.382817878826531 100000
2172361.80734694 0.382817878826531 100000
2305061.03632653 0.382817878826531 100000
2445509.62285714 0.382817878826531 100000
0 1092317.72524901 10000
2668.58295918367 1092317.72524901 10000
5528.65714285714 1092317.72524901 10000
8593.26183673469 1092317.72524901 10000
11877.2990816327 2090005.84351421 10000
15396.7885714286 2090005.84351421 10000
19168.4951020408 27857.7331632066 10000
23210.301122449 27857.7331632066 10000
27541.5792857143 64.1001056084184 10000
32183.1924489796 64.1001056084184 10000
37157.121122449 9.19648558290816 10000
42487.2085714286 9.19648558290816 10000
48199.5333673469 3.33259461352041 10000
54320.9191836735 3.33259461352041 10000
60880.425 1.23716354783163 10000
67910.0902040816 1.23716354783163 10000
75443.4443877551 0.736824422831633 10000
83516.2524489796 0.736824422831633 10000
92167.632244898 0.584770052295918 10000
101438.191836735 0.584770052295918 10000
111373.38244898 0.527394090561225 10000
122019.772959184 0.527394090561225 10000
133429.147959184 0.503988572704082 10000
145655.527346939 0.503988572704082 10000
158757.774183673 0.46841150255102 10000
172798.849591837 0.46841150255102 10000
187845.440204082 0.407387645408163 10000
203969.820918367 0.407387645408163 10000
221249.482346939 0.345842216836735 10000
239766.758265306 0.345842216836735 10000
259610.315816327 0.306523337372449 10000
280875.528061224 0.306523337372449 10000
303663.728877551 0.29432384375 10000
328084.820816327 0.29432384375 10000
354254.667244898 0.303701263392857 10000
382299.562959184 0.303701263392857 10000
412353.25377551 0.325486184311225 10000
444559.544387755 0.325486184311225 10000
479073.043469388 0.350000817602041 10000
516058.791122449 0.350000817602041 10000
555694.121632653 0.371009590561225 10000
598168.290918367 0.371009590561225 10000
643685.084387755 0.391898060586735 10000
692462.444387755 0.391898060586735 10000
744733.960408163 0.421172033163265 10000
800749.614183674 0.421172033163265 10000
860777.64244898 0.456496079081633 10000
925106.027142857 0.456496079081633 10000
994042.122857143 0.475532660076531 10000
1067916.38234694 0.475532660076531 10000
1147082.35653061 0.445871389668367 10000
1231918.92979592 0.445871389668367 10000
1322832.92785714 0.371325482780612 10000
1420259.1177551 0.371325482780612 10000
1524664.30591837 0.290422924107143 10000
1636548.08326531 0.290422924107143 10000
1756446.55071429 0.290422924107143 10000
1884933.43683673 0.290422924107143 10000
0 2304293.08151294 110000
6298.18571428572 2304293.08151294 110000
12958.462244898 2304293.08151294 110000
20000.58 2304293.08151294 110000
27447.581122449 4094789.65893438 110000
35321.4105102041 4094789.65893438 110000
43647.3047959184 4146611.74860782 110000
52450.5006122449 4146611.74860782 110000
61759.5263265306 2537366.84127659 110000
71604.0075510204 2537366.84127659 110000
82012.4726530612 97653.5630357126 110000
93017.8389795918 97653.5630357126 110000
104656.315612245 3020.53322372938 110000
116961.917142857 3020.53322372938 110000
129974.144387755 186.108761327168 110000
143733.595408163 186.108761327168 110000
158281.965510204 20.9429990710034 110000
173666.43622449 20.9429990710034 110000
189934.189081633 4.21737048979592 110000
207134.600102041 4.21737048979592 110000
225322.531530612 1.43979789732143 110000
244555.040102041 1.43979789732143 110000
264891.377040816 0.74684659757653 110000
286395.18255102 0.74684659757653 110000
309133.388571429 0.522082838010204 110000
333177.316020408 0.522082838010204 110000
358600.480306122 0.439890051445578 110000
385482.980306122 0.439890051445578 110000
413909.303877551 0.412029174744898 110000
443967.230612245 0.412029174744898 110000
475750.026326531 0.409475794430272 110000
509357.540306122 0.409475794430272 110000
544894.010816326 0.420285942602041 110000
582470.259591837 0.420285942602041 110000
622203.691836735 0.436040550595238 110000
664217.198979592 0.436040550595238 110000
708643.547653061 0.449554950255102 110000
755619.893469388 0.449554950255102 110000
805292.17 0.458476922831633 110000
857816.186020408 0.458476922831633 110000
913354.33377551 0.466118776360544 110000
972081.075204082 0.466118776360544 110000
1034179.65020408 0.478026169430272 110000
1099842.07663265 0.478026169430272 110000
1169273.53928571 0.498405207482993 110000
1242690.19540816 0.498405207482993 110000
1320321.36918367 0.527703932185374 110000
1402409.55173469 0.527703932185374 110000
1489209.30387755 0.557388978528911 110000
1580990.54785714 0.557388978528911 110000
1678041.85908163 0.563256952806122 110000
1780662.78540816 0.563256952806122 110000
1889174.81959184 0.525045399234694 110000
2003915.91306122 0.525045399234694 110000
2125242.67040816 0.438676224277211 110000
2253534.73836735 0.438676224277211 110000
2389190.41683673 0.438676224277211 110000
2532633.24234694 0.438676224277211 110000
0 1625226.6048644 120000
6599.81632653061 1625226.6048644 120000
13568.8448979592 1625226.6048644 120000
20928.3183673469 1625226.6048644 120000
28699.4693877551 5202808.55747878 120000
36904.7102040816 5202808.55747878 120000
45569.9918367347 4791018.79375218 120000
54718.906122449 4791018.79375218 120000
64380.9428571429 3300338.87062832 120000
74583.2326530612 3300338.87062832 120000
85355.2653061224 111909.434592585 120000
96731.2489795918 111909.434592585 120000
108743.032653061 2121.06575317177 120000
121427.183673469 2121.06575317177 120000
134821.448979592 125.575174132653 120000
148964.755102041 125.575174132653 120000
163899.567346939 18.3426972959184 120000
179669.530612245 18.3426972959184 120000
196321.828571429 4.59757714285714 120000
213906.004081633 4.59757714285714 120000
232475.13877551 1.68681141156463 120000
252082.314285714 1.68681141156463 120000
272785.330612245 0.84561744047619 120000
294647.885714286 0.84561744047619 120000
317733.67755102 0.542663852040816 120000
342111.12244898 0.542663852040816 120000
367853.355102041 0.427690510204082 120000
395034.689795918 0.427690510204082 120000
423736.518367347 0.39333981292517 120000
454044.951020408 0.39333981292517 120000
486049.636734694 0.394757780612245 120000
519843.763265306 0.394757780612245 120000
555529.955102041 0.408910425170068 120000
593212.016326531 0.408910425170068 120000
633003.187755102 0.424594081632653 120000
675020.248979592 0.424594081632653 120000
719388.236734694 0.44036375 120000
766238.085714286 0.44036375 120000
815710.167346939 0.459256879251701 120000
867949.571428572 0.459256879251701 120000
923112.004081632 0.482802023809524 120000
981360.248979592 0.482802023809524 120000
1042868.88571429 0.51002356292517 120000
1107818.39183673 0.51002356292517 120000
1176401.04081633 0.538535280612245 120000
1248822.08163265 0.538535280612245 120000
1325293.84081633 0.566113154761905 120000
1406045.15918367 0.566113154761905 120000
1491315.49387755 0.593199532312925 120000
1581354.91836735 0.593199532312925 120000
1676433.55918367 0.61840593537415 120000
1776830.97959184 0.61840593537415 120000
1882846.79591837 0.6321875 120000
1994793.6 0.6321875 120000
2113004.03673469 0.61527018707483 120000
2237828.44489796 0.61527018707483 120000
2369636.03673469 0.61527018707483 120000
2508819.61632653 0.61527018707483 120000
0 2347729.7756824 130000
7172.01 2347729.7756824 130000
14735.89 2347729.7756824 130000
22712.68 2347729.7756824 130000
31123.42 7434568.76765876 130000
39994.41 7434568.76765876 130000
49348.005 5581321.21688936 130000
59211.82 5581321.21688936 130000
69614.785 4125596.84607913 130000
80584.515 4125596.84607913 130000
92152.57 629819.351572792 130000
104350.51 629819.351572792 130000
117215.155 7223.802294125 130000
130780.695 7223.802294125 130000
145086.58 231.922295427083 130000
160173.575 231.922295427083 130000
176082.445 21.16131696875 130000
192859.215 21.16131696875 130000
210551.225 4.49890539583333 130000
229207.13 4.49890539583333 130000
248882.16 1.65241530208333 130000
269630.23 1.65241530208333 130000
291509.2 0.86020725 130000
314582.19 0.86020725 130000
338912.32 0.577101447916667 130000
364570.6 0.577101447916667 130000
391628.04 0.469934427083333 130000
420162.225 0.469934427083333 130000
450252.055 0.4343280625 130000
481983.005 0.4343280625 130000
515444.495 0.42785990625 130000
550732.52 0.42785990625 130000
587943.075 0.43288978125 130000
627185.305 0.43288978125 130000
668567.04 0.443018020833333 130000
712205.315 0.443018020833333 130000
758225.055 0.454201 130000
806753.815 0.454201 130000
857929.67 0.4614499375 130000
911897.27 0.4614499375 130000
968809.155 0.461356791666667 130000
1028824.44 0.461356791666667 130000
1092112.76 0.4543818125 130000
1158852.955 0.4543818125 130000
1229234.385 0.44387003125 130000
1303454.3 0.44387003125 130000
1381723.1 0.433906166666667 130000
1464260.39 0.433906166666667 130000
1551298.925 0.426928447916667 130000
1643085.925 0.426928447916667 130000
1739879.13 0.4214081875 130000
1841950.745 0.4214081875 130000
1949591.385 0.412394958333333 130000
2063102.185 0.412394958333333 130000
2182805.32 0.38979065625 130000
2309036.115 0.38979065625 130000
2442153.565 0.38979065625 130000
2582529.815 0.38979065625 130000
0 2196540.83474933 140000
7590.18775510204 2196540.83474933 140000
15585.7734693878 2196540.83474933 140000
24008.093877551 2196540.83474933 140000
32879.9081632653 6378870.22305675 140000
42223.9755102041 6378870.22305675 140000
52067.3224489796 5066948.7749292 140000
62436.9755102041 5066948.7749292 140000
73358.5387755102 3185328.09088997 140000
84863.306122449 3185328.09088997 140000
96982.5714285714 403844.41490574 140000
109747.628571429 403844.41490574 140000
123194.03877551 4999.78969400935 140000
137358.785714286 4999.78969400935 140000
152278.853061224 197.465552721088 140000
167995.491836735 197.465552721088 140000
184549.953061224 21.4451816113946 140000
201987.755102041 21.4451816113946 140000
220357.26122449 4.93127203656462 140000
239705.412244898 4.93127203656462 140000
260087.683673469 1.85153664115646 140000
281556.706122449 1.85153664115646 140000
304170.8 0.951511683673469 140000
327992.553061224 0.951511683673469 140000
353084.553061224 0.617280625 140000
379516.5 0.617280625 140000
407358.093877551 0.485369226190476 140000
436686.146938775 0.485369226190476 140000
467578.893877551 0.438321726190476 140000
500118.836734694 0.438321726190476 140000
534397.012244898 0.427202916666667 140000
570503.034693877 0.427202916666667 140000
608536.475510204 0.431188737244898 140000
648599.751020408 0.431188737244898 140000
690799.544897959 0.442500170068027 140000
735252.497959184 0.442500170068027 140000
782076.673469388 0.456695025510204 140000
831400.091836735 0.456695025510204 140000
883355.040816326 0.468726573129252 140000
938082.342857143 0.468726573129252 140000
995729.932653061 0.474446003401361 140000
1056454.27959184 0.474446003401361 140000
1120418.96530612 0.472258988095238 140000
1187796.10612245 0.472258988095238 140000
1258769.19795918 0.463250144557823 140000
1333528.84897959 0.463250144557823 140000
1412278.46938775 0.451449744897959 140000
1495230.00408163 0.451449744897959 140000
1582608.2 0.44144518707483 140000
1674647.76122449 0.44144518707483 140000
1771600.46122449 0.433749145408163 140000
1873725.18571429 0.433749145408163 140000
1981300.73469388 0.424117980442177 140000
2094615.86530612 0.424117980442177 140000
2213977.82653061 0.403332444727891 140000
2339709.51428571 0.403332444727891 140000
2472150.89387755 0.403332444727891 140000
2611657.57755102 0.403332444727891 140000
0 2558622.42049106 150000
8212.36867346939 2558622.42049106 150000
16844.4413265306 2558622.42049106 150000
25918.7308163265 2558622.42049106 150000
35454.533877551 6888845.01344833 150000
45479.1875510204 6888845.01344833 150000
56013.5966326531 4188763.11925842 150000
67088.3142857143 4188763.11925842 150000
78727.4614285714 4605430.84773445 150000
90961.5912244898 4605430.84773445 150000
103819.64877551 280732.750574575 150000
117335.403367347 280732.750574575 150000
131541.01622449 4740.77845909247 150000
146471.864693878 4740.77845909247 150000
162164.934183673 230.492386947704 150000
178660.42622449 230.492386947704 150000
195996.934285714 26.825399286352 150000
214221.092142857 26.825399286352 150000
233374.709387755 6.07841782653061 150000
253506.027857143 6.07841782653061 150000
274666.505510204 2.18093973596939 150000
296907.600306122 2.18093973596939 150000
320283.986326531 1.06357839413265 150000
344855.161836735 1.06357839413265 150000
370680.625102041 0.655328500637755 150000
397826.306632653 0.655328500637755 150000
426356.528877551 0.491651318877551 150000
456345.262653061 0.491651318877551 150000
487864.870714286 0.429328896045918 150000
520994.148061224 0.429328896045918 150000
555816.713877551 0.413020475127551 150000
592416.187346939 0.413020475127551 150000
630885.836020408 0.418454382015306 150000
671320.535510204 0.418454382015306 150000
713819.985612245 0.433121240433673 150000
758488.710306122 0.433121240433673 150000
805440.881938775 0.447563640306122 150000
854789.064795918 0.447563640306122 150000
906658.687653061 0.454642459821428 150000
961178.395408163 0.454642459821428 150000
1018481.65714286 0.453255507015306 150000
1078711.59030612 0.453255507015306 150000
1142017.74459184 0.447955605229592 150000
1208556.10193878 0.447955605229592 150000
1278493.90071429 0.442109632653061 150000
1352003.20346939 0.442109632653061 150000
1429267.32918367 0.433717563137755 150000
1510477.63714286 0.433717563137755 150000
1595835.135 0.420203148596939 150000
1685552.08683673 0.420203148596939 150000
1779852.01316326 0.402524525510204 150000
1878968.08285714 0.402524525510204 150000
1983144.72122449 0.381355069515306 150000
2092644.0422449 0.381355069515306 150000
2207734.59214286 0.347394826530612 150000
2328702.60581633 0.347394826530612 150000
2455850.39877551 0.347394826530612 150000
2589489.93489796 0.347394826530612 150000
0 3304285.57833181 160000
8394.5906122449 3304285.57833181 160000
17228.3769387755 3304285.57833181 160000
26522.2730612245 3304285.57833181 160000
36302.0193877551 4860276.36554713 160000
46591.7475510204 4860276.36554713 160000
57417.1979591837 9558732.95213809 160000
68808.9373469388 9558732.95213809 160000
80795.9236734694 8050359.84999996 160000
93407.1148979592 8050359.84999996 160000
106676.295306122 4781034.77211042 160000
120638.857959184 4781034.77211042 160000
135328.587142857 45002.4101480055 160000
150785.702244898 45002.4101480055 160000
167048.813877551 989.401832134354 160000
184161.358979592 989.401832134354 160000
202166.774489796 58.7458286755952 160000
221111.714897959 58.7458286755952 160000
241046.052244898 8.43306045663265 160000
262019.658571429 8.43306045663265 160000
284088.841020408 2.36953863605442 160000
307308.297959184 2.36953863605442 160000
331739.162857143 1.0549310795068 160000
357445.786734694 1.0549310795068 160000
384494.129387755 0.640111665816326 160000
412953.368163265 0.640111665816326 160000
442899.115510204 0.485283781037415 160000
474405.375102041 0.485283781037415 160000
507557.412040816 0.432857809098639 160000
542438.882653061 0.432857809098639 160000
579139.878367347 0.427418136904762 160000
617756.925714286 0.427418136904762 160000
658389.76877551 0.442265794217687 160000
701141.369183673 0.442265794217687 160000
746124.34122449 0.462325213860544 160000
793456.125510204 0.462325213860544 160000
843255.771428571 0.47922405994898 160000
895655.198571428 0.47922405994898 160000
950789.544081633 0.489054348639456 160000
1008800.38020408 0.489054348639456 160000
1069838.93183673 0.492335580357143 160000
1134061.25020408 0.492335580357143 160000
1201636.25673469 0.493954410714286 160000
1272737.69918367 0.493954410714286 160000
1347548.97795918 0.499394082908163 160000
1426263.14612245 0.499394082908163 160000
1509086.12693878 0.510628698554422 160000
1596231.88755102 0.510628698554422 160000
1687924.0477551 0.531760635204082 160000
1784400.70632653 0.531760635204082 160000
1885912.8322449 0.584250287840136 160000
1992722.65591837 0.584250287840136 160000
2105105.27795918 0.720895657738095 160000
2223351.88673469 0.720895657738095 160000
2347769.75836735 1.15344511819728 160000
2478680.64795918 1.15344511819728 160000
2616422.39836735 1.15344511819728 160000
2761352.1577551 1.15344511819728 160000
0 2786255.11351708 170000
8721.15785714285 2786255.11351708 170000
17891.2857142857 2786255.11351708 170000
27537.3892857143 2786255.11351708 170000
37679.7228571429 5163470.96634375 170000
48348.6678571428 5163470.96634375 170000
59566.1664285714 5507883.23746206 170000
71365.9757142857 5507883.23746206 170000
83773.4135714286 6475759.9223926 170000
96822.2371428571 6475759.9223926 170000
110546.203571429 2043637.50729641 170000
124977.382142857 2043637.50729641 170000
140156.281428571 29588.6789264926 170000
156118.346428571 29588.6789264926 170000
172904.085714286 879.068983541667 170000
190559.071428571 879.068983541667 170000
209125.5 58.1553956502976 170000
228650.631428571 58.1553956502976 170000
249185.101428571 8.31040727232143 170000
270781.233571429 8.31040727232143 170000
293491.351428571 2.30286305654762 170000
317376.217857143 2.30286305654762 170000
342494.907857143 1.04118632589286 170000
368911.56 1.04118632589286 170000
396693.688571429 0.656931581845238 170000
425910.495714286 0.656931581845238 170000
456636.247142857 0.518787507440476 170000
488950.272142857 0.518787507440476 170000
522933.587857143 0.46963218452381 170000
558672.275 0.46963218452381 170000
596259.165714286 0.45626646577381 170000
635785.404285714 0.45626646577381 170000
677355.637857143 0.45840793452381 170000
721074.513571429 0.45840793452381 170000
767050.054285714 0.466428772321429 170000
815402.097857143 0.466428772321429 170000
866253.857857143 0.474375766369048 170000
919730.235714286 0.474375766369048 170000
975971.323571429 0.479527247023809 170000
1035117.21357143 0.479527247023809 170000
1097319.81285714 0.481700363095238 170000
1162736.09214286 0.481700363095238 170000
1231533.14928571 0.483402285714286 170000
1303883.14571429 0.483402285714286 170000
1379971.74571429 0.491658720238095 170000
1459991.365 0.491658720238095 170000
1544146.23428571 0.516681202380952 170000
1632649.02357143 0.516681202380952 170000
1725724.21785714 0.567172745535714 170000
1823608.11714286 0.567172745535714 170000
1926550.52428571 0.650394651785714 170000
2034811.36928571 0.650394651785714 170000
2148664.085 0.771737514880952 170000
2268400.67071429 0.771737514880952 170000
2394323.25285714 0.929144258928571 170000
2526752.52428571 0.929144258928571 170000
2666022.68071429 0.929144258928571 170000
2812489.86 0.929144258928571 170000
0 2956733.59376203 180000
9389.71479591837 2956733.59376203 180000
19242.3163265306 2956733.59376203 180000
29576.9321428571 2956733.59376203 180000
40420.3408163265 9390717.00659234 180000
51793.5826530612 9390717.00659234 180000
63727.2617346939 4165946.88571409 180000
76246.243877551 4165946.88571409 180000
89381.1331632653 8006981.3708977 180000
103158.708163265 8006981.3708977 180000
117613.398469388 1987663.67739827 180000
132779.633673469 1987663.67739827 180000
148688.017857143 26650.0089018601 180000
165378.718877551 26650.0089018601 180000
182888.079081633 763.392942328869 180000
201256.266326531 763.392942328869 180000
220527.273979592 56.6181487563776 180000
240745.095408163 56.6181487563776 180000
261953.723979592 9.40227522108844 180000
284204.804081633 9.40227522108844 180000
307548.067346939 2.75720061543367 180000
332037.070918367 2.75720061543367 180000
357729.19744898 1.19979556228742 180000
384681.829591837 1.19979556228742 180000
412958.088265306 0.702100669642857 180000
442623.007142857 0.702100669642857 180000
473743.532653061 0.5154875 180000
506390.436734694 0.5154875 180000
540642.142346939 0.447636497661565 180000
576575.159693878 0.447636497661565 180000
614271.737244898 0.43313940795068 180000
653819.861734694 0.43313940795068 180000
695307.519897959 0.441838458758503 180000
738834.175 0.441838458758503 180000
784497.37755102 0.454932861394558 180000
832402.329081633 0.454932861394558 180000
882658.056632653 0.461420289115646 180000
935381.238265306 0.461420289115646 180000
990694.290306123 0.460854432397959 180000
1048721.54183673 0.460854432397959 180000
1109596.88571429 0.460292560586735 180000
1173461.86581633 0.460292560586735 180000
1240463.76428571 0.466919460034014 180000
1310751.77602041 0.466919460034014 180000
1384492.31071429 0.486792188562925 180000
1461853.69081633 0.486792188562925 180000
1543011.88979592 0.530251578443877 180000
1628156.27040816 0.530251578443877 180000
1717478.10816327 0.610407971938775 180000
1811187.80612245 0.610407971938775 180000
1909495.76734694 0.715804762967687 180000
2012631.52244898 0.715804762967687 180000
2120830.34030612 0.777335703656463 180000
2234340.87908163 0.777335703656463 180000
2353423.27346939 0.710644309098639 180000
2478352.96020408 0.710644309098639 180000
2609414.93979592 0.710644309098639 180000
2746911.42755102 0.710644309098639 180000
0 3266219.59331013 190000
9949.20285714286 3266219.59331013 190000
20366.553877551 3266219.59331013 190000
31277.3583673469 3266219.59331013 190000
42702.7040816327 8225205.51408135 190000
54665.7875510204 8225205.51408135 190000
67194.0228571429 4958148.58598881 190000
80312.7153061225 4958148.58598881 190000
94051.387755102 1324159.02377502 190000
108437.454285714 1324159.02377502 190000
123502.546530612 15177.4909900468 190000
139278.296122449 15177.4909900468 190000
155798.443469388 1554.34903751276 190000
173098.837755102 1554.34903751276 190000
191213.219387755 312.842246282738 190000
210183.763877551 312.842246282738 190000
230048.429183673 51.1040920739796 190000
250851.499591837 51.1040920739796 190000
272635.150612245 9.58516230484694 190000
295447.884081633 9.58516230484694 190000
319336.093061224 2.78359246003401 190000
344350.388163265 2.78359246003401 190000
370545.59755102 1.21142563137755 190000
397976.549387755 1.21142563137755 190000
426702.289387755 0.708724302721088 190000
456781.863265306 0.708724302721088 190000
488282.751836735 0.518609403911565 190000
521268.218367347 0.518609403911565 190000
555809.96122449 0.450280684098639 190000
591981.78755102 0.450280684098639 190000
629859.613265306 0.436165068027211 190000
669525.680612245 0.436165068027211 190000
711062.231836735 0.443932391156463 190000
754557.835510204 0.443932391156463 190000
800107.386530612 0.456962866496599 190000
847803.671020408 0.456962866496599 190000
897752.127755102 0.468631424319728 190000
950056.086734694 0.468631424319728 190000
1004827.31306122 0.477321336734694 190000
1062183.89816327 0.477321336734694 190000
1122246.0422449 0.481574034013605 190000
1185142.38061224 0.481574034013605 190000
1251005.76612245 0.477488281462585 190000
1319975.37795918 0.477488281462585 190000
1392198.83040816 0.461083765306122 190000
1467832.17285714 0.461083765306122 190000
1547031.45469388 0.434693318452381 190000
1629967.48673469 0.434693318452381 190000
1716817.40612245 0.411474821428571 190000
1807764.67632653 0.411474821428571 190000
1903003.30469388 0.412990503826531 190000
2002733.62489796 0.412990503826531 190000
2107170.73204082 0.46695319047619 190000
2216533.93877551 0.46695319047619 190000
2331057.31918367 0.665964485969388 190000
2450983.38244898 0.665964485969388 190000
2576569.39918367 0.665964485969388 190000
2708078.96632653 0.665964485969388 190000
0 3808761.13625335 200000
10754.857244898 3808761.13625335 200000
21989.7348979592 3808761.13625335 200000
33731.0340816327 3808761.13625335 200000
45995.5555102041 8462520.23539841 200000
58812.1004081633 8462520.23539841 200000
72199.8695918367 16071829.5935314 200000
86190.0643877551 16071829.5935314 200000
100806.685816327 4236139.78228161 200000
116078.535102041 4236139.78228161 200000
132032.013367347 373187.211848645 200000
148703.122142857 373187.211848645 200000
166120.662653061 8596.36832131144 200000
184318.236326531 8596.36832131144 200000
203331.844693878 467.581699329082 200000
223197.489285714 467.581699329082 200000
243951.171632653 49.0921021605017 200000
265636.093571429 49.0921021605017 200000
288293.056836735 9.15707431483844 200000
311965.263265306 9.15707431483844 200000
336698.314795918 2.82110493983844 200000
362540.213469388 2.82110493983844 200000
389538.961326531 1.28122947172619 200000
417747.360612245 1.28122947172619 200000
447220.613673469 0.767652636904762 200000
478013.922857143 0.767652636904762 200000
510184.890612245 0.562533916241497 200000
543800.719795918 0.562533916241497 200000
578921.412959184 0.476110241921769 200000
615616.573061225 0.476110241921769 200000
653953.402959184 0.441658777210884 200000
694011.106020408 0.441658777210884 200000
735861.685306123 0.431598349489796 200000
779589.144387755 0.431598349489796 200000
825275.086734694 0.433713439413265 200000
873008.316122449 0.433713439413265 200000
922880.036428571 0.442023792729592 200000
974986.251734694 0.442023792729592 200000
1029427.76632653 0.453909298044218 200000
1086307.78459184 0.453909298044218 200000
1145736.71122449 0.468854933460884 200000
1207827.35102041 0.468854933460884 200000
1272702.10918367 0.486090666241497 200000
1340483.39091837 0.486090666241497 200000
1411303.20183674 0.501936339923469 200000
1485293.54755102 0.501936339923469 200000
1562600.83428571 0.508776630739796 200000
1643371.46826531 0.508776630739796 200000
1727761.45612245 0.497886167729592 200000
1815931.60469388 0.497886167729592 200000
1908054.72132653 0.46601981292517 200000
2004303.61336735 0.46601981292517 200000
2104867.88887755 0.420232866284014 200000
2209934.75581633 0.420232866284014 200000
2319710.62295918 0.364995517857143 200000
2434406.69928571 0.364995517857143 200000
2554241.39408163 0.364995517857143 200000
2679445.11714286 0.364995517857143 200000
0 1003166.08039762 20000
2988.40816326531 1003166.08039762 20000
6187.36326530612 1003166.08039762 20000
9611.29795918367 1003166.08039762 20000
13276.3428571429 2637791.70349809 20000
17199.4775510204 2637791.70349809 20000
21398.5306122449 1552145.78472837 20000
25893.4530612245 1552145.78472837 20000
30704.6204081633 15201.7131721088 20000
35854.9551020408 15201.7131721088 20000
41367.3795918367 160.470878639456 20000
47268.2122448979 160.470878639456 20000
53584.1959183673 11.4468882312925 20000
60345.0448979592 11.4468882312925 20000
67581.7469387755 2.55655346938775 20000
75327.8367346939 2.55655346938775 20000
83618.9714285714 1.09146673469388 20000
92494.2040816326 1.09146673469388 20000
101994.285714286 0.686643197278912 20000
112163.363265306 0.686643197278912 20000
123048.130612245 0.551189387755102 20000
134699.102040816 0.551189387755102 20000
147170.187755102 0.481069863945578 20000
160519.542857143 0.481069863945578 20000
174808.293877551 0.424771904761905 20000
190103.510204082 0.424771904761905 20000
206474.808163265 0.383282448979592 20000
223999.444897959 0.383282448979592 20000
242757.224489796 0.356009863945578 20000
262836.016326531 0.356009863945578 20000
284327.934693878 0.33944768707483 20000
307333.159183673 0.33944768707483 20000
331957.812244898 0.334971088435374 20000
358316.081632653 0.334971088435374 20000
386529.795918367 0.341609047619048 20000
416730.12244898 0.341609047619048 20000
449056.293877551 0.352841224489796 20000
483658.155102041 0.352841224489796 20000
520696.163265306 0.363970816326531 20000
560341.812244898 0.363970816326531 20000
602778.057142857 0.377129115646258 20000
648202.285714286 0.377129115646258 20000
696824.195918367 0.398165238095238 20000
748869.191836735 0.398165238095238 20000
804577.959183673 0.427972380952381 20000
864208.587755102 0.427972380952381 20000
928037.420408163 0.460281360544218 20000
996359.902040816 0.460281360544218 20000
1069491.85306122 0.490493537414966 20000
1147772.86530612 0.490493537414966 20000
1231564.60408163 0.498596870748299 20000
1321255.05306122 0.498596870748299 20000
1417260.2122449 0.451877346938775 20000
1520023.67346939 0.451877346938775 20000
1630021.71428571 0.355480136054422 20000
1747764.14693878 0.355480136054422 20000
1873795.16734694 0.355480136054422 20000
2008698.87346939 0.355480136054422 20000
0 1673460.69875822 210000
10934.5665306122 1673460.69875822 210000
22372.7771428571 1673460.69875822 210000
34331.3404081633 1673460.69875822 210000
46841.2865306122 11998176.1057672 210000
59921.7110204082 11998176.1057672 210000
73601.2571428571 7206854.43066514 210000
87908.5681632653 7206854.43066514 210000
102872.287346939 12599433.132015 210000
118521.057959184 12599433.132015 210000
134885.910204082 5452753.81014373 210000
152000.26122449 5452753.81014373 210000
169899.915102041 52025.7023690952 210000
188618.288979592 52025.7023690952 210000
208195.960816327 1542.93819971429 210000
228668.734693878 1542.93819971429 210000
250079.575510204 99.0994521360544 210000
272471.448163265 99.0994521360544 210000
295889.704489796 13.0628755170068 210000
320382.083265306 13.0628755170068 210000
345993.936326531 3.2477683537415 210000
372780.163265306 3.2477683537415 210000
400795.663673469 1.31514856462585 210000
430090.563265306 1.31514856462585 210000
460731.696326531 0.751721612244898 210000
492773.962448979 0.751721612244898 210000
526284.195918367 0.547832285714286 210000
561331.617959184 0.547832285714286 210000
597983.062857143 0.472151408163265 210000
636312.525714286 0.472151408163265 210000
676401.16244898 0.452200578231292 210000
718322.968163265 0.452200578231292 210000
762168.646530612 0.456845163265306 210000
808021.740408163 0.456845163265306 210000
855975.340408163 0.468486462585034 210000
906124.924081633 0.468486462585034 210000
958573.129795918 0.47730819047619 210000
1013422.59591837 0.47730819047619 210000
1070787.8955102 0.47950119047619 210000
1130778.8277551 0.47950119047619 210000
1193519.51346939 0.475314102040816 210000
1259134.07346939 0.475314102040816 210000
1327753.78938776 0.467601306122449 210000
1399517.10367347 0.467601306122449 210000
1474569.61959184 0.460017802721088 210000
1553059.32734694 0.460017802721088 210000
1635146.15183673 0.453811761904762 210000
1720992.40489796 0.453811761904762 210000
1810772.33306122 0.44618350340136 210000
1904664.95673469 0.44618350340136 210000
2002858.84408163 0.432259693877551 210000
2105552.11102041 0.432259693877551 210000
2212950.03428571 0.408867693877551 210000
2325267.43836735 0.408867693877551 210000
2442731.08244898 0.368772095238095 210000
2565574.88653061 0.368772095238095 210000
2694049.47918367 0.368772095238095 210000
2828407.87591837 0.368772095238095 210000
0 3366746.9705052 220000
11598.2628571429 3366746.9705052 220000
23708.3689795918 3366746.9705052 220000
36348.7869387755 3366746.9705052 220000
49545.9004081633 5769618.36340131 220000
63320.8163265306 5769618.36340131 220000
77705.1951020408 41651.6295417687 220000
92720.1436734694 41651.6295417687 220000
108394.684081633 6388.93592604082 220000
124757.838367347 6388.93592604082 220000
141841.266938776 6048.52892843537 220000
159673.991836735 6048.52892843537 220000
178292.950204082 2906.73088789116 220000
197729.80244898 2906.73088789116 220000
218021.485714286 502.990328108844 220000
239204.937142857 502.990328108844 220000
261319.732244898 69.3255040544218 220000
284405.446530612 69.3255040544218 220000
308506.932244898 13.1209306122449 220000
333669.041632653 13.1209306122449 220000
359936.626938775 3.73823673469388 220000
387359.817142857 3.73823673469388 220000
415986.102857143 1.51400511564626 220000
445873.528163265 1.51400511564626 220000
477072.222040816 0.819460408163265 220000
509642.866938775 0.819460408163265 220000
543648.783673469 0.56156 220000
579145.377959184 0.56156 220000
616203.885714286 0.46278612244898 220000
654892.904489796 0.46278612244898 220000
695281.031836735 0.43319243537415 220000
737447.41877551 0.43319243537415 220000
781463.30122449 0.436413442176871 220000
827418.383673469 0.436413442176871 220000
875391.817142857 0.454233414965986 220000
925473.306122449 0.454233414965986 220000
977757.831836734 0.474565333333333 220000
1032340.3755102 0.474565333333333 220000
1089323.83346939 0.488960925170068 220000
1148808.46367347 0.488960925170068 220000
1210912.99265306 0.494045278911565 220000
1275745.59346939 0.494045278911565 220000
1343427.63102041 0.491912598639456 220000
1414085.74693878 0.491912598639456 220000
1487849.22122449 0.487015129251701 220000
1564857.88734694 0.487015129251701 220000
1645248.94040816 0.480292789115646 220000
1729175.40571429 0.480292789115646 220000
1816792.94693878 0.465457469387755 220000
1908259.86612245 0.465457469387755 220000
2003750.2955102 0.434434666666667 220000
2103435.72897959 0.434434666666667 220000
2207506.12897959 0.388153306122449 220000
2316148.81959184 0.388153306122449 220000
2429569.59346939 0.327454367346939 220000
2547976.88163265 0.327454367346939 220000
2671589.66857143 0.327454367346939 220000
2800634.85387755 0.327454367346939 220000
0 3857506.50569493 230000
12351.6581632653 3857506.50569493 230000
25223.693877551 3857506.50569493 230000
38639.4948979592 3857506.50569493 230000
52622.4489795918 6679623.50558339 230000
67195.943877551 6679623.50558339 230000
82383.3673469388 8799346.01518109 230000
98216.8775510204 8799346.01518109 230000
114714.015306122 14091518.306395 230000
131912.785714286 14091518.306395 230000
149836.576530612 8722395.65028291 230000
168514.62244898 8722395.65028291 230000
187984.928571429 112932.662509534 230000
208276.729591837 112932.662509534 230000
229428.030612245 2415.3345591199 230000
251470.989795918 2415.3345591199 230000
274443.612244898 128.157412659439 230000
298389.75 128.157412659439 230000
323344.484693878 15.6046025510204 230000
349357.515306122 15.6046025510204 230000
376466.846938775 3.72528568239796 230000
404719.255102041 3.72528568239796 230000
434170.285714286 1.44678845663265 230000
464860.867346939 1.44678845663265 230000
496849.469387755 0.792735267857143 230000
530191.637755102 0.792735267857143 230000
564939.994897959 0.560075829081633 230000
601155.933673469 0.560075829081633 230000
638903.770408163 0.47535612244898 230000
678244.897959184 0.47535612244898 230000
719249.479591837 0.451944005102041 230000
761984.755102041 0.451944005102041 230000
806526.734693878 0.454160969387755 230000
852951.428571429 0.454160969387755 230000
901334.846938775 0.464989987244898 230000
951764.693877551 0.464989987244898 230000
1004322.82653061 0.47565455994898 230000
1059102.79591837 0.47565455994898 230000
1116195.22959184 0.481714668367347 230000
1175699.5255102 0.481714668367347 230000
1237720.92857143 0.483152040816326 230000
1302358.83673469 0.483152040816326 230000
1369730.18877551 0.485174107142857 230000
1439946.07653061 0.485174107142857 230000
1513129.28571429 0.495491517857143 230000
1589402.60204082 0.495491517857143 230000
1668900.50510204 0.517697704081633 230000
1751754.55102041 0.517697704081633 230000
1838110.91326531 0.545446301020408 230000
1928112.84183673 0.545446301020408 230000
2021921.12755102 0.563279464285714 230000
2119687.79081633 0.563279464285714 230000
2221588.23979592 0.556062149234694 230000
2327792.03571429 0.556062149234694 230000
2438483.35714286 0.510553475765306 230000
2553849.30612245 0.510553475765306 230000
2674091.60204082 0.510553475765306 230000
2799411.96428571 0.510553475765306 230000
0 4930742.60896892 240000
12943.5716326531 4930742.60896892 240000
26415.582244898 4930742.60896892 240000
40435.1320408163 4930742.60896892 240000
55024.5045918367 11338539.3772935 240000
70205.9834693877 11338539.3772935 240000
86005.0356122449 6769734.99530592 240000
102447.127959184 6769734.99530592 240000
119557.72744898 13867984.880927 240000
137365.484387755 13867984.880927 240000
155895.865714286 1674613.66998792 240000
175177.521734694 1674613.66998792 240000
195245.469489796 23411.8720210644 240000
216131.542653061 23411.8720210644 240000
237864.391530612 816.847478501913 240000
260482.216530612 816.847478501913 240000
284016.851326531 67.2980768781888 240000
308512.863061224 67.2980768781888 240000
334002.085408163 11.5276098367347 240000
360529.085510204 11.5276098367347 240000
388132.06377551 3.44192972767857 240000
416861.954081633 3.44192972767857 240000
446756.956836735 1.51426152678571 240000
477868.005918367 1.51426152678571 240000
510242.851836735 0.871314170918367 240000
543938.795204082 0.871314170918367 240000
579000.403163265 0.611922788265306 240000
615488.159693877 0.611922788265306 240000
653462.54877551 0.500325866709184 240000
692977.687653061 0.500325866709184 240000
734103.610408163 0.454538433035714 240000
776897.617653061 0.454538433035714 240000
821436.110204082 0.43968271875 240000
867782.755408163 0.43968271875 240000
916013.954081633 0.440140327806122 240000
966206.107040816 0.440140327806122 240000
1018441.98183673 0.448357394770408 240000
1072797.97928571 0.448357394770408 240000
1129366.41704082 0.459141051658163 240000
1188236.42938775 0.459141051658163 240000
1249500.33397959 0.469327827168367 240000
1313253.63183673 0.469327827168367 240000
1379598.19071429 0.480071691964286 240000
1448642.24510204 0.480071691964286 240000
1520494.0294898 0.496200753188775 240000
1595268.14510204 0.496200753188775 240000
1673082.37653061 0.521349355229592 240000
1754060.87510204 0.521349355229592 240000
1838330.9755102 0.547181054846939 240000
1926029.56255102 0.547181054846939 240000
2017293.52102041 0.55025830994898 240000
2112269.28581633 0.55025830994898 240000
2211103.29183673 0.514146986607143 240000
2313961.07418367 0.514146986607143 240000
2420998.61785714 0.435066836096939 240000
2532391.00806122 0.435066836096939 240000
2648310.14663265 0.435066836096939 240000
2768947.03561224 0.435066836096939 240000
0 4101833.61937788 250000
13034.4021428571 4101833.61937788 250000
26614.0989795918 4101833.61937788 250000
40766.9748979592 4101833.61937788 250000
55517.8160204082 9113783.98333755 250000
70885.2119387755 9113783.98333755 250000
86900.1453061224 11877147.5888944 250000
103590.500510204 11877147.5888944 250000
120981.063673469 6785888.08787544 250000
139102.81744898 6785888.08787544 250000
157989.842755102 1558763.15834757 250000
177666.925714286 1558763.15834757 250000
198174.34377551 22853.4189547787 250000
219546.177857143 22853.4189547787 250000
241813.410612245 924.969879496811 250000
265019.417755102 924.969879496811 250000
289201.378469388 86.9413909630102 250000
314402.668469388 86.9413909630102 250000
340660.466938775 14.9197288552296 250000
368024.346122449 14.9197288552296 250000
396540.78 4.03703323915816 250000
426256.24255102 4.03703323915816 250000
457220.306020408 1.60479815306122 250000
489485.640918367 1.60479815306122 250000
523111.114285714 0.873517174744898 250000
558149.396632653 0.873517174744898 250000
594662.453265306 0.606227244897959 250000
632712.249489796 0.606227244897959 250000
672360.750612245 0.500628035714286 250000
713679.216734694 0.500628035714286 250000
756735.809693877 0.462848563137755 250000
801601.789591837 0.462848563137755 250000
848357.71132653 0.457884883928571 250000
897077.933265306 0.457884883928571 250000
947849.206836735 0.469942299744898 250000
1000755.18520408 0.469942299744898 250000
1055885.71806122 0.490164935586735 250000
1113336.85163265 0.490164935586735 250000
1173207.73040816 0.512162619260204 250000
1235591.30234694 0.512162619260204 250000
1300602.20326531 0.530042191964286 250000
1368348.87244898 0.530042191964286 250000
1438945.94571429 0.538220321428571 250000
1512511.15714286 0.538220321428571 250000
1589171.53561224 0.532488530612245 250000
1669054.11 0.532488530612245 250000
1752301.4005102 0.511878611607143 250000
1839046.63255102 0.511878611607143 250000
1929444.71938776 0.4807475 250000
2023644.3777551 0.4807475 250000
2121803.61918367 0.446950589285714 250000
2224095.94653061 0.446950589285714 250000
2330688.66612245 0.414915816964286 250000
2441767.67387755 0.414915816964286 250000
2557518.86571429 0.375974494897959 250000
2678140.53061224 0.375974494897959 250000
2803834.05581633 0.375974494897959 250000
2934816.31989796 0.375974494897959 250000
0 3392103.97071688 260000
13235.5095918367 3392103.97071688 260000
27034.2985714286 3392103.97071688 260000
41418.1512244898 3392103.97071688 260000
56415.0759183673 11280762.4180943 260000
72049.9689795918 11280762.4180943 260000
88350.8387755102 13187951.8991892 260000
105342.581632653 13187951.8991892 260000
123059.43 7298291.19069793 260000
141529.392244898 7298291.19069793 260000
160783.58877551 1174578.88435111 260000
180856.252040816 1174578.88435111 260000
201784.726530612 22503.4999107883 260000
223600.132653061 22503.4999107883 260000
246346.038979592 1021.43967082526 260000
270059.79 1021.43967082526 260000
294778.730204082 91.7235972946429 260000
320552.652244898 91.7235972946429 260000
347422.012653061 15.2196236313775 260000
375433.492040816 15.2196236313775 260000
404633.771020408 4.22664416836735 260000
435078.866326531 4.22664416836735 260000
466818.570612245 1.72871273979592 260000
499908.900612245 1.72871273979592 260000
534402.761020408 0.942228707908163 260000
570368.616734694 0.942228707908163 260000
607859.37244898 0.642156655612245 260000
646949.717142857 0.642156655612245 260000
687698.779591837 0.520086854591837 260000
730181.24877551 0.520086854591837 260000
774471.813673469 0.473847114795918 260000
820645.163265306 0.473847114795918 260000
868782.210612245 0.461120164540816 260000
918966.980816326 0.461120164540816 260000
971286.611020408 0.46233256377551 260000
1025831.35040816 0.46233256377551 260000
1082694.56020408 0.467836985969388 260000
1141975.82571429 0.467836985969388 260000
1203780.95632653 0.47218087627551 260000
1268212.64938775 0.47218087627551 260000
1335382.93836735 0.472317028061224 260000
1405413.19285714 0.472317028061224 260000
1478421.67040816 0.467266445153061 260000
1554532.85265306 0.467266445153061 260000
1633883.66938775 0.457450549744898 260000
1716607.93836735 0.457450549744898 260000
1802848.81346939 0.443465816326531 260000
1892758.78469388 0.443465816326531 260000
1986493.45408163 0.426427392857143 260000
2084214.6477551 0.426427392857143 260000
2186090.41591837 0.408332172193878 260000
2292301.25693878 0.408332172193878 260000
2403027.66918367 0.38999706505102 260000
2518462.59918367 0.38999706505102 260000
2638808.32959184 0.364238443877551 260000
2764273.36714286 0.364238443877551 260000
2895072.44265306 0.364238443877551 260000
3031432.73510204 0.364238443877551 260000
0 4843326.39026659 270000
14772.9232653061 4843326.39026659 270000
30095.7759183673 4843326.39026659 270000
45992.2959183673 4843326.39026659 270000
62486.2212244898 10435847.125101 270000
79589.4208163265 10435847.125101 270000
97333.5453061224 8124838.5551388 270000
115742.332653061 8124838.5551388 270000
134835.564489796 3369114.63740135 270000
154644.891428571 3369114.63740135 270000
175194.051428571 144044.172178531 270000
196506.78244898 144044.172178531 270000
218618.691428571 8486.64341749745 270000
241553.516326531 8486.64341749745 270000
265346.864081633 693.265597852041 270000
290026.428979592 693.265597852041 270000
315627.817959184 81.2408079948979 270000
342186.637959184 81.2408079948979 270000
369738.495918367 15.1086587831633 270000
398315.04244898 15.1086587831633 270000
427963.753469388 4.32287194132653 270000
458716.279591837 4.32287194132653 270000
490616.140408163 1.75463081632653 270000
523706.855510204 1.75463081632653 270000
558035.900816326 0.941086446428571 270000
593646.795918367 0.941086446428571 270000
630587.016734694 0.632715520408163 270000
668904.039183673 0.632715520408163 270000
708653.251836735 0.507299969387755 270000
749890.043265306 0.507299969387755 270000
792661.889387755 0.458043704081633 270000
837032.091428571 0.458043704081633 270000
883059.994285714 0.442737665816326 270000
930808.899183673 0.442737665816326 270000
980338.151020408 0.443075602040816 270000
1031715.00734694 0.443075602040816 270000
1085010.68204082 0.450460744897959 270000
1140300.34530612 0.450460744897959 270000
1197651.25469388 0.461043918367347 270000
1257142.53673469 0.461043918367347 270000
1318857.27428571 0.473283803571429 270000
1382878.55020408 0.473283803571429 270000
1449285.49102041 0.485301145408163 270000
1518177.00489796 0.485301145408163 270000
1589636.17469388 0.492884104591837 270000
1663765.86489796 0.492884104591837 270000
1740664.98367347 0.490971880102041 270000
1820432.43918367 0.490971880102041 270000
1903179.00857143 0.477833579081633 270000
1989019.42530612 0.477833579081633 270000
2078060.51020408 0.456296326530612 270000
2170428.86571429 0.456296326530612 270000
2266243.18163265 0.430473053571429 270000
2365637.97306122 0.430473053571429 270000
2468743.79877551 0.39633325255102 270000
2575699.13020408 0.39633325255102 270000
2686650.35142857 0.39633325255102 270000
2801739.89020408 0.39633325255102 270000
0 3792618.71285816 280000
15214.531122449 3792618.71285816 280000
30998.1336734694 3792618.71285816 280000
47371.1316326531 3792618.71285816 280000
64361.9785714286 6607145.33538349 280000
81982.868877551 6607145.33538349 280000
100266.320918367 14652291.7162516 280000
119232.658673469 14652291.7162516 280000
138910.335714286 12979339.873162 280000
159327.805612245 12979339.873162 280000
180505.392346939 4201151.56002805 280000
202475.614285714 4201151.56002805 280000
225266.925 60035.9686376105 280000
248911.842857143 60035.9686376105 280000
273442.88622449 1833.69024134779 280000
298892.573469388 1833.69024134779 280000
325297.487755102 124.496713349277 280000
352686.082653061 124.496713349277 280000
381103.070918367 17.7107815741922 280000
410580.970918367 17.7107815741922 280000
441164.495408163 4.57045653061224 280000
472890.22755102 4.57045653061224 280000
505802.880102041 1.80837689413265 280000
539951.230612245 1.80837689413265 280000
575375.927040816 0.966058028273809 280000
612125.746938775 0.966058028273809 280000
650253.532653061 0.646675157312925 280000
689808.061734694 0.646675157312925 280000
730838.111734694 0.515060452806122 280000
773408.719387755 0.515060452806122 280000
817572.727040816 0.463877897534014 280000
863387.041836735 0.463877897534014 280000
910920.765306122 0.451725851403061 280000
960230.804591837 0.451725851403061 280000
1011386.26122449 0.458847712585034 280000
1064456.23673469 0.458847712585034 280000
1119513.89744898 0.472363159013605 280000
1176628.34489796 0.472363159013605 280000
1235884.93979592 0.482753793579932 280000
1297356.84846939 0.482753793579932 280000
1361133.49642857 0.484684571641156 280000
1427292.11479592 0.484684571641156 280000
1495930.25867347 0.477596583758503 280000
1567137.35357143 0.477596583758503 280000
1641010.95459184 0.463937175807823 280000
1717648.61683673 0.463937175807823 280000
1797151.96020408 0.446958184523809 280000
1879634.79897959 0.446958184523809 280000
1965202.81785714 0.428810564413265 280000
2053973.89591837 0.428810564413265 280000
2146069.97704082 0.410154844812925 280000
2241608.94030612 0.410154844812925 280000
2340728.98877551 0.390618419430272 280000
2443556.13112245 0.390618419430272 280000
2550232.63520408 0.364408954081633 280000
2660900.76887755 0.364408954081633 280000
2775710.92959184 0.364408954081633 280000
2894821.64438776 0.364408954081633 280000
0 4002135.74130884 290000
15742.741122449 4002135.74130884 290000
32074.8280612245 4002135.74130884 290000
49008.9805102041 4002135.74130884 290000
66574.877755102 12368171.983677 290000
84793.7192857143 12368171.983677 290000
103686.704591837 7503994.10183424 290000
123279.273061224 7503994.10183424 290000
143605.343877551 10438762.988164 290000
164681.876632653 10438762.988164 290000
186542.790510204 486690.790302649 290000
209213.524897959 486690.790302649 290000
232727.998979592 12677.2818867723 290000
257115.892040816 12677.2818867723 290000
282406.883367347 777.438828361182 290000
308639.132040816 777.438828361182 290000
335846.557244898 89.6894411279762 290000
364063.078163265 89.6894411279762 290000
393326.853877551 16.8093492859269 290000
423676.043469388 16.8093492859269 290000
455153.045918367 4.75153881228742 290000
487800.260204082 4.75153881228742 290000
521660.085306122 1.89725717240646 290000
556779.160102041 1.89725717240646 290000
593199.883571429 1.00239137563776 290000
630973.134489796 1.00239137563776 290000
670145.551734694 0.664339011479592 290000
710776.493877551 0.664339011479592 290000
752916.839693877 0.525641349489796 290000
796621.707857143 0.525641349489796 290000
841950.456938775 0.471282324404762 290000
888958.205612245 0.471282324404762 290000
937717.032142857 0.458059142644558 290000
988282.055204082 0.458059142644558 290000
1040729.59295918 0.46708659204932 290000
1095119.00397959 0.46708659204932 290000
1151530.84632653 0.487676596513605 290000
1210037.19826531 0.487676596513605 290000
1270718.61785714 0.51164968622449 290000
1333651.42326531 0.51164968622449 290000
1398920.41244898 0.531303379889456 290000
1466614.62326531 0.531303379889456 290000
1536823.09357143 0.539968671343537 290000
1609634.86122449 0.539968671343537 290000
1685155.92367347 0.533644156887755 290000
1763479.55867347 0.533644156887755 290000
1844707.52377551 0.511888180484694 290000
1928958.53612245 0.511888180484694 290000
2016334.35326531 0.477015019770408 290000
2106953.69234694 0.477015019770408 290000
2200939.51040816 0.433485400722789 290000
2298419.00438776 0.433485400722789 290000
2399515.13132653 0.386987853103742 290000
2504363.56795918 0.386987853103742 290000
2613108.47081633 0.334501449617347 290000
2725889.75653061 0.334501449617347 290000
2842860.06142857 0.334501449617347 290000
2964176.26173469 0.334501449617347 290000
0 5702113.3412153 300000
16375.2213265306 5702113.3412153 300000
33337.4010204082 5702113.3412153 300000
50904.8815306122 5702113.3412153 300000
69100.5909183674 12469953.588628 300000
87947.457244898 12469953.588628 300000
107463.822959184 9351857.80170765 300000
127681.787346939 9351857.80170765 300000
148619.692857143 6554300.75874958 300000
170300.46755102 6554300.75874958 300000
192760.796326531 654138.142778392 300000
216023.607244898 654138.142778392 300000
240116.413979592 15650.0523386284 300000
265066.730204082 15650.0523386284 300000
290911.240816327 792.628684352253 300000
317677.459489796 792.628684352253 300000
345402.071122449 81.4689806921769 300000
374112.589387755 81.4689806921769 300000
403854.870408163 15.0666499989371 300000
434651.842244898 15.0666499989371 300000
466553.946632653 4.4463051662415 300000
499593.282857143 4.4463051662415 300000
533815.707040816 1.87542942793367 300000
569253.318469388 1.87542942793367 300000
605961.144489796 1.03365432015306 300000
643980.455612245 1.03365432015306 300000
683357.107959184 0.701101898809524 300000
724141.543265306 0.701101898809524 300000
766379.617653061 0.558164543792517 300000
810126.358469388 0.558164543792517 300000
855436.793061225 0.496325651998299 300000
902365.94877551 0.496325651998299 300000
950968.852959184 0.471410492134354 300000
1001309.70418367 0.471410492134354 300000
1053448.11540816 0.463127730017007 300000
1107448.28520408 0.463127730017007 300000
1163378.9977551 0.460987777636054 300000
1221304.45163265 0.460987777636054 300000
1281298.01663265 0.459306386479592 300000
1343437.64816327 0.459306386479592 300000
1407796.71602041 0.454930948129252 300000
1474448.59 0.454930948129252 300000
1543484.98234694 0.446447565476191 300000
1614988.43408163 0.446447565476191 300000
1689041.48622449 0.434467653486395 300000
1765740.43663265 0.434467653486395 300000
1845181.58316327 0.421035630952381 300000
1927456.63806122 0.421035630952381 300000
2012671.07040816 0.407317007653061 300000
2100930.34928571 0.407317007653061 300000
2192339.94377551 0.391458431972789 300000
2287014.49418367 0.391458431972789 300000
2385073.22642857 0.370011141369048 300000
2486630.78081633 0.370011141369048 300000
2591815.5544898 0.334176492346939 300000
2700755.94459184 0.334176492346939 300000
2813589.5194898 0.334176492346939 300000
2930449.26193878 0.334176492346939 300000
0 1391276.45928236 30000
3231.77204081633 1391276.45928236 30000
6688.79020408163 1391276.45928236 30000
10386.8124489796 1391276.45928236 30000
14342.9871428571 1719079.90671343 30000
18574.926122449 1719079.90671343 30000
23101.6316326531 1505542.24921427 30000
27944.4232653061 1505542.24921427 30000
33124.6206122449 23654.582454523 30000
38666.3240816327 23654.582454523 30000
44594.0975510204 222.78476108801 30000
50935.2857142857 222.78476108801 30000
57718.6236734694 10.9065412270408 30000
64975.163877551 10.9065412270408 30000
72737.3491836735 2.3844157869898 30000
81040.8667346939 2.3844157869898 30000
89923.7210204081 1.23276194770408 30000
99425.7704081633 1.23276194770408 30000
109590.581020408 0.847956832908163 30000
120463.572857143 0.847956832908163 30000
132095.264081633 0.653407832908163 30000
144538.026734694 0.653407832908163 30000
157847.940612245 0.534856225765306 30000
172086.647142857 0.534856225765306 30000
187317.641632653 0.447580112244898 30000
203610.907959184 0.447580112244898 30000
221040.137755102 0.385736881377551 30000
239685.047755102 0.385736881377551 30000
259629.525918367 0.349256047193878 30000
280965.339183673 0.349256047193878 30000
303788.425714286 0.333212281887755 30000
328203.066122449 0.333212281887755 30000
354320.029591837 0.331871117346939 30000
382258.427755102 0.331871117346939 30000
412144.787755102 0.343396056122449 30000
444114.906122449 0.343396056122449 30000
478314.312244898 0.367447220663265 30000
514898.268367347 0.367447220663265 30000
554033.623469388 0.402912284438775 30000
595897.88632653 0.402912284438775 30000
640680.615918367 0.443532479591837 30000
688586.665714286 0.443532479591837 30000
739832.939387755 0.473819238520408 30000
794652.562040816 0.473819238520408 30000
853294.880204082 0.482313280612245 30000
916025.925306122 0.482313280612245 30000
983131.657959183 0.473660886479592 30000
1054916.11408163 0.473660886479592 30000
1131706.50306122 0.45614850255102 30000
1213850.89040816 0.45614850255102 30000
1301723.75938776 0.433975354591837 30000
1395723.23020408 0.433975354591837 30000
1496277.54857143 0.411471984693878 30000
1603843.69530612 0.411471984693878 30000
1718910.16714286 0.380797070153061 30000
1841999.75755102 0.380797070153061 30000
1973672.80102041 0.380797070153061 30000
2114526.70959184 0.380797070153061 30000
0 1268248.31676443 40000
3677.22704081633 1268248.31676443 40000
7599.23418367347 1268248.31676443 40000
11782.5979591837 1268248.31676443 40000
16243.8948979592 2330795.9195958 40000
21002.4642857143 2330795.9195958 40000
26077.0928571429 335560.861544872 40000
31489.8826530612 335560.861544872 40000
37262.9357142857 1429.68489840242 40000
43420.0117346939 1429.68489840242 40000
49987.0806122449 88.6948416996173 40000
56991.2173469388 88.6948416996173 40000
64461.7071428571 17.7436093080357 40000
72428.9403061224 17.7436093080357 40000
80926.0698979592 5.16978936862245 40000
89989.5642857143 5.16978936862245 40000
99655.8918367347 2.08122025510204 40000
109965.38877551 2.08122025510204 40000
120960.601530612 1.12507791135204 40000
132688.496938776 1.12507791135204 40000
145196.041836735 0.747926154336735 40000
158536.281122449 0.747926154336735 40000
172764.469897959 0.551422895408163 40000
187939.731122449 0.551422895408163 40000
204124.503061224 0.434154301658163 40000
221386.749489796 0.434154301658163 40000
239797.749489796 0.372137356505102 40000
259433.755102041 0.372137356505102 40000
280377.096428571 0.349756737882653 40000
302713.971428571 0.349756737882653 40000
326537.208673469 0.348755239158163 40000
351946.267346939 0.348755239158163 40000
379045.579591837 0.354904671556122 40000
407948.970918367 0.354904671556122 40000
438776.344897959 0.362815360331633 40000
471654.788265306 0.362815360331633 40000
506721.333673469 0.371606677295918 40000
544121.854591837 0.371606677295918 40000
584011.065306123 0.381499642857143 40000
626555.283673469 0.381499642857143 40000
671930.773469388 0.394201409438776 40000
720325.954591837 0.394201409438776 40000
771941.955612245 0.41035546875 40000
826993.166326531 0.41035546875 40000
885708.342857143 0.430018227040816 40000
948330.607653061 0.430018227040816 40000
1015120.76479592 0.457584767219388 40000
1086356.19489796 0.457584767219388 40000
1162331.96020408 0.499986151147959 40000
1243364.11989796 0.499986151147959 40000
1329789.17755102 0.559570720663265 40000
1421965.73877551 0.559570720663265 40000
1520277.27397959 0.630180985331633 40000
1625131.01326531 0.630180985331633 40000
1736963.47193878 0.722511109693878 40000
1856238.24030612 0.722511109693878 40000
1983450.95663265 0.722511109693878 40000
2119129.85969388 0.722511109693878 40000
0 2093275.00606923 50000
3996.85408163265 2093275.00606923 50000
8256.26632653061 2093275.00606923 50000
12794.6846938775 2093275.00606923 50000
17630.993877551 2504198.31875355 50000
22784.687755102 2504198.31875355 50000
28277.087755102 2493129.00854277 50000
34128.906122449 2493129.00854277 50000
40365.1193877551 799754.54649088 50000
47010.7040816326 799754.54649088 50000
54091.8551020408 5923.51914484056 50000
61637.8132653061 5923.51914484056 50000
69679.037755102 158.430740625 50000
78247.8153061224 158.430740625 50000
87378.2602040816 14.6360261096939 50000
97108.7510204081 14.6360261096939 50000
107477.057142857 3.63884572066326 50000
118525.212244898 3.63884572066326 50000
130298.905102041 1.46792832270408 50000
142845.042857143 1.46792832270408 50000
156214.187755102 0.76431356505102 50000
170460.557142857 0.76431356505102 50000
185642.023469388 0.506366160714286 50000
201818.895918367 0.506366160714286 50000
219057.575510204 0.41129162627551 50000
237426.9 0.41129162627551 50000
257001.798979592 0.379342480867347 50000
277860.857142857 0.379342480867347 50000
300088.751020408 0.370726339285714 50000
323775.030612245 0.370726339285714 50000
349015.337755102 0.371410401785714 50000
375911.406122449 0.371410401785714 50000
404572.88877551 0.376540235969388 50000
435114.312244898 0.376540235969388 50000
467659.340816326 0.384811173469388 50000
502340.167346939 0.384811173469388 50000
539296.294897959 0.395158411989796 50000
578676.973469388 0.395158411989796 50000
620641.809183673 0.404373584183673 50000
665360.155102041 0.404373584183673 50000
713012.329591837 0.412034068877551 50000
763790.834693877 0.412034068877551 50000
817900.965306122 0.426616403061224 50000
875561.418367347 0.426616403061224 50000
937005.51122449 0.456599661989796 50000
1002480.57244898 0.456599661989796 50000
1072251.59693878 0.488081766581633 50000
1146600.63673469 0.488081766581633 50000
1225827.41020408 0.486805019132653 50000
1310252.34795918 0.486805019132653 50000
1400217.20204082 0.445474445153061 50000
1496083.82755102 0.445474445153061 50000
1598240.88367347 0.391236792091837 50000
1707100.7877551 0.391236792091837 50000
1823102.76122449 0.334866996173469 50000
1946715.8755102 0.334866996173469 50000
2078439.66122449 0.334866996173469 50000
2218805.93571429 0.334866996173469 50000
0 1766198.20241148 60000
4405.19326530612 1766198.20241148 60000
9088.58724489796 1766198.20241148 60000
14067.6130612245 1766198.20241148 60000
19361.7935714286 3368214.11007119 60000
24989.9543877551 3368214.11007119 60000
30974.4073469388 2867898.76918711 60000
37336.0697959184 2867898.76918711 60000
44100.0425510204 1464485.41172717 60000
51291.4264285714 1464485.41172717 60000
58937.4139795918 14726.9058023433 60000
67065.895 14726.9058023433 60000
75708.2455102041 315.489483278274 60000
84896.5387755102 315.489483278274 60000
94664.9397959184 21.6325734921344 60000
105051.099795918 21.6325734921344 60000
116093.367244898 4.04547154910714 60000
127832.879591837 4.04547154910714 60000
140314.260510204 1.49149399234694 60000
153584.922653061 1.49149399234694 60000
167692.975918367 0.82632090710034 60000
182692.805408163 0.82632090710034 60000
198640.190714286 0.583211947491497 60000
215595.094897959 0.583211947491497 60000
233621.664489796 0.471574323767007 60000
252786.835 0.471574323767007 60000
273162.422653061 0.414246267219388 60000
294825.821632653 0.414246267219388 60000
317857.912346939 0.385744929421769 60000
342344.455918367 0.385744929421769 60000
368378.883163265 0.370812267857143 60000
396058.111122449 0.370812267857143 60000
425485.332040816 0.360546789328231 60000
456772.105102041 0.360546789328231 60000
490035.56744898 0.355292758503401 60000
525400.525918367 0.355292758503401 60000
563000.154285714 0.360726910926871 60000
602975.296020408 0.360726910926871 60000
645475.85877551 0.379209711096939 60000
690661.511632653 0.379209711096939 60000
738701.685102041 0.406209067176871 60000
789776.965612245 0.406209067176871 60000
844079.792755102 0.435926225765306 60000
901813.064795918 0.435926225765306 60000
963193.624897959 0.467489630739796 60000
1028452.26112245 0.467489630739796 60000
1097833.70642857 0.502651109906463 60000
1171598.73040816 0.502651109906463 60000
1250024.13928571 0.541198584608844 60000
1333404.86765306 0.541198584608844 60000
1422053.28122449 0.588246636692177 60000
1516301.96581633 0.588246636692177 60000
1616505.81908163 0.671346607780612 60000
1723039.95877551 0.671346607780612 60000
1836304.60346939 0.856508705994898 60000
1956725.76979592 0.856508705994898 60000
2084754.57520408 0.856508705994898 60000
2220872.81591837 0.856508705994898 60000
0 2058039.43859949 70000
4669.28693877551 2058039.43859949 70000
9630.35755102041 2058039.43859949 70000
14900.4195918367 2058039.43859949 70000
20499.6734693878 3358117.37340224 70000
26448.3195918367 3358117.37340224 70000
32768.0546938776 2604378.46661127 70000
39482.82 2604378.46661127 70000
46615.8085714286 2454590.96659337 70000
54194.7024489796 2454590.96659337 70000
62246.4355102041 43105.7640067985 70000
70800.186122449 43105.7640067985 70000
79888.8734693878 759.46822422449 70000
89543.9204081633 759.46822422449 70000
99801.2387755102 36.0016272372449 70000
110699.733061224 36.0016272372449 70000
122277.559591837 4.76731503061225 70000
134578.111836735 4.76731503061225 70000
147646.279591837 1.53408227806122 70000
161530.693469388 1.53408227806122 70000
176281.480408163 0.852401112244898 70000
191952.508163265 0.852401112244898 70000
208601.385306122 0.607912267857143 70000
226289.46122449 0.607912267857143 70000
245081.826122449 0.488810910714286 70000
265046.562857143 0.488810910714286 70000
286257.739591837 0.425608260204082 70000
308792.417142857 0.425608260204082 70000
332733.641632653 0.396582642857143 70000
358168.948163265 0.396582642857143 70000
385191.857142857 0.389325459183674 70000
413901.126122449 0.389325459183674 70000
444402.246122449 0.392763892857143 70000
476806.693469388 0.392763892857143 70000
511233.426122449 0.39809143877551 70000
547808.883673469 0.39809143877551 70000
586666.987346939 0.401003040816327 70000
627950.636326531 0.401003040816327 70000
671810.959591837 0.400680395408163 70000
718408.064081633 0.400680395408163 70000
767913.279183673 0.399193420918367 70000
820508.408571429 0.399193420918367 70000
876385.730204082 0.401829137755102 70000
935750.988979592 0.401829137755102 70000
998820.404081633 0.412184964285714 70000
1065826.65428571 0.412184964285714 70000
1137014.38897959 0.425429012755102 70000
1212645.46530612 0.425429012755102 70000
1292996.70367347 0.427793520408163 70000
1378362.1322449 0.427793520408163 70000
1469055.97959184 0.40857975255102 70000
1565408.93387755 0.40857975255102 70000
1667776.37265306 0.374458831632653 70000
1776532.37755102 0.374458831632653 70000
1892075.71959184 0.335649420918367 70000
2014829.85918367 0.335649420918367 70000
2145245.19061224 0.335649420918367 70000
2283800.53836735 0.335649420918367 70000
0 1603015.43206553 80000
4994.17285714286 1603015.43206553 80000
10297.755 1603015.43206553 80000
15929.3271428571 1603015.43206553 80000
21908.2778571429 2838315.6374394 80000
28257.2271428571 2838315.6374394 80000
34998.795 5651658.17630091 80000
42157.2171428571 5651658.17630091 80000
49757.5371428571 1000935.96303135 80000
57828.8378571428 1000935.96303135 80000
66398.5864285714 13221.7251832946 80000
75497.4814285714 13221.7251832946 80000
85160.2607142857 610.505770236607 80000
95419.2385714285 610.505770236607 80000
106313.192142857 52.8011725892857 80000
117880.090714286 52.8011725892857 80000
130162.750714286 7.71305309821429 80000
143204.796428571 7.71305309821429 80000
157052.275714286 2.08887284821429 80000
171756.891428571 2.08887284821429 80000
187369.538571429 0.98504209375 80000
203948.382857143 0.98504209375 80000
221551.59 0.654360919642857 80000
240243.788571429 0.654360919642857 80000
260091.222857143 0.510148321428571 80000
281165.792142857 0.510148321428571 80000
303542.627142857 0.434277071428571 80000
327303.321428571 0.434277071428571 80000
352533.507857143 0.39850078125 80000
379322.858571429 0.39850078125 80000
407769.124285714 0.38542359375 80000
437973.287142857 0.38542359375 80000
470045.215714286 0.383932424107143 80000
504099.625714286 0.383932424107143 80000
540260.119285714 0.390221928571429 80000
578655.145714286 0.390221928571429 80000
619425.272142857 0.402253950892857 80000
662715.105 0.402253950892857 80000
708681.368571429 0.41958921875 80000
757489.673571429 0.41958921875 80000
809315.325 0.445940508928571 80000
864344.937857143 0.445940508928571 80000
922776.437142857 0.482718205357143 80000
984821.481428571 0.482718205357143 80000
1050701.42357143 0.520037839285714 80000
1120654.58142857 0.520037839285714 80000
1194933.00642857 0.542484486607143 80000
1273803.29142857 0.542484486607143 80000
1357549.80214286 0.543464013392857 80000
1446473.06142857 0.543464013392857 80000
1540894.59642857 0.521493665178571 80000
1641153.70714286 0.521493665178571 80000
1747611.50571429 0.473518732142857 80000
1860650.91642857 0.473518732142857 80000
1980678.29142857 0.400437955357143 80000
2108126.64214286 0.400437955357143 80000
2243454.83142857 0.400437955357143 80000
2387149.18928571 0.400437955357143 80000
0 1307485.93981421 90000
5451.87785714286 1307485.93981421 90000
11230.3028571429 1307485.93981421 90000
17353.5178571429 1307485.93981421 90000
23843.4142857143 1070376.0302397 90000
30720.9714285714 1070376.0302397 90000
38009.905 1205463.43578572 90000
45733.9307142857 1205463.43578572 90000
53919.5007142857 111443.947221124 90000
62594.8914285714 111443.947221124 90000
71788.3792857143 4587.54111405357 90000
81531.8892857143 4587.54111405357 90000
91858.2585714286 305.051339147321 90000
102801.236428571 305.051339147321 90000
114398.220714286 50.101977625 90000
126688.433571429 50.101977625 90000
139712.921428571 10.6905993303571 90000
153516.379285714 10.6905993303571 90000
168145.326428571 2.744273 90000
183648.106428571 2.744273 90000
200077.623571429 1.07071319196429 90000
217489.518571429 1.07071319196429 90000
235942.168571429 0.629475486607143 90000
255497.599285714 0.629475486607143 90000
276221.485 0.485607754464286 90000
298184.972857143 0.485607754464286 90000
321461.034285714 0.429708599702381 90000
346128.113571429 0.429708599702381 90000
372270.127857143 0.402750977678571 90000
399973.730714286 0.402750977678571 90000
429334.697142857 0.38912584375 90000
460449.714285714 0.38912584375 90000
493424.590714286 0.386849287202381 90000
528370.607857143 0.386849287202381 90000
565406.344285714 0.396799245535714 90000
604654.939285714 0.396799245535714 90000
646249.565714286 0.418743882440476 90000
690331.605714286 0.418743882440476 90000
737047.002142857 0.447024111607143 90000
786556.292142857 0.447024111607143 90000
839023.661428571 0.469991108630952 90000
894627.89 0.469991108630952 90000
953555.967142857 0.479737735119048 90000
1016005.82785714 0.479737735119048 90000
1082189.08928571 0.477293952380952 90000
1152327.40214286 0.477293952380952 90000
1226659.74785714 0.465230863095238 90000
1305434.22928571 0.465230863095238 90000
1388917.19214286 0.446543336309524 90000
1477390.48857143 0.446543336309524 90000
1571152.38928571 0.42526190327381 90000
1670519.40785714 0.42526190327381 90000
1775825.38857143 0.397392138392857 90000
1887425.155 0.397392138392857 90000
2005697.24642857 0.346682696428571 90000
2131037.53285714 0.346682696428571 90000
2263871.07285714 0.346682696428571 90000
2404643.90428571 0.346682696428571 90000
0 2821014.18250367 hpsmc
8278.79183673469 2821014.18250367 hpsmc
17175.9673469388 2821014.18250367 hpsmc
26735.9346938775 2821014.18250367 hpsmc
37008.6530612245 3612.60805523809 hpsmc
48047.4122448979 3612.60805523809 hpsmc
59909.9428571428 91.2288023129252 hpsmc
72656.1959183673 91.2288023129252 hpsmc
86353.893877551 21.0972243537415 hpsmc
101072.979591837 21.0972243537415 hpsmc
116888.946938776 7.1237725170068 hpsmc
133885.06122449 7.1237725170068 hpsmc
152149.028571429 4.07203891156463 hpsmc
171774.106122449 4.07203891156463 hpsmc
192863.542857143 3.15623619047619 hpsmc
215525.028571429 3.15623619047619 hpsmc
239876.244897959 2.70964040816327 hpsmc
266043.755102041 2.70964040816327 hpsmc
294163.004081633 2.32234108843537 hpsmc
324378.318367347 2.32234108843537 hpsmc
356847.346938776 1.95295306122449 hpsmc
391738.840816327 1.95295306122449 hpsmc
429230.432653061 1.63821020408163 hpsmc
469518.628571429 1.63821020408163 hpsmc
512812.146938775 1.39657428571429 hpsmc
559333.028571428 1.39657428571429 hpsmc
609323.297959184 1.22616258503401 hpsmc
663041.632653061 1.22616258503401 hpsmc
720765.583673469 1.11667333333333 hpsmc
782794.906122449 1.11667333333333 hpsmc
849449.33877551 1.05706925170068 hpsmc
921075.265306122 1.05706925170068 hpsmc
998042.383673469 1.03951646258503 hpsmc
1080748.14693878 1.03951646258503 hpsmc
1169622.20408163 1.06056639455782 hpsmc
1265124.17959184 1.06056639455782 hpsmc
1367748.11428571 1.12054285714286 hpsmc
1478024.68571429 1.12054285714286 hpsmc
1596524.53877551 1.22351659863946 hpsmc
1723861.61632653 1.22351659863946 hpsmc
1860695.37959184 1.37896367346939 hpsmc
2007733.02857143 1.37896367346939 hpsmc
2165735.05306122 1.60446231292517 hpsmc
2335519.67346939 1.60446231292517 hpsmc
2517966.17142857 1.9283874829932 hpsmc
2714018.22040816 1.9283874829932 hpsmc
2924691.65714286 2.39132176870748 hpsmc
3151074.48163265 2.39132176870748 hpsmc
3394339.06938776 3.04033088435374 hpsmc
3655745.50204082 3.04033088435374 hpsmc
3936646.00816326 3.90125945578231 hpsmc
4238492.73469388 3.90125945578231 hpsmc
4562851.06938775 4.92588068027211 hpsmc
4911396.31020408 4.92588068027211 hpsmc
5285934.75918367 6.12368217687075 hpsmc
5688403.72244898 6.12368217687075 hpsmc
6120884.83265306 6.12368217687075 hpsmc
6585618.48163265 6.12368217687075 hpsmc
