0 10270689.3267838 100000
22108.5716326531 10270689.3267838 100000
45788.1055102041 10270689.3267838 100000
71147.4802040816 10270689.3267838 100000
98311.1283673469 96346.0267113737 100000
127406.593469388 96346.0267113737 100000
158567.640612245 1180.93763371429 100000
191946.699795918 1180.93763371429 100000
227693.090204082 193.859119498724 100000
265984.128367347 193.859119498724 100000
306994.02 67.1856611862245 100000
350918.746530612 67.1856611862245 100000
397966.732653061 29.5783674897959 100000
448355.735510204 29.5783674897959 100000
502328.39877551 12.7708472270408 100000
560133.587755102 12.7708472270408 100000
622048.165102041 7.19050935969388 100000
688364.54755102 7.19050935969388 100000
759390.705918367 5.30349465688775 100000
835468.83 5.30349465688775 100000
916950.442040816 4.40242726530612 100000
1004221.28326531 4.40242726530612 100000
1097698.20306122 3.8192269744898 100000
1197816.71571429 3.8192269744898 100000
1305049.66530612 3.4009971619898 100000
1419901.00408163 3.4009971619898 100000
1542918.23571429 3.09244954846939 100000
1674676.86122449 3.09244954846939 100000
1815799.04387755 2.85853560331633 100000
1966950.49836735 2.85853560331633 100000
2128846.71244898 2.68718147066326 100000
2302243.6144898 2.68718147066326 100000
2487965.57081633 2.57965091964286 100000
2686886.72081633 2.57965091964286 100000
2899943.42020408 2.54096014158163 100000
3128143.57346939 2.54096014158163 100000
3372560.4122449 2.5793398380102 100000
3634344.93857143 2.5793398380102 100000
3914735.25734694 2.69557419387755 100000
4215053.4655102 2.69557419387755 100000
4536714.9844898 2.87060297831633 100000
4881234.78183673 2.87060297831633 100000
5250236.70367347 3.0667982755102 100000
5645465.91795918 3.0667982755102 100000
6068779.58204082 3.25401757142857 100000
6522181.06163265 3.25401757142857 100000
7007801.26591837 3.42544947448979 100000
7527935.97734694 3.42544947448979 100000
8085033.40836735 3.58654439413265 100000
8681722.19877551 3.58654439413265 100000
9320814.52653061 3.74115196556122 100000
10005327.8834694 3.74115196556122 100000
10738485.0753061 3.8719423494898 100000
11523748.4406122 3.8719423494898 100000
12364816.74 3.98727586479592 100000
13265659.375102 3.98727586479592 100000
14230522.6102041 3.98727586479592 100000
15263954.4587755 3.98727586479592 100000
0 158.011364496599 10000
19223.98 158.011364496599 10000
39854.0146938776 158.011364496599 10000
61990.1604081633 158.011364496599 10000
85740.3726530612 311.37234242602 10000
111225.772244898 311.37234242602 10000
138572.746122449 108.185716552721 10000
167915.580408163 108.185716552721 10000
199399.093469388 37.1602120382653 10000
233183.902040816 37.1602120382653 10000
269435.888979592 17.4988695977891 10000
308331.469387755 17.4988695977891 10000
350070.755918367 11.2832926989796 10000
394856.494285714 11.2832926989796 10000
442912.494693878 8.45767241581633 10000
494475.732653061 8.45767241581633 10000
549804.248163265 6.41243113860544 10000
609171.879591837 6.41243113860544 10000
672876.162857143 5.0303208452381 10000
741230.432244898 5.0303208452381 10000
814576.985714286 4.16106505187075 10000
893276.552653061 4.16106505187075 10000
977724.092244898 3.58796281972789 10000
1068338.26122449 3.58796281972789 10000
1165566.68 3.19201623809524 10000
1269896.46489796 3.19201623809524 10000
1381841.06285714 2.91985096173469 10000
1501961.31591837 2.91985096173469 10000
1630849.66285714 2.73328760289116 10000
1769151.20367347 2.73328760289116 10000
1917547.90122449 2.60639599404762 10000
2076782.27877551 2.60639599404762 10000
2247641.62163265 2.52863291921769 10000
2430979.04163265 2.52863291921769 10000
2627700.31183673 2.4936845170068 10000
2838784.93102041 2.4936845170068 10000
3065280.85755102 2.49875864540816 10000
3308315.04163265 2.49875864540816 10000
3569096.05836735 2.54728376955782 10000
3848916.74081633 2.54728376955782 10000
4149167.34530612 2.64108657568027 10000
4471340.81755102 2.64108657568027 10000
4817038.05877551 2.77141213520408 10000
5187975.82489796 2.77141213520408 10000
5585999.89183673 2.92384443792517 10000
6013082.42244898 2.92384443792517 10000
6471348.29714286 3.0918885994898 10000
6963075.11387755 3.0918885994898 10000
7490703.72040816 3.26725596258503 10000
8056859.27877551 3.26725596258503 10000
8664348.6322449 3.39352221938775 10000
9316197.16816327 3.39352221938775 10000
10015638.2857143 3.37122896768707 10000
10766147.6257143 3.37122896768707 10000
11571456.2359184 3.10196005867347 10000
12435563.7363265 3.10196005867347 10000
13362762.0167347 3.10196005867347 10000
14357661.5673469 3.10196005867347 10000
0 8641313.72051947 110000
22519.5464285714 8641313.72051947 110000
46633.7357142857 8641313.72051947 110000
72447.8142857143 8641313.72051947 110000
100082.975 5006320.58530742 110000
129673.167857143 5006320.58530742 110000
161349.153571429 51220.827199189 110000
195264.017857143 51220.827199189 110000
231574.035714286 1608.72449706845 110000
270448.239285714 1608.72449706845 110000
312065.228571429 137.141305595238 110000
356622.739285714 137.141305595238 110000
404328.075 29.046333266369 110000
455401.296428571 29.046333266369 110000
510081.6 12.3449874776786 110000
568620.939285714 12.3449874776786 110000
631293.592857143 7.55730485119047 110000
698396.164285714 7.55730485119047 110000
770231.635714286 5.58236625 110000
847144.45 5.58236625 110000
929485.428571428 4.53059297619048 110000
1017643.66428571 4.53059297619048 110000
1112024.19642857 3.84211921130952 110000
1213070.33571429 3.84211921130952 110000
1321250.90714286 3.36859665922619 110000
1437073.00714286 3.36859665922619 110000
1561072.43571429 3.02926994791667 110000
1693829.64285714 3.02926994791667 110000
1835960.16071429 2.79376113095238 110000
1988127.36071429 2.79376113095238 110000
2151039.26428571 2.65690090773809 110000
2325454.92142857 2.65690090773809 110000
2512187.6 2.60029108630952 110000
2712107.975 2.60029108630952 110000
2926144.12857143 2.59845724702381 110000
3155294.30714286 2.59845724702381 110000
3400626.92142857 2.6377519047619 110000
3663283.73571428 2.6377519047619 110000
3944486.24642857 2.7177896875 110000
4245545.25 2.7177896875 110000
4567864.03214286 2.83812542410714 110000
4912944.74642857 2.83812542410714 110000
5282394.79285714 2.99149020089286 110000
5677930.00714286 2.99149020089286 110000
6101396.98571428 3.16472156994048 110000
6554766.70714286 3.16472156994048 110000
7040153.66785714 3.35027819940476 110000
7559812.69285714 3.35027819940476 110000
8116170.82857143 3.54871156994048 110000
8711814.58571428 3.54871156994048 110000
9349518.64285714 3.74531774553571 110000
10032252.225 3.74531774553571 110000
10763201.4285714 3.90112099702381 110000
11545762.8428571 3.90112099702381 110000
12383588.2 3.89029071428571 110000
13280574.8071429 3.89029071428571 110000
14240900.6285714 3.89029071428571 110000
15269040.2321429 3.89029071428571 110000
0 8344904.91283464 120000
22337.8733673469 8344904.91283464 120000
46265.7090816327 8344904.91283464 120000
71899.5398979592 8344904.91283464 120000
99358.5345918367 7293174.81972147 120000
128774.406020408 7293174.81972147 120000
160285.139081633 56264.844963037 120000
194038.126734694 56264.844963037 120000
230199.578061224 710.623550765093 120000
268932.566122449 710.623550765093 120000
310428.388163265 78.9238401430697 120000
354875.205408163 78.9238401430697 120000
402492.539285714 25.8788324107143 120000
453499.91122449 25.8788324107143 120000
508138.794795918 13.2021624485544 120000
566672.615714286 13.2021624485544 120000
629374.207755102 8.29948454357993 120000
696541.492857143 8.29948454357993 120000
768494.345102041 5.91550796279762 120000
845571.454693878 5.91550796279762 120000
928139.736020408 4.5330260327381 120000
1016588.05561224 4.5330260327381 120000
1111336.64020408 3.72940773639456 120000
1212833.94071429 3.72940773639456 120000
1321562.90428571 3.26671405867347 120000
1438034.7022449 3.26671405867347 120000
1562804.41020408 2.97418868835034 120000
1696458.46397959 2.97418868835034 120000
1839633.47571429 2.78933988541667 120000
1993009.96183673 2.78933988541667 120000
2157309.20704082 2.69527887329932 120000
2333308.94438775 2.69527887329932 120000
2521849.62734694 2.66855083269558 120000
2723818.74969388 2.66855083269558 120000
2940172.79765306 2.68521094111395 120000
3171937.24989796 2.68521094111395 120000
3420209.71357143 2.72961176339286 120000
3686169.33234694 2.72961176339286 120000
3971070.51438776 2.79879368027211 120000
4276268.0205102 2.79879368027211 120000
4603204.42010204 2.91049480718537 120000
4953425.77122449 2.91049480718537 120000
5328594.16469388 3.08185218898809 120000
5730487.72408163 3.08185218898809 120000
6161003.74173469 3.29585291496599 120000
6622190.03897959 3.29585291496599 120000
7116223.01397959 3.51378019982993 120000
7645448.41 3.51378019982993 120000
8212368.77132653 3.7167852542517 120000
8819671.66744898 3.7167852542517 120000
9470229.69306123 3.89366987202381 120000
10167131.8282653 3.89366987202381 120000
10913670.8944898 3.98025670216837 120000
11713384.3227551 3.98025670216837 120000
12570063.5617347 3.84985052019558 120000
13487763.4858163 3.84985052019558 120000
14470830.6192857 3.84985052019558 120000
15523921.952449 3.84985052019558 120000
0 8360289.63019984 130000
23128.0255102041 8360289.63019984 130000
47878.1448979592 8360289.63019984 130000
74365.7510204082 8360289.63019984 130000
102709.533673469 20415432.2934628 130000
133041.370408163 20415432.2934628 130000
165503.029591837 125299.604311894 130000
200239.576530612 125299.604311894 130000
237412.56122449 1813.93045006378 130000
277196.721428571 1813.93045006378 130000
319770.091836735 167.27562872449 130000
365327.191836735 167.27562872449 130000
414082.32244898 37.0734995663265 130000
466259.675510204 37.0734995663265 130000
522093.333673469 14.8729922257653 130000
581847.052040816 14.8729922257653 130000
645787.882653061 8.71110294642857 130000
714219.143877551 8.71110294642857 130000
787447.451020408 6.04989639030612 130000
865815.685714286 6.04989639030612 130000
949679.917346939 4.56031197704082 130000
1039425.8877551 4.56031197704082 130000
1135469.01122449 3.67117566964286 130000
1238247.78061224 3.67117566964286 130000
1348236.95510204 3.18373700892857 130000
1465944.26326531 3.18373700892857 130000
1591907.10612245 2.94925597576531 130000
1726705.74489796 2.94925597576531 130000
1870960.00408163 2.84275798469388 130000
2025332.56836735 2.84275798469388 130000
2190535.57653061 2.7786462627551 130000
2367327.3244898 2.7786462627551 130000
2556522.15612245 2.72300355229592 130000
2758987.16632653 2.72300355229592 130000
2975655.38877551 2.6844087627551 130000
3207522.49897959 2.6844087627551 130000
3455656.70510204 2.67834376913265 130000
3721195.45102041 2.67834376913265 130000
4005361.90102041 2.70801621811224 130000
4309461.64285714 2.70801621811224 130000
4634895.8755102 2.77776021045918 130000
4983158.1122449 2.77776021045918 130000
5355850.66530612 2.89968512755102 130000
5754684.64591837 2.89968512755102 130000
6181499.74591837 3.07912102040816 130000
6638254.34693877 3.07912102040816 130000
7127048.59897959 3.30974875637755 130000
7650134.31122449 3.30974875637755 130000
8209911.65510204 3.57029621173469 130000
8808958.83673469 3.57029621173469 130000
9450028.8 3.78924728954082 130000
10136065.7112245 3.78924728954082 130000
10870231.3346939 3.81197556122449 130000
11655895.1418367 3.81197556122449 130000
12496673.8744898 3.43104176020408 130000
13396434.8418367 3.43104176020408 130000
14359309.1081633 3.43104176020408 130000
15389731.0561224 3.43104176020408 130000
0 8318621.59188302 140000
23327.7028571429 8318621.59188302 140000
48301.7942857143 8318621.59188302 140000
75031.5918367347 8318621.59188302 140000
103642.976326531 8109780.07693875 140000
134271.766530612 8109780.07693875 140000
167057.093877551 45248.3777207483 140000
202151.340408163 45248.3777207483 140000
239713.513469388 1016.86328810204 140000
279925.808979592 1016.86328810204 140000
322967.110204082 131.919596520408 140000
369039.488979592 131.919596520408 140000
418358.267755102 38.8788146258503 140000
471148.706938775 38.8788146258503 140000
527659.255510204 15.8073454829932 140000
588148.300408163 15.8073454829932 140000
652894.104489796 8.45575397959184 140000
722204.744489796 8.45575397959184 140000
796391.609795918 5.71576201360544 140000
875805.841632653 5.71576201360544 140000
960811.831836735 4.43811313605442 140000
1051803.78612245 4.43811313605442 140000
1149205.72408163 3.73959882993197 140000
1253464.85387755 3.73959882993197 140000
1365068.1355102 3.3315558877551 140000
1484529.03020408 3.3315558877551 140000
1612404.06367347 3.08256170068027 140000
1749282.88816327 3.08256170068027 140000
1895801.53306122 2.91982071768707 140000
2052639.0922449 2.91982071768707 140000
2220524.34938776 2.80721811904762 140000
2400229.15265306 2.80721811904762 140000
2592588.29061224 2.73469172108844 140000
2798496.17959184 2.73469172108844 140000
3018906.86367347 2.70705867346939 140000
3254837.32734694 2.70705867346939 140000
3507384.05877551 2.7293017585034 140000
3777713.11183674 2.7293017585034 140000
4067083.29469388 2.7956652414966 140000
4376829.60653061 2.7956652414966 140000
4708389.73877551 2.89036571088435 140000
5063300.76244898 2.89036571088435 140000
5443202.44081633 2.99545272789116 140000
5849860.41795918 2.99545272789116 140000
6285159.59346939 3.11252050680272 140000
6751110.7477551 3.11252050680272 140000
7249873.73061224 3.27363967006803 140000
7783764.08653061 3.27363967006803 140000
8355253.05469388 3.49832726530612 140000
8966987.44489796 3.49832726530612 140000
9621802.88816326 3.7352647755102 140000
10322733.7746939 3.7352647755102 140000
11073026.5044898 3.8534919829932 140000
11876156.0506122 3.8534919829932 140000
12735842.522449 3.63445660204082 140000
13656074.3542857 3.63445660204082 140000
14641111.6179592 3.63445660204082 140000
15695519.1493878 3.63445660204082 140000
0 9658011.32686932 150000
23467.8106122449 9658011.32686932 150000
48583.2473469388 9658011.32686932 150000
75459.9395918367 9658011.32686932 150000
104224.884897959 7227270.77172697 150000
135011.764897959 7227270.77172697 150000
167957.603265306 21048.9465487211 150000
203219.475918367 21048.9465487211 150000
240954.45877551 1306.69395564626 150000
281343.022040816 1306.69395564626 150000
324562.293877551 221.232574612245 150000
370819.480816327 221.232574612245 150000
420325.131428571 46.5809610680272 150000
473306.504489796 46.5809610680272 150000
530007.568979592 16.8325645510204 150000
590692.346122449 16.8325645510204 150000
655634.883265306 9.20118144897959 150000
725139.306122449 9.20118144897959 150000
799523.108571429 6.18973809523809 150000
879130.520816326 6.18973809523809 150000
964329.167346939 4.68406515646258 150000
1055510.06693878 4.68406515646258 150000
1153090.97469388 3.82701271428571 150000
1257526.40816327 3.82701271428571 150000
1369294.27918367 3.29723658163265 150000
1488909.26204082 3.29723658163265 150000
1616922.79346939 2.97537716326531 150000
1753926.41469388 2.97537716326531 150000
1900548.42938775 2.79476074489796 150000
2057470.61387755 2.79476074489796 150000
2225404.82285714 2.7000138877551 150000
2405136.43591837 2.7000138877551 150000
2597484.25306122 2.65662305782313 150000
2803340.59918367 2.65662305782313 150000
3023651.27183673 2.65640721768707 150000
3259432.25142857 2.65640721768707 150000
3511769.70122449 2.7044560170068 150000
3781823.30938776 2.7044560170068 150000
4070842.99918367 2.8061306462585 150000
4380152.21877551 2.8061306462585 150000
4711184.70367347 2.9582631292517 150000
5065457.74040816 2.9582631292517 150000
5444608.92897959 3.14350270408163 150000
5850386.15673469 3.14350270408163 150000
6284650.94040816 3.33448641156463 150000
6749411.84653061 3.33448641156463 150000
7246804.43918367 3.49416633673469 150000
7779124.70040816 3.49416633673469 150000
8348822.34612245 3.5941838707483 150000
8958524.22040816 3.5941838707483 150000
9611037.63755102 3.65356079591837 150000
10309367.0922449 3.65356079591837 150000
11056734.3118367 3.74726326530612 150000
11856578.2563265 3.74726326530612 150000
12712585.1967347 4.08901478911565 150000
13628698.7412245 4.08901478911565 150000
14609136.5453061 4.08901478911565 150000
15658423.7322449 4.08901478911565 150000
0 7950949.09410226 160000
24018.8819387755 7950949.09410226 160000
49715.3385714286 7950949.09410226 160000
77209.687755102 7950949.09410226 160000
106622.247346939 433972.105179 160000
138090.523469388 433972.105179 160000
171758.89755102 6875.97515419069 160000
207778.626326531 6875.97515419069 160000
246314.717142857 798.377942895621 160000
287542.490306122 798.377942895621 160000
331651.016734694 183.900029279762 160000
378843.117959184 183.900029279762 160000
429331.928469388 54.4657024247449 160000
483347.771020408 54.4657024247449 160000
541138.156632653 21.1411795905612 160000
602967.784591837 21.1411795905612 160000
669115.104795918 10.3757106755952 160000
739886.068367347 10.3757106755952 160000
815600.377040816 6.26993541836735 160000
896605.23377551 6.26993541836735 160000
983271.905102041 4.55284919961735 160000
1075992.28346939 4.55284919961735 160000
1175189.20020408 3.73738776105442 160000
1281319.86316326 3.73738776105442 160000
1394865.54377551 3.28330243877551 160000
1516341.89 3.28330243877551 160000
1646309.23928571 3.00906366581633 160000
1785355.43030612 3.00906366581633 160000
1934116.42887755 2.84856823852041 160000
2093272.89030612 2.84856823852041 160000
2263546.72173469 2.76932317368197 160000
2445721.70806122 2.76932317368197 160000
2640622.88602041 2.7447296307398 160000
2849144.04540816 2.7447296307398 160000
3072230.54081633 2.75045189073129 160000
3310906.79285714 2.75045189073129 160000
3566259.09989796 2.77806054187925 160000
3839452.82632653 2.77806054187925 160000
4131735.84020408 2.84041097427721 160000
4444438.5132653 2.84041097427721 160000
4778990.90918367 2.95190552189626 160000
5136919.34591837 2.95190552189626 160000
5519853.27102041 3.10008269238946 160000
5929545.88755102 3.10008269238946 160000
6367860.40346939 3.24496544536565 160000
6836804.40816326 3.24496544536565 160000
7338509.24653061 3.36285546003401 160000
7875271.27081632 3.36285546003401 160000
8449538.09 3.47138503188775 160000
9063925.75806122 3.47138503188775 160000
9721242.83755102 3.57051835204082 160000
10424483.5242857 3.57051835204082 160000
11176862.0238775 3.58772094090136 160000
11981809.1140816 3.58772094090136 160000
12842999.6460204 3.34372635310374 160000
13764359.4194898 3.34372635310374 160000
14750092.6841837 3.34372635310374 160000
15804702.7656122 3.34372635310374 160000
0 8417373.74789852 170000
24128.5714285714 8417373.74789852 170000
49946.1428571429 8417373.74789852 170000
77569.9102040816 8417373.74789852 170000
107127.410204082 11811670.4719631 170000
138756.520408163 11811670.4719631 170000
172595.118367347 236424.782899413 170000
208805.210204082 236424.782899413 170000
247552.248979592 4432.94409315051 170000
289008.581632653 4432.94409315051 170000
333367.236734694 333.840680956633 170000
380831.583673469 333.840680956633 170000
431615.332653061 61.0401224872449 170000
485956.32244898 61.0401224872449 170000
544102.732653061 19.3049540306122 170000
606316.530612245 19.3049540306122 170000
672887.259183673 9.35839568877551 170000
744118.248979592 9.35839568877551 170000
820333.512244898 6.0099962755102 170000
901884.636734694 6.0099962755102 170000
989143.891836735 4.58873006377551 170000
1082511.12244898 4.58873006377551 170000
1182417.19591837 3.8467262244898 170000
1289313.66122449 3.8467262244898 170000
1403689.98367347 3.39005710459184 170000
1526076.99183673 3.39005710459184 170000
1657029.64285714 3.09363473214286 170000
1797147.70408163 3.09363473214286 170000
1947075.75306122 2.90156843112245 170000
2107499.73061224 2.90156843112245 170000
2279150.3877551 2.79732007653061 170000
2462817.07346939 2.79732007653061 170000
2659340.84081633 2.77052730867347 170000
2869621.34081633 2.77052730867347 170000
3094623.71632653 2.79205631377551 170000
3335371.70816327 2.79205631377551 170000
3592975.23061224 2.82992237244898 170000
3868606.24285714 2.82992237244898 170000
4163536.66530612 2.879745 170000
4479107.35714286 2.879745 170000
4816769.47959184 2.96260797193878 170000
5178070.70816327 2.96260797193878 170000
5564658.67959184 3.0975412627551 170000
5978308.56734694 3.0975412627551 170000
6420916.1877551 3.28586619897959 170000
6894504.89387755 3.28586619897959 170000
7401242.81020408 3.49268970663265 170000
7943453.17346939 3.49268970663265 170000
8523614.33265306 3.64301932397959 170000
9144390.77142857 3.64301932397959 170000
9808619.32040816 3.67271326530612 170000
10519343.6265306 3.67271326530612 170000
11279821.0469388 3.5680412244898 170000
12093526.0959184 3.5680412244898 170000
12964195.255102 3.29624292091837 170000
13895806.2918367 3.29624292091837 170000
14892629.9632653 3.29624292091837 170000
15959233.4632653 3.29624292091837 170000
0 9165426.34903172 180000
24188.5348979592 9165426.34903172 180000
50068.2613265306 9165426.34903172 180000
77756.7672448979 9165426.34903172 180000
107385.474489796 18531895.9356255 180000
139082.346428571 18531895.9356255 180000
172999.555714286 11630873.7197466 180000
209285.816530612 11630873.7197466 180000
248110.593877551 61772.3808757283 180000
289653.728163265 61772.3808757283 180000
334098.518265306 1132.95299053933 180000
381652.472346939 1132.95299053933 180000
432533.473979592 90.7119341862245 180000
486973.240612245 90.7119341862245 180000
545220.782040816 21.076964400085 180000
607538.941938775 21.076964400085 180000
674218.231734694 9.18323053443877 180000
745562.996734694 9.18323053443877 180000
821894.874591837 5.82515763095238 180000
903563.170714286 5.82515763095238 180000
990948.316734694 4.53973822640306 180000
1084441.11969388 4.53973822640306 180000
1184473.88826531 3.83304323788265 180000
1291503.14040816 3.83304323788265 180000
1406016.52030612 3.34941952487245 180000
1528539.71530612 3.34941952487245 180000
1659632.99744898 3.04286944451531 180000
1799894.68193878 3.04286944451531 180000
1949964.58561224 2.88230279804422 180000
2110534.40234694 2.88230279804422 180000
2282330.41071429 2.80409095386905 180000
2466141.14173469 2.80409095386905 180000
2662810.46193878 2.75525448405612 180000
2873230.65642857 2.75525448405612 180000
3098370.09663265 2.72929434821429 180000
3339255.94795918 2.72929434821429 180000
3596988.00367347 2.74487907589286 180000
3872745.60183673 2.74487907589286 180000
4167791.08377551 2.81461046492347 180000
4483469.79408163 2.81461046492347 180000
4821227.37295918 2.94023216028912 180000
5182609.75622449 2.94023216028912 180000
5569263.17530612 3.12209721407313 180000
5982958.36653061 3.12209721407313 180000
6425590.57112245 3.35733077359694 180000
6899176.07673469 3.35733077359694 180000
7405886.80214286 3.62773984885204 180000
7948036.46336735 3.62773984885204 180000
8528101.32448979 3.88105111607143 180000
9148737.49 3.88105111607143 180000
9812777.44632653 4.03287071704932 180000
10523264.6465306 4.03287071704932 180000
11283439.6764286 4.01402926403061 180000
12096778.2977551 4.01402926403061 180000
12967005.2820408 3.74691293983844 180000
13898090.9521429 3.74691293983844 180000
14894299.6008163 3.74691293983844 180000
15960179.1153061 3.74691293983844 180000
0 8835535.23137708 190000
24837.7671428571 8835535.23137708 190000
51404.9946938776 8835535.23137708 190000
79819.6004081633 8835535.23137708 190000
110206.648571429 6195823.66322332 190000
142705.496530612 6195823.66322332 190000
177466.221428571 130635.172066486 190000
214642.473673469 130635.172066486 190000
254402.196734694 5439.01341044175 190000
296927.627142857 5439.01341044175 190000
342408.147959184 396.849777953231 190000
391047.435306122 396.849777953231 190000
443070.604897959 61.2077046271258 190000
498709.918979592 61.2077046271258 190000
558219.079387755 19.7571273116497 190000
621862.507755102 19.7571273116497 190000
689929.638571429 9.87107840943877 190000
762727.772653061 9.87107840943877 190000
840589.223673469 6.29627213265306 190000
923860.598367347 6.29627213265306 190000
1012924.23612245 4.64144830357143 190000
1108176.76938776 4.64144830357143 190000
1210050.56326531 3.80488734098639 190000
1319006.56897959 3.80488734098639 190000
1435534.32387755 3.37561162457483 190000
1560166.2444898 3.37561162457483 190000
1693459.76020408 3.13061217772109 190000
1836018.75285714 3.13061217772109 190000
1988489.98346939 2.96671096471088 190000
2151555.94571429 2.96671096471088 190000
2325959.87877551 2.85707127423469 190000
2512487.90102041 2.85707127423469 190000
2711983.30306122 2.79842505739796 190000
2925346.5477551 2.79842505739796 190000
3153538.84346939 2.7809309460034 190000
3397596.43714286 2.7809309460034 190000
3658616.32122449 2.80053923937075 190000
3937784.81979592 2.80053923937075 190000
4236356.14897959 2.86549078061224 190000
4555684.57632653 2.86549078061224 190000
4897210.1277551 2.97675332908163 190000
5262480.02714286 2.97675332908163 190000
5653137.97653061 3.10948524659864 190000
6070952.7422449 3.10948524659864 190000
6517811.00836735 3.22714989540816 190000
6995735.24306122 3.22714989540816 190000
7506880.12530612 3.30531507397959 190000
8053557.5577551 3.30531507397959 190000
8638236.66673469 3.33692358333333 190000
9263561.66857143 3.33692358333333 190000
9932351.86959184 3.3572093082483 190000
10647637.3987755 3.3572093082483 190000
11412641.3414286 3.5147903082483 190000
12230826.1916327 3.5147903082483 190000
13105890.2789796 4.68973949532313 190000
14041778.4883673 4.68973949532313 190000
15042728.712449 4.68973949532313 190000
16113257.5585714 4.68973949532313 190000
0 8615818.43406503 200000
24903.8995918367 8615818.43406503 200000
51540.6179591837 8615818.43406503 200000
80028.3018367347 8615818.43406503 200000
110499.41877551 21234396.5820992 200000
143090.016530612 21234396.5820992 200000
177946.883469388 8753477.22337743 200000
215227.548571429 8753477.22337743 200000
255103.861632653 45361.0775100761 200000
297751.252653061 45361.0775100761 200000
343366.632857143 986.097780702806 200000
392154.073877551 986.097780702806 200000
444339.128571428 85.1630603656462 200000
500147.349795918 85.1630603656462 200000
559843.672653061 20.6689955238095 200000
623689.452040816 20.6689955238095 200000
691978.264693878 9.43645577933673 200000
765014.427959184 9.43645577933673 200000
843130.900816326 6.06273996811224 200000
926685.703673469 6.06273996811224 200000
1016047.59755102 4.67206936267007 200000
1111628.30591837 4.67206936267007 200000
1213853.87306122 3.93920904591837 200000
1323193.30571429 3.93920904591837 200000
1440140.67204082 3.47687790008503 200000
1565218.68183673 3.47687790008503 200000
1699000.1677551 3.16085776105442 200000
1842083.02387755 3.16085776105442 200000
1995122.42755102 2.95407859906463 200000
2158805.77795918 2.95407859906463 200000
2333877.75755102 2.83212789753401 200000
2521126.01122449 2.83212789753401 200000
2721395.46714286 2.76672204421769 200000
2935599.07734694 2.76672204421769 200000
3164703.49693877 2.74762016369048 200000
3409743.40489796 2.74762016369048 200000
3671828.6644898 2.77872318664966 200000
3952140.74306122 2.77872318664966 200000
4251954.19326531 2.86813878358844 200000
4572622.3322449 2.86813878358844 200000
4915598.72285714 3.01716477848639 200000
5282430.01326531 3.01716477848639 200000
5674777.41816326 3.21051817517007 200000
6094416.71877551 3.21051817517007 200000
6543245.4232653 3.42301820493197 200000
7023297.08755102 3.42301820493197 200000
7536737.73510204 3.61141898596939 200000
8085894.49857143 3.61141898596939 200000
8673252.03959184 3.69337582440476 200000
9301463.28938775 3.69337582440476 200000
9973374.51020408 3.59518872746599 200000
10692021.715102 3.59518872746599 200000
11460659.3095918 3.34219509778912 200000
12282763.6718367 3.34219509778912 200000
13162051.0536735 2.966959875 200000
14102502.6420408 2.966959875 200000
15108375.2995918 2.966959875 200000
16184212.3053061 2.966959875 200000
0 243.382859176233 20000
19613.1875510204 243.382859176233 20000
40648.5610204082 243.382859176233 20000
63211.5676530612 243.382859176233 20000
87410.3584693877 3933.6311064915 20000
113363.899591837 3933.6311064915 20000
141201.972244898 843.231971677083 20000
171057.061428571 843.231971677083 20000
203080.578571429 85.8424897468112 20000
237426.638877551 85.8424897468112 20000
274262.876428571 25.1209810484694 20000
313770.444183673 25.1209810484694 20000
356144.013979592 12.6744602948554 20000
401594.480306122 12.6744602948554 20000
450338.145204082 8.18138248065476 20000
502621.052244898 8.18138248065476 20000
558694.65255102 6.22913827210884 20000
618837.435 6.22913827210884 20000
683341.407346939 5.09851511245748 20000
752522.911326531 5.09851511245748 20000
826725.326428571 4.27154847406463 20000
906310.958571429 4.27154847406463 20000
991669.151428571 3.65591568898809 20000
1083218.99020408 3.65591568898809 20000
1181409.30163265 3.22006144387755 20000
1286724.06153061 3.22006144387755 20000
1399676.9872449 2.92672433248299 20000
1520825.05653061 2.92672433248299 20000
1650760.39622449 2.73386064562075 20000
1790121.09734694 2.73386064562075 20000
1939591.21510204 2.60516656420068 20000
2099903.47265306 2.60516656420068 20000
2271847.37244898 2.5227915369898 20000
2456261.08489796 2.5227915369898 20000
2654055.78234694 2.48297844260204 20000
2866196.71265306 2.48297844260204 20000
3093724.82938775 2.49030680080782 20000
3337762.19938775 2.49030680080782 20000
3599498.48387755 2.54815069812925 20000
3880223.38377551 2.54815069812925 20000
4181310.41704082 2.64916487776361 20000
4504241.25265306 2.64916487776361 20000
4850594.8955102 2.77667042453231 20000
5222074.72418367 2.77667042453231 20000
5620503.08336735 2.91288438159014 20000
6047832.09897959 2.91288438159014 20000
6506159.90081633 3.0461805142432 20000
6997736.03010204 3.0461805142432 20000
7524972.25459184 3.16556346875 20000
8090453.38367347 3.16556346875 20000
8696956.19479592 3.28534072385204 20000
9347452.1372449 3.28534072385204 20000
10045139.777449 3.51486310034014 20000
10793436.6876531 3.51486310034014 20000
11596014.595 4.35576544834184 20000
12456812.9004082 4.35576544834184 20000
13380054.9012245 4.35576544834184 20000
14370269.4214286 4.35576544834184 20000
0 11182043.4655267 210000
25615.3334693878 11182043.4655267 210000
52989.1310204082 11182043.4655267 210000
82237.1302040816 11182043.4655267 210000
113497.469387755 11754673.0620207 210000
146897.086530612 11754673.0620207 210000
182592.787346939 6741460.07856677 210000
220733.910612245 6741460.07856677 210000
261492.195918367 31362.2578033291 210000
305050.583265306 31362.2578033291 210000
351592.012653061 834.976435839286 210000
401333.025306122 834.976435839286 210000
454482.695510204 100.695488415816 210000
511279.965306122 100.695488415816 210000
571971.243673469 27.4194003239796 210000
636829.073877551 27.4194003239796 210000
706137.199591837 11.5312946658163 210000
780201.765306122 11.5312946658163 210000
859343.849387755 6.57955532653061 210000
943918.131428571 6.57955532653061 210000
1034294.22489796 4.66981573214286 210000
1130871.61102041 4.66981573214286 210000
1234075.90530612 3.82751392602041 210000
1344362.59102041 3.82751392602041 210000
1462213.28571429 3.39828939540816 210000
1588150.67510204 3.39828939540816 210000
1722727.31265306 3.1400266505102 210000
1866536.82 3.1400266505102 210000
2020213.88693878 2.97468840306122 210000
2184434.27142857 2.97468840306122 210000
2359922.26653061 2.86192207142857 210000
2547450.70040816 2.86192207142857 210000
2747844.66979592 2.77663563010204 210000
2961989.00693878 2.77663563010204 210000
3190824.54612245 2.72463929081633 210000
3435359.32408163 2.72463929081633 210000
3696672.31346939 2.73426853061224 210000
3975913.42285714 2.73426853061224 210000
4274314.69714286 2.81917384693878 210000
4593186.58408163 2.81917384693878 210000
4933936.60163265 2.95821446938776 210000
5298065.6044898 2.95821446938776 210000
5687178.9844898 3.11506685204082 210000
6102990.40408163 3.11506685204082 210000
6547325.52979592 3.26482564285714 210000
7022148.16653061 3.26482564285714 210000
7529549.05714286 3.39909053571429 210000
8071764.54979592 3.39909053571429 210000
8651176.59795918 3.51245577806122 210000
9270346.36163265 3.51245577806122 210000
9931991.80653061 3.61094158928571 210000
10639036.2391837 3.61094158928571 210000
11394589.6395918 3.77754766071429 210000
12201982.262449 3.77754766071429 210000
13064764.6371429 4.52499601020408 210000
13986748.6359184 4.52499601020408 210000
14971985.0730612 4.52499601020408 210000
16024819.7069388 4.52499601020408 210000
0 10180645.9048901 220000
25806.5367346939 10180645.9048901 220000
53384.0367346939 10180645.9048901 220000
82860.0693877551 10180645.9048901 220000
114362.204081633 16241396.5622755 220000
148033.018367347 16241396.5622755 220000
184018.841836735 7206971.03398505 220000
222481.012244898 7206971.03398505 220000
263588.371428571 42481.6228082589 220000
307521.017346939 42481.6228082589 220000
354474.056122449 1341.40455651361 220000
404657.602040816 1341.40455651361 220000
458293.025510204 139.258034525935 220000
515616.705102041 139.258034525935 220000
576883.779591837 31.0013310459184 220000
642364.395918367 31.0013310459184 220000
712347.46122449 11.5773049596088 220000
787144.394897959 11.5773049596088 220000
867085.376530612 6.38398801445578 220000
952523.097959184 6.38398801445578 220000
1043836.51530612 4.57652833545918 220000
1141434.60102041 4.57652833545918 220000
1245741.33571429 3.80697694727891 220000
1357221.97244898 3.80697694727891 220000
1476368.02857143 3.42098574829932 220000
1603712.29387755 3.42098574829932 220000
1739810.07040816 3.19035248937075 220000
1885272.94081633 3.19035248937075 220000
2040738.75204082 3.01675806760204 220000
2206894.12755102 3.01675806760204 220000
2384478.21938775 2.87897218537415 220000
2574275.20408163 2.87897218537415 220000
2777125.53877551 2.79126041454082 220000
2993929.71326531 2.79126041454082 220000
3225640.74591837 2.77104629464286 220000
3473290.44795918 2.77104629464286 220000
3737974.41530612 2.82270720663265 220000
4020855.78061224 2.82270720663265 220000
4323198.98163265 2.92788941751701 220000
4646332.24081632 2.92788941751701 220000
4991688.8377551 3.05440354379252 220000
5360799.60510204 3.05440354379252 220000
5755292.92857143 3.17738449829932 220000
6176921.01122449 3.17738449829932 220000
6627544.86530612 3.28395809098639 220000
7109160.57653061 3.28395809098639 220000
7623899.30408163 3.35860806972789 220000
8174038.53673469 3.35860806972789 220000
8762013.34897959 3.40460183673469 220000
9390427.65714286 3.40460183673469 220000
10062061.7234694 3.48992949829932 220000
10779887.1642857 3.48992949829932 220000
11547081.9581633 3.75520660076531 220000
12367041.7020408 3.75520660076531 220000
13243390.8673469 4.64239228528912 220000
14180012.8163265 4.64239228528912 220000
15181053.5540816 4.64239228528912 220000
16250936.7367347 4.64239228528912 220000
0 5415722.20609303 230000
25723.2483673469 5415722.20609303 230000
53215.2271428571 5415722.20609303 230000
82595.5967346939 5415722.20609303 230000
114002.714489796 20554613.3928421 230000
147563.719591837 20554613.3928421 230000
183439.405714286 7734987.05153998 230000
221779.348367347 7734987.05153998 230000
262755.559387755 114205.06163448 230000
306555.008163265 114205.06163448 230000
353364.664081633 1517.49023104422 230000
403393.932857143 1517.49023104422 230000
456863.438367347 106.179276494048 230000
514012.501428571 106.179276494048 230000
575091.661020408 25.3785079778912 230000
640373.892448979 25.3785079778912 230000
710147.128571428 11.3761991403061 230000
784717.999183673 11.3761991403061 230000
864419.309795918 6.88433750340136 230000
949602.562857143 6.88433750340136 230000
1040645.43653061 4.90077926870748 230000
1137951.78469388 4.90077926870748 230000
1241951.63693878 3.90145905272109 230000
1353101.19857143 3.90145905272109 230000
1471901.54755102 3.37551416496599 230000
1598872.45877551 3.37551416496599 230000
1734578.57979592 3.09124279166667 230000
1879618.21265306 3.09124279166667 230000
2034634.53204082 2.92955322321429 230000
2200315.58530612 2.92955322321429 230000
2377390.55306122 2.82889357908163 230000
2566648.44612245 2.82889357908163 230000
2768923.14795918 2.77304426488095 230000
2985115.85102041 2.77304426488095 230000
3216176.35979592 2.76723263307823 230000
3463133.00591837 2.76723263307823 230000
3727073.95122449 2.81312582738095 230000
4009173.36346939 2.81312582738095 230000
4310676.45877551 2.9028711335034 230000
4632921.93795918 2.9028711335034 230000
4977330.76836735 3.03042320790816 230000
5345432.35959184 3.03042320790816 230000
5738853.34530612 3.18847466369048 230000
6159336.28020408 3.18847466369048 230000
6608747.11877551 3.35413733163265 230000
7089067.73653061 3.35413733163265 230000
7602429.5844898 3.50335448384354 230000
8151106.21040816 3.50335448384354 230000
8737520.73755102 3.62488458588435 230000
9364279.51918367 3.62488458588435 230000
10034145.9628571 3.69316736437075 230000
10750092.8818367 3.69316736437075 230000
11515287.537551 3.63858009353741 230000
12333121.5546939 3.63858009353741 230000
13207207.1818367 3.30832983163265 230000
14141422.1640816 3.30832983163265 230000
15139898.524898 3.30832983163265 230000
16207059.96 3.30832983163265 230000
0 8350424.63630483 240000
26293.1786734694 8350424.63630483 240000
54387.3652040816 8350424.63630483 240000
84405.4428571429 8350424.63630483 240000
116477.975102041 9394425.5060097 240000
150747.045714286 9394425.5060097 240000
187362.418673469 1955879.86981951 240000
226485.378265306 1955879.86981951 240000
268288.729081633 25643.5386509598 240000
312949.115816326 25643.5386509598 240000
360673.903979592 1348.07621365157 240000
411662.778877551 1348.07621365157 240000
466142.306530612 159.576008321216 240000
524354.413367347 159.576008321216 240000
586548.706020408 35.9179064258078 240000
653005.511938775 35.9179064258078 240000
724012.83877551 13.2496240746173 240000
799877.894693878 13.2496240746173 240000
880942.44877551 7.03394690901361 240000
967552.110204082 7.03394690901361 240000
1060098.56938776 4.78829523660714 240000
1158977.35683673 4.78829523660714 240000
1264626.24418367 3.78542058779762 240000
1377509.88377551 3.78542058779762 240000
1498123.64877551 3.2909114474915 240000
1626997.47326531 3.2909114474915 240000
1764692.01214286 3.03584866985544 240000
1911817.84163265 3.03584866985544 240000
2069016.25877551 2.9027651335034 240000
2236978.48193878 2.9027651335034 240000
2416441.81071429 2.84544361033163 240000
2608189.62591837 2.84544361033163 240000
2813070.59010204 2.84220352423469 240000
3031979.44704082 2.84220352423469 240000
3265876.2222449 2.86892423426871 240000
3515786.22295918 2.86892423426871 240000
3782811.55846939 2.90755726084184 240000
4068119.61979592 2.90755726084184 240000
4372962.28020408 2.95931063605442 240000
4698675.89520408 2.95931063605442 240000
5046696.66295918 3.03426462776361 240000
5418541.42377551 3.03426462776361 240000
5815849.90122449 3.13589932844388 240000
6240361.66153061 3.13589932844388 240000
6693942.99428571 3.25668653805272 240000
7178579.2322449 3.25668653805272 240000
7696397.79193878 3.38303389540816 240000
8249672.01377551 3.38303389540816 240000
8840832.68234694 3.50803721704932 240000
9472468.02642857 3.50803721704932 240000
10147354.4397959 3.63617662202381 240000
10868448.8010204 3.63617662202381 240000
11638919.1942857 3.77921242283163 240000
12462144.9093878 3.77921242283163 240000
13341739.4823469 4.07365224681122 240000
14281558.3756122 4.07365224681122 240000
15285725.8587755 4.07365224681122 240000
16358654.2090816 4.07365224681122 240000
0 11119247.1856387 250000
26729.5510204082 11119247.1856387 250000
55279.07 11119247.1856387 250000
85766.4814285714 11119247.1856387 250000
118329.363877551 24952778.6376596 250000
153105.295918367 24952778.6376596 250000
190243.648571429 17239937.0372731 250000
229909.516122449 17239937.0372731 250000
272275.854489796 213252.054957193 250000
317519.550408163 213252.054957193 250000
365841.075510204 3175.11704334991 250000
417448.763061224 3175.11704334991 250000
472562.73877551 174.646406874575 250000
531430.644081633 174.646406874575 250000
594296.189591837 31.2155705854592 250000
661438.463265306 31.2155705854592 250000
733148.345510204 11.9740199370748 250000
809732.44 11.9740199370748 250000
891520.935306122 6.9332966747449 250000
978875.466530612 6.9332966747449 250000
1072169.46122449 4.9710822997449 250000
1171807.79346939 4.9710822997449 250000
1278222.85306122 3.9545650085034 250000
1391870.61469388 3.9545650085034 250000
1513250.29204082 3.38755294260204 250000
1642880.75285714 3.38755294260204 250000
1781328.03469388 3.1028881377551 250000
1929189.62163265 3.1028881377551 250000
2087102.30591837 2.96762711011905 250000
2255757.91122449 2.96762711011905 250000
2435879.7077551 2.88363866794218 250000
2628249.92795918 2.88363866794218 250000
2833701.90489796 2.81484119302721 250000
3053127.93387755 2.81484119302721 250000
3287471.41081633 2.77456670408163 250000
3537750.41714286 2.77456670408163 250000
3805049.85816327 2.78434460969388 250000
4090525.39387755 2.78434460969388 250000
4395411.30061224 2.85097194642857 250000
4721032.26346939 2.85097194642857 250000
5068795.51469388 2.97004292431973 250000
5440202.62612245 2.97004292431973 250000
5836869.16326531 3.12983879719388 250000
6260512.89285714 3.12983879719388 250000
6712957.71367347 3.30561180059524 250000
7196172.96469388 3.30561180059524 250000
7712245.90938776 3.46765151445578 250000
8263413.1822449 3.46765151445578 250000
8852060.78877551 3.6084074957483 250000
9480735.89795918 3.6084074957483 250000
10152158.6346939 3.72809266369048 250000
10869241.7338775 3.72809266369048 250000
11635086.6095918 3.77986479039116 250000
12453010.8708163 3.77986479039116 250000
13326552.2522449 3.63585769642857 250000
14259492.1991837 3.63585769642857 250000
15255875.5216327 3.63585769642857 250000
16320014.325102 3.63585769642857 250000
0 7277080.43822628 260000
26968.3983673469 7277080.43822628 260000
55763.2783673469 7277080.43822628 260000
86519.6408163265 7277080.43822628 260000
119360.574693878 27533118.5036935 260000
154436.963265306 27533118.5036935 260000
191891.748571429 14354358.553118 260000
231887.725714286 14354358.553118 260000
274603.572244898 199492.689391456 260000
320221.936326531 199492.689391456 260000
368937.377959184 3970.25306993197 260000
420960.339591837 3970.25306993197 260000
476517.146122449 261.483957986395 260000
535846.034285714 261.483957986395 260000
599205.093877551 41.7794189931973 260000
666868.297142857 41.7794189931973 260000
739125.49877551 13.7450187755102 260000
816290.377142857 13.7450187755102 260000
898696.463673469 7.15286770068027 260000
986701.113469388 7.15286770068027 260000
1080681.53469388 4.89545055782313 260000
1181042.72979592 4.89545055782313 260000
1288221.46612245 3.90597398639456 260000
1402678.33469388 3.90597398639456 260000
1524909.66204082 3.39950585034014 260000
1655439.56897959 3.39950585034014 260000
1794835.85306122 3.11848576870748 260000
1943702.04734694 3.11848576870748 260000
2102677.42040816 2.94338176870748 260000
2272448.88816326 2.94338176870748 260000
2453751.01387755 2.82657959183673 260000
2647366.00816326 2.82657959183673 260000
2854131.67020408 2.76685496598639 260000
3074941.3877551 2.76685496598639 260000
3310744.13714286 2.768832 260000
3562560.36571429 2.768832 260000
3831481.99183674 2.82656304761905 260000
4118668.43428571 2.82656304761905 260000
4425358.52408163 2.92441382312925 260000
4752878.44571429 2.92441382312925 260000
5102641.73714286 3.04765170068027 260000
5476157.23102041 3.04765170068027 260000
5875040.96653061 3.20224914285714 260000
6301016.18938776 3.20224914285714 260000
6755921.29306122 3.40703346938776 260000
7241725.70122449 3.40703346938776 260000
7760517.95591837 3.64458361904762 260000
8314549.39428571 3.64458361904762 260000
8906202.38367347 3.83228604081633 260000
9538041.93959184 3.83228604081633 260000
10212795.8726531 3.88424315646258 260000
10933370.6710204 3.88424315646258 260000
11702887.2359184 3.80880979591837 260000
12524668.9697959 3.80880979591837 260000
13402257.6587755 3.63441719727891 260000
14339449.2081633 3.63441719727891 260000
15340293.642449 3.63441719727891 260000
16409110.9877551 3.63441719727891 260000
0 10523427.2316966 270000
27303.5525510204 10523427.2316966 270000
56443.5578571428 10523427.2316966 270000
87549.7432653061 10523427.2316966 270000
120747.782142857 20467931.1613247 270000
156183.617755102 20467931.1613247 270000
194003.193367347 11876434.4399607 270000
234372.722142857 11876434.4399607 270000
277458.417244898 105914.945373193 270000
323446.761734694 105914.945373193 270000
372536.400612245 2406.89113726722 270000
424925.978877551 2406.89113726722 270000
480846.573367347 196.302771061862 270000
540533.314897959 196.302771061862 270000
604241.604183673 40.2707805892857 270000
672239.003877551 40.2707805892857 270000
744813.346530612 13.9599378450255 270000
822280.84255102 13.9599378450255 270000
904961.75632653 7.18186977487245 270000
993212.838061224 7.18186977487245 270000
1087402.99989796 4.89838131186224 270000
1187941.69377551 4.89838131186224 270000
1295250.53357143 3.91757162436224 270000
1409783.565 3.91757162436224 270000
1532035.37357143 3.42655023788265 270000
1662516.76071429 3.42655023788265 270000
1801787.17561224 3.15205359056122 270000
1950434.44530612 3.15205359056122 270000
2109095.04459184 2.98036755484694 270000
2278441.93408163 2.98036755484694 270000
2459192.66816327 2.86665342729592 270000
2652117.50295918 2.86665342729592 270000
2858035.34234694 2.79847055803571 270000
3077821.84591837 2.79847055803571 270000
3312409.42897959 2.77924793813775 270000
3562795.3705102 2.77924793813775 270000
3830045.86714286 2.81369831887755 270000
4115296.03316327 2.81369831887755 270000
4419753.9544898 2.89492993494898 270000
4744716.90459184 2.89492993494898 270000
5091567.2905102 3.00629613265306 270000
5461776.70683673 3.00629613265306 270000
5856922.15163265 3.13277185012755 270000
6278673.86448979 3.13277185012755 270000
6728835.86632653 3.25723746938775 270000
7209309.47357143 3.25723746938775 270000
7722145.99989796 3.34650103252551 270000
8269518.37836734 3.34650103252551 270000
8853757.6472449 3.36872190816326 270000
9477344.84204081 3.36872190816326 270000
10142927.2114286 3.33124793431122 270000
10853334.4331633 3.33124793431122 270000
11611590.7760204 3.27401080994898 270000
12420906.9918367 3.27401080994898 270000
13284733.0172449 3.24240666071429 270000
14206737.7037755 3.24240666071429 270000
15190837.1957143 3.24240666071429 270000
16241211.1460204 3.24240666071429 270000
0 10025740.291224 280000
27831.3878571429 10025740.291224 280000
57541.3221428571 10025740.291224 280000
89253.6630612245 10025740.291224 280000
123100.528163265 27595453.1929334 280000
159234.678367347 27595453.1929334 280000
197800.617244898 21600240.7026415 280000
238967.620408163 21600240.7026415 280000
282909.092142857 469797.391794056 280000
329810.822755102 469797.391794056 280000
379879.245918367 4975.37872798469 280000
433320.795306122 4975.37872798469 280000
490362.547959184 267.675620258291 280000
551252.224285714 267.675620258291 280000
616245.802040816 43.8537890318878 280000
685624.031020408 43.8537890318878 280000
759675.918367347 14.5917212021684 280000
838719.371938775 14.5917212021684 280000
923092.942959184 7.56956154719388 280000
1013151.69734694 7.56956154719388 280000
1109283.73040816 5.10541439540816 280000
1211893.65214286 5.10541439540816 280000
1321423.23061224 3.99247885331633 280000
1438339.00591837 3.99247885331633 280000
1563132.29020408 3.42703981887755 280000
1696339.81102041 3.42703981887755 280000
1838527.19663265 3.12104490497449 280000
1990301.36204082 3.12104490497449 280000
2152306.38030612 2.95313691581633 280000
2325227.61122449 2.95313691581633 280000
2509812.34469388 2.87637799489796 280000
2706836.77132653 2.87637799489796 280000
2917147.26918367 2.85745490816326 280000
3141631.50306122 2.85745490816326 280000
3381247.32520408 2.86812064795918 280000
3637018.64663265 2.86812064795918 280000
3910035.43714286 2.89700415943877 280000
4201453.72530612 2.89700415943877 280000
4512516.24183673 2.94984257844388 280000
4844548.29091837 2.94984257844388 280000
5198966.00755102 3.03869507206633 280000
5577272.22887755 3.03869507206633 280000
5981085.39489796 3.17092444132653 280000
6412118.90510204 3.17092444132653 280000
6872210.01918367 3.33820452806122 280000
7363315.72836735 3.33820452806122 280000
7887529.27010204 3.51176363903061 280000
8447080.12806122 3.51176363903061 280000
9044354.6755102 3.66326015114796 280000
9681892.04663265 3.66326015114796 280000
10362404.779898 3.80980225510204 280000
11088795.3327551 3.80980225510204 280000
11864151.9529592 4.01436082270408 280000
12691781.7079592 4.01436082270408 280000
13575198.0988775 4.35565589477041 280000
14518174.7332653 4.35565589477041 280000
15524712.2957143 4.35565589477041 280000
16599108.7353061 4.35565589477041 280000
0 12765255.0469615 290000
27945.4923469388 12765255.0469615 290000
57784.2660204082 12765255.0469615 290000
89640.0648979592 12765255.0469615 290000
123657.256836735 9520394.67164935 290000
159980.209693878 9520394.67164935 290000
198765.665714286 12728634.7287069 290000
240174.491938776 12728634.7287069 290000
284392.304183673 1388130.96644771 290000
331600.593469388 1388130.96644771 290000
382013.849183674 9711.74329809035 290000
435838.311122449 9711.74329809035 290000
493309.092653061 325.341078170068 290000
554673.681530612 325.341078170068 290000
620196.064693877 46.7344533545918 290000
690156.728265306 46.7344533545918 290000
764860.907142857 15.0137329500425 290000
844622.085816327 15.0137329500425 290000
929786.747142857 7.70081351977041 290000
1020721.99795918 7.70081351977041 290000
1117819.69387755 5.15694875701531 290000
1221496.43928571 5.15694875701531 290000
1332193.58734694 4.05675397236395 290000
1450389.61438776 4.05675397236395 290000
1576595.99510204 3.49771522555272 290000
1711353.0777551 3.49771522555272 290000
1855238.33377551 3.1652824545068 290000
2008870.48255102 3.1652824545068 290000
2172909.49142857 2.95814035948129 290000
2348064.82530612 2.95814035948129 290000
2535087.19704082 2.85175499808673 290000
2734776.81704082 2.85175499808673 290000
2947995.76765306 2.82925767368197 290000
3175663.87836735 2.82925767368197 290000
3418750.47622449 2.86852057482993 290000
3678307.38418367 2.86852057482993 290000
3955452.42193878 2.95527878231293 290000
4251369.40591837 2.95527878231293 290000
4567337.02285714 3.08313886245748 290000
4904708.20581633 3.08313886245748 290000
5264934.88295918 3.24626594770408 290000
5649567.97755102 3.24626594770408 290000
6060257.40795918 3.42749057504252 290000
6498772.71163265 3.42749057504252 290000
6966994.7955102 3.5910731065051 290000
7466936.56 3.5910731065051 290000
8000751.14857143 3.69967554570578 290000
8570727.82295918 3.69967554570578 290000
9179320.8367347 3.73448710459184 290000
9829145.3105102 3.73448710459184 290000
10522993.7311224 3.69422737776361 290000
11263848.3260204 3.69422737776361 290000
12054893.4376531 3.61784131335034 290000
12899532.0226531 3.61784131335034 290000
13801393.9014286 3.6467406647534 290000
14764352.2573469 3.6467406647534 290000
15792548.3855102 3.6467406647534 290000
16890404.0671429 3.6467406647534 290000
0 11602532.4574035 300000
28366.8471428571 11602532.4574035 300000
58630.7457142857 11602532.4574035 300000
90922.9648979592 11602532.4574035 300000
125379.008367347 24859037.1574443 300000
162142.84877551 24859037.1574443 300000
201366.927755102 16686637.2699543 300000
243220.624897959 16686637.2699543 300000
287881.78877551 253534.955744458 300000
335528.267959184 253534.955744458 300000
386371.786938776 4060.27656044515 300000
440615.60122449 4060.27656044515 300000
498496.842244898 264.432251730017 300000
560252.641428572 264.432251730017 300000
626149.771632653 46.6968066284014 300000
696455.005714286 46.6968066284014 300000
771473.226938776 15.9527522015306 300000
851517.787551021 15.9527522015306 300000
936923.212244898 8.08177960926871 300000
1028049.43265306 8.08177960926871 300000
1125277.55285714 5.19054937329932 300000
1229022.55285714 5.19054937329932 300000
1339712.11612245 3.92890960416667 300000
1457820.5055102 3.92890960416667 300000
1583838.92183673 3.34384426403061 300000
1718296.67632653 3.34384426403061 300000
1861765.42510204 3.07675382015306 300000
2014842.23122449 3.07675382015306 300000
2178174.97163265 2.97096215008503 300000
2352445.39918367 2.97096215008503 300000
2538390.31510204 2.94686084566327 300000
2736793.1 2.94686084566327 300000
2948483.71387755 2.95809988732993 300000
3174355.63408163 2.95809988732993 300000
3415361.62081633 2.97245304336735 300000
3672505.24816327 2.97245304336735 300000
3946879.0144898 2.97699629804422 300000
4239626.23204082 2.97699629804422 300000
4551987.60632653 2.98102788520408 300000
4885271.59469388 2.98102788520408 300000
5240879.81326531 3.00318838180272 300000
5620311.27142857 3.00318838180272 300000
6025158.13734694 3.05493737585034 300000
6457122.67591837 3.05493737585034 300000
6918025.7177551 3.1414974047619 300000
7409802.42469388 3.1414974047619 300000
7934519.2277551 3.26734114838435 300000
8494386.53061224 3.26734114838435 300000
9091754.47510204 3.41047572534014 300000
9729138.34816327 3.41047572534014 300000
10409218.5818367 3.50170251488095 300000
11134857.6912245 3.50170251488095 300000
11909100.2744898 3.48571731590136 300000
12735206.8887755 3.48571731590136 300000
13616649.8157143 3.41178135969388 300000
14557138.4683673 3.41178135969388 300000
15560627.8602041 3.41178135969388 300000
16631335.5430612 3.41178135969388 300000
0 4174845.46902722 30000
20219.9612244898 4174845.46902722 30000
41902.9882653061 4174845.46902722 30000
65152.5867346939 4174845.46902722 30000
90083.4520408163 926.063343170706 30000
116815.874489796 926.063343170706 30000
145478.536734694 332.878169388818 30000
176216.906122449 332.878169388818 30000
209173.65255102 82.0146067644558 30000
244513.825510204 82.0146067644558 30000
282408.069387755 27.2161829698129 30000
323043.813265306 27.2161829698129 30000
366614.081122449 15.4595539519558 30000
413334.276530612 15.4595539519558 30000
463430.992857143 9.77880927721088 30000
517150.405612245 9.77880927721088 30000
574752.67755102 6.56269291772959 30000
636517.553571428 6.56269291772959 30000
702747.158163265 5.04995489795918 30000
773765.995408163 5.04995489795918 30000
849915.354081632 4.25630696641156 30000
931570.092346939 4.25630696641156 30000
1019127.44795918 3.70645671343537 30000
1113012.63316327 3.70645671343537 30000
1213684.42959184 3.28414099383503 30000
1321635.18826531 3.28414099383503 30000
1437388.03214286 2.9712579815051 30000
1561505.24846939 2.9712579815051 30000
1694596.68112245 2.75221772640306 30000
1837305.74336735 2.75221772640306 30000
1990331.79744898 2.60461149659864 30000
2154418.96479592 2.60461149659864 30000
2330367.31581633 2.51709796768707 30000
2519032.86989796 2.51709796768707 30000
2721335.9877551 2.49392576530612 30000
2938264.16887755 2.49392576530612 30000
3170869.25408163 2.54325994366497 30000
3420289.80510204 2.54325994366497 30000
3687737.11734694 2.65378831845238 30000
3974517.5994898 2.65378831845238 30000
4282027.17857143 2.78849714285714 30000
4611765.2872449 2.78849714285714 30000
4965334.86377551 2.90716725977891 30000
5344464.73163265 2.90716725977891 30000
5750995.6122449 2.98846229272959 30000
6186913.69438775 2.98846229272959 30000
6654342.24183673 3.04644525085034 30000
7155555.58061224 3.04644525085034 30000
7692998.68112245 3.1292031164966 30000
8269289.95561224 3.1292031164966 30000
8887238.04285714 3.28966595556973 30000
9549852.99795918 3.28966595556973 30000
10260360.2795918 3.56327394982993 30000
11022228.7244898 3.56327394982993 30000
11839164.952551 3.94664102040816 30000
12715152.5311224 3.94664102040816 30000
13654457.569898 3.94664102040816 30000
14661659.4928571 3.94664102040816 30000
0 9548893.61797133 40000
20305.2783673469 9548893.61797133 40000
42080.1281632653 9548893.61797133 40000
65436.5167346939 9548893.61797133 40000
90489.2106122449 1644769.82213495 40000
117355.775510204 1644769.82213495 40000
146173.371428571 7104.93190636225 40000
177079.158367347 7104.93190636225 40000
210227.091428571 237.184349877551 40000
245779.523265306 237.184349877551 40000
283912.80244898 33.6893943214286 40000
324808.875918367 33.6893943214286 40000
368674.883265306 13.9882497704082 40000
415720.763265306 13.9882497704082 40000
466178.848163265 9.05421035204082 40000
520298.265306122 9.05421035204082 40000
578342.137959184 6.58357503061224 40000
640595.982857143 6.58357503061224 40000
707367.710204082 5.04965736734694 40000
778979.226122449 5.04965736734694 40000
855788.826122449 4.16547105612245 40000
938166.00244898 4.16547105612245 40000
1026522.23510204 3.64144054591837 40000
1121285.79918367 3.64144054591837 40000
1222924.15836735 3.26297925 40000
1331932.76816327 3.26297925 40000
1448849.07183673 2.97781824489796 40000
1574246.90204082 2.97781824489796 40000
1708739.28 2.77883710714286 40000
1852986.81306122 2.77883710714286 40000
2007700.49387755 2.64820853571429 40000
2173633.30285714 2.64820853571429 40000
2351602.60163265 2.56867672959184 40000
2542481.7355102 2.56867672959184 40000
2747208.43102041 2.53024627040816 40000
2966781.99673469 2.53024627040816 40000
3202282.91755102 2.53655609693878 40000
3454867.25632653 2.53655609693878 40000
3725772.2522449 2.6041272244898 40000
4016327.51755102 2.6041272244898 40000
4327957.83673469 2.74292591326531 40000
4662194.36326531 2.74292591326531 40000
5020671.82040816 2.93715427040816 40000
5405153.69387755 2.93715427040816 40000
5817526.63346939 3.1521957244898 40000
6259808.85061225 3.1521957244898 40000
6734169.71265306 3.36106731122449 40000
7242943.73877551 3.36106731122449 40000
7788616.60408163 3.54315420918367 40000
8373875.52489796 3.54315420918367 40000
9001584.06612245 3.65506323979592 40000
9674821.32979592 3.65506323979592 40000
10396895.9510204 3.62801612755102 40000
11171346.0979592 3.62801612755102 40000
12001970.2628571 3.35419764795918 40000
12892846.8563265 3.35419764795918 40000
13848339.8057143 3.35419764795918 40000
14873143.3420408 3.35419764795918 40000
0 6412964.37416494 50000
20689.0943877551 6412964.37416494 50000
42870.5357142857 6412964.37416494 50000
66650.5102040816 6412964.37416494 50000
92143.8137755102 2986.13616270727 50000
119476.721938776 2986.13616270727 50000
148778.380102041 185.765086894133 50000
180192.283163265 185.765086894133 50000
213873.405612245 75.9166872608418 50000
249979.591836735 75.9166872608418 50000
288691.645408163 30.5702367665816 50000
330193.239795918 30.5702367665816 50000
374685.267857143 16.8076470822704 50000
422385.841836735 16.8076470822704 50000
473524.553571429 10.3382513552296 50000
528351.084183673 10.3382513552296 50000
587129.464285714 6.98741828762755 50000
650146.683673469 6.98741828762755 50000
717704.081632653 5.27673788265306 50000
790134.566326531 5.27673788265306 50000
867785.395408163 4.30983936543367 50000
951032.525510204 4.30983936543367 50000
1040283.48214286 3.67077885841837 50000
1135965.88010204 3.67077885841837 50000
1238547.5127551 3.24165138711735 50000
1348524.87244898 3.24165138711735 50000
1466431.76020408 2.97751315369898 50000
1592836.41581633 2.97751315369898 50000
1728352.99744898 2.81580038265306 50000
1873641.58163265 2.81580038265306 50000
2029402.42346939 2.70377272002551 50000
2196393.17602041 2.70377272002551 50000
2375423.1505102 2.62509566326531 50000
2567356.18622449 2.62509566326531 50000
2773127.86989796 2.58051060267857 50000
2993734.05612245 2.58051060267857 50000
3230245.21683673 2.57270208864796 50000
3483803.57142857 2.57270208864796 50000
3755643.17602041 2.60535913584184 50000
4047078.44387755 2.60535913584184 50000
4359524.23469388 2.68014987244898 50000
4694495.85459184 2.68014987244898 50000
5053614.79591837 2.79896962691327 50000
5438623.08673469 2.79896962691327 50000
5851386.16071429 2.97759088010204 50000
6293907.20663265 2.97759088010204 50000
6768327.16836735 3.23319116709184 50000
7276950.57397959 3.23319116709184 50000
7822239.79591837 3.54453922193878 50000
8406838.01020408 3.54453922193878 50000
9033583.54591836 3.84366629464286 50000
9705509.88520408 3.84366629464286 50000
10425877.2321429 4.05231983418367 50000
11198172.5127551 4.05231983418367 50000
12026146.6836735 4.07421476403061 50000
12913808.9923469 4.07421476403061 50000
13865464.2857143 4.07421476403061 50000
14885724.4897959 4.07421476403061 50000
0 5227691.49327249 60000
20674.0914285714 5227691.49327249 60000
42844.8979591837 5227691.49327249 60000
66620.96 5227691.49327249 60000
92119.3869387755 126.700801329932 60000
119463.000816327 126.700801329932 60000
148783.192653061 270.033176804422 60000
180228.491428571 270.033176804422 60000
213947.426122449 127.376602236395 60000
250108.52 127.376602236395 60000
288886.008979592 37.8138596190476 60000
330471.266938775 37.8138596190476 60000
375067.093061224 15.5810827040816 60000
422890.568163265 15.5810827040816 60000
474173.054693878 9.84587061394558 60000
529171.622040816 9.84587061394558 60000
588149.052244898 7.43784453231293 60000
651393.834285714 7.43784453231293 60000
719220.164081633 5.68006118537415 60000
791953.662857143 5.68006118537415 60000
869951.371428571 4.41709475510204 60000
953596.03755102 4.41709475510204 60000
1043293.25959184 3.64608296428571 60000
1139482.91183673 3.64608296428571 60000
1242636.28816327 3.20719054081633 60000
1353256.10204082 3.20719054081633 60000
1471882.19918367 2.94548557312925 60000
1599097.27020408 2.94548557312925 60000
1735518.28163265 2.77479626020408 60000
1881813.61387755 2.77479626020408 60000
2038697.34857143 2.66709489795918 60000
2206940.69387755 2.66709489795918 60000
2387357.70285714 2.61008143027211 60000
2580833.83673469 2.61008143027211 60000
2788317.39591837 2.59216393197279 60000
3010816.66367347 2.59216393197279 60000
3249422.75673469 2.60756429251701 60000
3505298.2 2.60756429251701 60000
3779694.0644898 2.66360184863946 60000
4073952.82367347 2.66360184863946 60000
4389508.35346939 2.77582572789116 60000
4727905.92653061 2.77582572789116 60000
5090799.35591837 2.94596162755102 60000
5479956.7077551 2.94596162755102 60000
5897286.00816326 3.1565026462585 60000
6344818.10530612 3.1565026462585 60000
6824746.65795918 3.38240832142857 60000
7339413.85387755 3.38240832142857 60000
7891333.26040816 3.59856083163265 60000
8483201.24979592 3.59856083163265 60000
9117908.4244898 3.78502539795918 60000
9798559.61142857 3.78502539795918 60000
10528479.5746939 3.93739256632653 60000
11311230.1534694 3.93739256632653 60000
12150638.8253061 4.03279982312925 60000
13050804.4187755 4.03279982312925 60000
14016128.5330612 4.03279982312925 60000
15051324.1069388 4.03279982312925 60000
0 7512504.34530403 70000
20919.2564285714 7512504.34530403 70000
43340.0202040816 7512504.34530403 70000
67372.8674489796 7512504.34530403 70000
93134.1940816326 2609830.94189918 70000
120746.215816327 2609830.94189918 70000
150345.697857143 2661.70822765391 70000
182069.405408163 2661.70822765391 70000
216074.472959184 134.806181965774 70000
252526.764693878 134.806181965774 70000
291597.964591837 43.6026081834609 70000
333477.216020408 43.6026081834609 70000
378365.301938775 20.3573490703656 70000
426483.374591837 20.3573490703656 70000
478058.406020408 11.3049050731292 70000
533343.557346939 11.3049050731292 70000
592600.719387755 6.95003059715136 70000
656115.062142857 6.95003059715136 70000
724197.944693878 4.90302650403911 70000
797175.275612245 4.90302650403911 70000
875399.15255102 4.02556496130952 70000
959244.952346939 4.02556496130952 70000
1049120.06071429 3.56159385629252 70000
1145452.23265306 3.56159385629252 70000
1248712.87163265 3.23172054889456 70000
1359393.75040816 3.23172054889456 70000
1478033.20010204 3.00176586267007 70000
1605198.65081633 3.00176586267007 70000
1741507.00091837 2.84904471811224 70000
1887612.97744898 2.84904471811224 70000
2044223.68561224 2.74146336564626 70000
2212089.87908163 2.74146336564626 70000
2392023.41938775 2.65928299744898 70000
2584894.36602041 2.65928299744898 70000
2791628.06653061 2.6027036690051 70000
3013222.61591837 2.6027036690051 70000
3250745.94673469 2.58366202423469 70000
3505344.55877551 2.58366202423469 70000
3778246.42897959 2.61837468197279 70000
4070763.92132653 2.61837468197279 70000
4384308.33632653 2.72209435735544 70000
4720392.82091837 2.72209435735544 70000
5080638.18826531 2.88718863052721 70000
5466778.73755102 2.88718863052721 70000
5880676.80346939 3.06585636522109 70000
6324328.57602041 3.06585636522109 70000
6799872.83020408 3.20309442772109 70000
7309602.56561225 3.20309442772109 70000
7855970.82622449 3.29210093154762 70000
8441619.79938775 3.29210093154762 70000
9069363.35642857 3.37315977657313 70000
9742236.52091837 3.37315977657313 70000
10463475.0993878 3.5018803252551 70000
11236562.2396939 3.5018803252551 70000
12065225.5211224 3.93808615391156 70000
12953454.4137755 3.93808615391156 70000
13905532.287449 3.93808615391156 70000
14926053.8710204 3.93808615391156 70000
0 5155206.655758 80000
21333.4219387755 5155206.655758 80000
44191.297755102 5155206.655758 80000
68689.7479591837 5155206.655758 80000
94944.8930612245 97436.8808014445 80000
123078.808469388 97436.8808014445 80000
153228.456836735 1075.1794365338 80000
185539.733163265 1075.1794365338 80000
220164.487346939 127.253967316114 80000
257269.456530612 127.253967316114 80000
297033.287653061 44.5198344379252 80000
339646.53744898 44.5198344379252 80000
385314.649897959 22.7165710501701 80000
434252.001326531 22.7165710501701 80000
486696.787653061 12.5271389491922 80000
542899.114591837 12.5271389491922 80000
603126.95255102 7.44548335459184 80000
667669.114081633 7.44548335459184 80000
736838.231326531 5.16561345280612 80000
810961.823673469 5.16561345280612 80000
890394.20755102 4.16601559715136 80000
975519.473877551 4.16601559715136 80000
1066742.55571429 3.65079906632653 80000
1164501.13806122 3.65079906632653 80000
1269265.65785714 3.30248715986395 80000
1381536.32653061 3.30248715986395 80000
1501849.08489796 3.02162687882653 80000
1630781.55806122 3.02162687882653 80000
1768950.07795918 2.80500505952381 80000
1917021.59316327 2.80500505952381 80000
2075698.78163265 2.67227286522109 80000
2245746.8477551 2.67227286522109 80000
2427975.65765306 2.61833141454082 80000
2623260.58132653 2.61833141454082 80000
2832536.5377551 2.61687990816327 80000
3056809.90469388 2.61687990816327 80000
3297146.60887755 2.65280779251701 80000
3554704.87795918 2.65280779251701 80000
3830717.37581633 2.72999195429422 80000
4126503.11234694 2.72999195429422 80000
4443479.35326531 2.84410888945578 80000
4783167.575 2.84410888945578 80000
5147190.4872449 2.96488166369048 80000
5537295.85255102 2.96488166369048 80000
5955350.53142857 3.05702750659014 80000
6403358.34704082 3.05702750659014 80000
6883463.06265306 3.11836915858844 80000
7397963.26887755 3.11836915858844 80000
7949327.27091837 3.16811116560374 80000
8540193.08857143 3.16811116560374 80000
9173389.29836735 3.21289696067177 80000
9851955.87571429 3.21289696067177 80000
10579135.262551 3.27495816284014 80000
11358414.0516327 3.27495816284014 80000
12193525.9639796 3.66854590284864 80000
13088469.7135714 3.66854590284864 80000
14047532.8269388 3.66854590284864 80000
15075309.5078571 3.66854590284864 80000
0 4917871.43383513 90000
21745.2087755102 4917871.43383513 90000
45038.63 4917871.43383513 90000
69990.1959183674 4917871.43383513 90000
96715.946122449 33910.0264380838 90000
125350.242244898 33910.0264380838 90000
156018.284897959 1173.73442133801 90000
188872.757755102 1173.73442133801 90000
224066.344489796 177.390926424745 90000
261766.997142857 177.390926424745 90000
302151.82877551 53.8131762215136 90000
345413.220816327 53.8131762215136 90000
391752.715714286 23.3830210935374 90000
441393.231632653 23.3830210935374 90000
494566.847755102 12.8561116279762 90000
551530.072653061 12.8561116279762 90000
612548.575918367 7.91792719515306 90000
677909.402857143 7.91792719515306 90000
747927.081836735 5.43165170365646 90000
822928.355918367 5.43165170365646 90000
903273.558571429 4.23535603656463 90000
989338.291632653 4.23535603656463 90000
1081531.74734694 3.63794299319728 90000
1180287.54734694 3.63794299319728 90000
1286079.01102041 3.28629976955782 90000
1399403.88714286 3.28629976955782 90000
1520796.56857143 3.05301820195578 90000
1650834.19959184 3.05301820195578 90000
1790130.56857143 2.885988625 90000
1939345.26897959 2.885988625 90000
2099186.75306122 2.75603573341837 90000
2270409.27816327 2.75603573341837 90000
2453825.12142857 2.65695675297619 90000
2650301.52612245 2.65695675297619 90000
2860766.80897959 2.59814172959184 90000
3086219.52122449 2.59814172959184 90000
3327728.44857143 2.59029124404762 90000
3586432.61122449 2.59029124404762 90000
3863559.58591837 2.63367249277211 90000
4160419.39857143 2.63367249277211 90000
4478419.79265306 2.72135109226191 90000
4819063.1755102 2.72135109226191 90000
5183961.88673469 2.85747494897959 90000
5574844.3055102 2.85747494897959 90000
5993560.95795918 3.05339991113946 90000
6442093.67816327 3.05339991113946 90000
6922564.76918367 3.29356496768707 90000
7437252.27142857 3.29356496768707 90000
7988586.90897959 3.52617218239796 90000
8579179.57265306 3.52617218239796 90000
9211830.48102041 3.6965226292517 90000
9889529.18040816 3.6965226292517 90000
10615485.0816327 3.75698536394558 90000
11393133.5673469 3.75698536394558 90000
12226157.3677551 3.57881624064626 90000
13118501.8289796 3.57881624064626 90000
14074387.1277551 3.57881624064626 90000
15098335.7544898 3.57881624064626 90000
0 1458.34805802572 hpsmc
8434.03928571429 1458.34805802572 hpsmc
17495.9647959184 1458.34805802572 hpsmc
27234.4235714286 1458.34805802572 hpsmc
37698.0626530612 405.272512794855 hpsmc
48942.3170408163 405.272512794855 hpsmc
61024.8843877551 171.572383261692 hpsmc
74006.8563265306 171.572383261692 hpsmc
87958.3751020408 23.408866477466 hpsmc
102948.451632653 23.408866477466 hpsmc
119057.410102041 7.2537121747449 hpsmc
136365.574693878 7.2537121747449 hpsmc
154965.714183673 4.23799396534864 hpsmc
174951.728673469 4.23799396534864 hpsmc
196427.700204082 3.25980426530612 hpsmc
219504.49877551 3.25980426530612 hpsmc
244300.913673469 2.73140171067177 hpsmc
270947.04744898 2.73140171067177 hpsmc
299578.659285714 2.31294288244048 hpsmc
330346.215612245 2.31294288244048 hpsmc
363405.839489796 1.94861095790816 hpsmc
398930.623877551 1.94861095790816 hpsmc
437102.712346939 1.64627337032313 hpsmc
478121.218367347 1.64627337032313 hpsmc
522197.7 1.41039414562075 hpsmc
569560.685204082 1.41039414562075 hpsmc
620453.409183673 1.2384395837585 hpsmc
675139.471020408 1.2384395837585 hpsmc
733902.833673469 1.12497460352891 hpsmc
797047.823979592 1.12497460352891 hpsmc
864899.132653061 1.06299912202381 hpsmc
937808.602244898 1.06299912202381 hpsmc
1016152.9644898 1.04598915625 hpsmc
1100338.36561224 1.04598915625 hpsmc
1190799.235 1.0699968480017 hpsmc
1288003.94183673 1.0699968480017 hpsmc
1392454.79510204 1.13473229485544 hpsmc
1504691.43755102 1.13473229485544 hpsmc
1625296.50234694 1.24390530505952 hpsmc
1754891.0877551 1.24390530505952 hpsmc
1894147.20173469 1.4067479744898 hpsmc
2043784.36795918 1.4067479744898 hpsmc
2204576.41377551 1.64139452465986 hpsmc
2377354.86418367 1.64139452465986 hpsmc
2563013.46714286 1.97622475297619 hpsmc
2762512.71887755 1.97622475297619 hpsmc
2976884.38918367 2.44642527147109 hpsmc
3207236.04673469 2.44642527147109 hpsmc
3454760.10969388 3.08373921704932 hpsmc
3720737.23969388 3.08373921704932 hpsmc
4006540.86714286 3.89398349362245 hpsmc
4313650.76714286 3.89398349362245 hpsmc
4643655.32214286 4.83655054953231 hpsmc
4998260.57255102 4.83655054953231 hpsmc
5379300.39867347 6.00742165625 hpsmc
5788746.70265306 6.00742165625 hpsmc
6228715.06510204 6.00742165625 hpsmc
6701481.715 6.00742165625 hpsmc
