0 5183480.75388716 0
15504.29835 5183480.75388716 0
32144.91555 5183480.75388716 0
50006.4936 5183480.75388716 0
69175.79055 599.401236860625 0
89748.02865 599.401236860625 0
111829.0104 47.5985389109375 0
135528.7704 47.5985389109375 0
160963.6914 24.9996362896875 0
188262.85245 24.9996362896875 0
217563.7968 16.283048834375 0
249010.41585 16.283048834375 0
282759.2973 9.755704666875 0
318983.95725 9.755704666875 0
357862.1439 6.2215440834375 0
399588.53385 6.2215440834375 0
444372.61605 4.7664070334375 0
492436.57575 4.7664070334375 0
544023.7587 3.97999027625 0
599392.323 3.97999027625 0
658815.2391 3.4020926128125 0
722595.10215 3.4020926128125 0
791045.08755 2.9733985165625 0
864512.2275 2.9733985165625 0
943362.59865 2.6595618509375 0
1027991.90235 2.6595618509375 0
1118819.1165 2.433669105 0
1216303.42395 2.433669105 0
1320931.5162 2.2732152053125 0
1433223.94155 2.2732152053125 0
1553745.68535 2.1543460965625 0
1683097.7058 2.1543460965625 0
1821929.63025 2.066754851875 0
1970931.291 2.066754851875 0
2130851.76975 2.0167675790625 0
2302490.9334 2.0167675790625 0
2486705.7822 2.0156919203125 0
2684418.91395 2.0156919203125 0
2896620.64005 2.0669223725 0
3124368.9855 2.0669223725 0
3368804.50125 2.1632511403125 0
3631152.38025 2.1632511403125 0
3912722.45745 2.29406270625 0
4214924.02215 2.29406270625 0
4539267.93405 2.4467048546875 0
4887379.31955 2.4467048546875 0
5260995.4557 2.5959745484375 0
5661989.04675 2.5959745484375 0
6092366.1081 2.7091655896875 0
6554276.54655 2.7091655896875 0
7050031.0887 2.77271321625 0
7582111.8612 2.77271321625 0
8153180.85495 2.776971766875 0
8766094.73745 2.776971766875 0
9423915.43305 2.654329035625 0
10129937.6316 2.654329035625 0
10887693.02055 2.654329035625 0
11700971.44545 2.654329035625 0
0 5257463.0283305 100000
17109.35025 5257463.0283305 100000
35450.4786 5257463.0283305 100000
55111.3692 5257463.0283305 100000
76187.14005 517098.128889379 100000
98777.66505 517098.128889379 100000
122994.70785 1539.96711293844 100000
148954.788 1539.96711293844 100000
176781.5589 100.56863790875 100000
206610.5637 100.56863790875 100000
238586.85735 28.966839395 100000
272862.62865 28.966839395 100000
309604.3341 14.0995838890625 100000
348992.6979 14.0995838890625 100000
391213.20015 8.6324093196875 100000
436470.34455 8.6324093196875 100000
484985.28045 5.8369507484375 100000
536991.04695 5.8369507484375 100000
592737.3288 4.31423542 100000
652495.2123 4.31423542 100000
716552.4294 3.476810603125 100000
785220.49155 3.476810603125 100000
858827.55585 2.97332923125 100000
937730.3148 2.97332923125 100000
1022311.61835 2.6509237978125 100000
1112978.09595 2.6509237978125 100000
1210169.66835 2.44062879875 100000
1314352.41375 2.44062879875 100000
1426032.8355 2.30647278625 100000
1545748.3503 2.30647278625 100000
1674076.8 2.2226649109375 100000
1811638.82955 2.2226649109375 100000
1959100.26495 2.1687944353125 100000
2117169.7353 2.1687944353125 100000
2286612.9405 2.139917205 100000
2468247.89535 2.139917205 100000
2662952.0634 2.1404324275 100000
2871667.11285 2.1404324275 100000
3095396.5386 2.1774541365625 100000
3335224.68585 2.1774541365625 100000
3592309.61625 2.2544105434375 100000
3867892.6197 2.2544105434375 100000
4163302.97025 2.3641628440625 100000
4479969.81585 2.3641628440625 100000
4819422.17835 2.4939691896875 100000
5183296.08735 2.4939691896875 100000
5573353.6038 2.6338223740625 100000
5991475.68615 2.6338223740625 100000
6439681.21395 2.7761922221875 100000
6920136.49965 2.7761922221875 100000
7435162.42245 2.898017573125 100000
7987243.9401 2.898017573125 100000
8579049.1125 2.9676072890625 100000
9213436.23555 2.9676072890625 100000
9893465.7309 2.91962719375 100000
10622428.68135 2.91962719375 100000
11403839.697 2.91962719375 100000
12241474.96245 2.91962719375 100000
0 5965714.2369162 150000
17971.2136 5965714.2369162 150000
37222.4856 5965714.2369162 150000
57847.0486 5965714.2369162 150000
79943.1748 1852815.49795274 150000
103614.176 1852815.49795274 150000
128973.4432 4429.25471594667 150000
156141.9268 4429.25471594667 150000
185245.6168 181.029949403333 150000
216428.1418 181.029949403333 150000
249833.1304 39.8231921783333 150000
285619.33 39.8231921783333 150000
323960.6068 17.1104709183333 150000
365033.3468 17.1104709183333 150000
409036.6142 9.34705636125 150000
456177.0326 9.34705636125 150000
506681.384 6.20152177666667 150000
560784.0098 6.20152177666667 150000
618746.9692 4.68400372416667 150000
680844.9204 4.68400372416667 150000
747370.1602 3.73823354125 150000
818640.1834 3.73823354125 150000
894992.6432 3.10415736875 150000
976787.871 3.10415736875 150000
1064418.9556 2.70076363666667 150000
1158299.1442 2.70076363666667 150000
1258876.9612 2.44972856166667 150000
1366623.6092 2.44972856166667 150000
1482055.6472 2.30550150916667 150000
1605719.8718 2.30550150916667 150000
1738203.3964 2.23735141833333 150000
1880136.171 2.23735141833333 150000
2032190.9822 2.21231090583333 150000
2195088.4928 2.21231090583333 150000
2369602.2814 2.2078802575 150000
2556563.882 2.2078802575 150000
2756857.7444 2.21775472375 150000
2971436.353 2.21775472375 150000
3201317.707 2.24734137541667 150000
3447592.8798 2.24734137541667 150000
3711431.0586 2.30972742375 150000
3994084.584 2.30972742375 150000
4296896.5094 2.41369017208333 150000
4621305.6406 2.41369017208333 150000
4968846.5358 2.548084755 150000
5341174.7036 2.548084755 150000
5740056.5238 2.68255283208333 150000
6167384.3662 2.68255283208333 150000
6625189.1896 2.78489345916667 150000
7115640.5418 2.78489345916667 150000
7641069.2378 2.8559098225 150000
8203969.8796 2.8559098225 150000
8807013.4552 2.9750333675 150000
9453064.9772 2.9750333675 150000
10145188.5224 3.56130683416667 150000
10886672.4298 3.56130683416667 150000
11681036.86 3.56130683416667 150000
12532051.4338 3.56130683416667 150000
0 6999998.53724754 200000
18426.6558 6999998.53724754 200000
38156.8635 6999998.53724754 200000
59284.2915 6999998.53724754 200000
81907.812 1590457.63706387 200000
106131.501 1590457.63706387 200000
132072.444 10924.708414305 200000
159852.9303 10924.708414305 200000
189597.8511 689.0435924925 200000
221450.3109 689.0435924925 200000
255556.0161 102.252008473125 200000
292078.8864 102.252008473125 200000
331188.0453 27.349568295 200000
373068.2277 27.349568295 200000
417911.9742 11.216449400625 200000
465932.6406 11.216449400625 200000
517351.3884 6.363179536875 200000
572415.3981 6.363179536875 200000
631374.4521 4.507114171875 200000
694512.1575 4.507114171875 200000
762119.9271 3.5923566 200000
834515.1927 3.5923566 200000
912036.2013 3.067201029375 200000
995047.2189 3.067201029375 200000
1083938.5305 2.743925795625 200000
1179123.8382 2.743925795625 200000
1281048.0669 2.526677986875 200000
1390192.5681 2.526677986875 200000
1507064.7123 2.366379264375 200000
1632213.5004 2.366379264375 200000
1766224.3599 2.25358147875 200000
1909726.9506 2.25358147875 200000
2063389.9608 2.194653864375 200000
2227934.1168 2.194653864375 200000
2404132.1829 2.1849238425 200000
2592806.3595 2.1849238425 200000
2794843.8945 2.206785223125 200000
3011186.6757 2.206785223125 200000
3242849.4441 2.24568904875 200000
3490919.7939 2.24568904875 200000
3756555.5706 2.301212510625 200000
4041003.0843 2.301212510625 200000
4345591.9059 2.381112523125 200000
4671753.0804 2.381112523125 200000
5021011.3212 2.49391030875 200000
5395000.6215 2.49391030875 200000
5795474.6619 2.652002836875 200000
6224309.4123 2.652002836875 200000
6683510.9376 2.860371661875 200000
7175231.0091 2.860371661875 200000
7701772.3083 3.10052161125 200000
8265601.4364 3.10052161125 200000
8869359.3219 3.342319430625 200000
9515871.6282 3.342319430625 200000
10208166.9669 3.61610977875 200000
10949487.3054 3.61610977875 200000
11743306.1802 3.61610977875 200000
12593336.5026 3.61610977875 200000
0 6340513.0262218 250000
19438.2846 6340513.0262218 250000
40234.34955 6340513.0262218 250000
62480.2005 6340513.0262218 250000
86276.20725 19524497.731249 250000
111731.10375 19524497.731249 250000
138961.9881 2239977.8011271 250000
168088.74645 2239977.8011271 250000
199250.7813 12502.8881723028 250000
232581.91905 12502.8881723028 250000
268238.2905 361.882256764375 250000
306381.60255 361.882256764375 250000
347181.92625 42.053517324375 250000
390828.849 42.053517324375 250000
437520.32235 13.2554294103125 250000
487465.45005 13.2554294103125 250000
540892.8522 7.0443161721875 250000
598047.8772 7.0443161721875 250000
659187.02565 4.8192664021875 250000
724586.3145 4.8192664021875 250000
794549.6412 3.764761999375 250000
869389.26735 3.764761999375 250000
949445.33505 3.1591220296875 250000
1035085.8669 3.1591220296875 250000
1126695.6138 2.7790178796875 250000
1224695.5713 2.7790178796875 250000
1329526.2513 2.5305793909375 250000
1441667.1984 2.5305793909375 250000
1561625.8377 2.365579106875 250000
1689951.41505 2.365579106875 250000
1827221.0568 2.2614628646875 250000
1974064.86225 2.2614628646875 250000
2131146.3873 2.209448306875 250000
2299179.37275 2.209448306875 250000
2478930.53235 2.202640818125 250000
2671211.18865 2.202640818125 250000
2876902.36545 2.228662618125 250000
3096932.4834 2.228662618125 250000
3332305.2405 2.2790275796875 250000
3584091.24795 2.2790275796875 250000
3853430.8182 2.348711404375 250000
4141550.69325 2.348711404375 250000
4449758.46855 2.4315106809375 250000
4779459.3213 2.4315106809375 250000
5132144.85825 2.5316481434375 250000
5509423.78425 2.5316481434375 250000
5913007.962 2.6682045090625 250000
6344731.9284 2.6682045090625 250000
6806555.6826 2.8544810996875 250000
7300584.20235 2.8544810996875 250000
7829056.2918 3.0660011596875 250000
8394375.25005 3.0660011596875 250000
8999111.6592 3.23378949375 250000
9646014.53655 3.23378949375 250000
10338019.69875 3.301690128125 250000
11078277.6423 3.301690128125 250000
11870150.7555 3.301690128125 250000
12717235.62285 3.301690128125 250000
0 7264149.62174489 300000
19977.7914 7264149.62174489 300000
41343.6464 7264149.62174489 300000
64200.8094 7264149.62174489 300000
88649.6569 11413080.9355365 300000
114802.037 11413080.9355365 300000
142775.5336 244577.754202774 300000
172696.3343 244577.754202774 300000
204702.0983 2785.62522474104 300000
238936.2206 2785.62522474104 300000
275556.4357 245.576496512083 300000
314729.0818 245.576496512083 300000
356626.2329 53.9100254014583 300000
401445.7741 53.9100254014583 300000
449385.5905 17.60833242 300000
500663.6425 17.60833242 300000
555515.0979 8.05567418395833 300000
614186.5961 8.05567418395833 300000
676944.8518 5.01946430270833 300000
744073.7871 5.01946430270833 300000
815880.2673 3.80164641645833 300000
892685.4972 3.80164641645833 300000
974845.0964 3.17321185416667 300000
1062723.2882 3.17321185416667 300000
1156724.4465 2.78886545583333 300000
1257275.8884 2.78886545583333 300000
1364827.8742 2.53945972729167 300000
1479873.6827 2.53945972729167 300000
1602932.4038 2.37647936020833 300000
1734560.4101 2.37647936020833 300000
1875359.9606 2.27602518791667 300000
2025967.7291 2.27602518791667 300000
2187063.4079 2.229702628125 300000
2359381.1794 2.229702628125 300000
2543703.9803 2.2334488225 300000
2740863.5016 2.2334488225 300000
2951757.396 2.27703492770833 300000
3177340.6742 2.27703492770833 300000
3418637.1765 2.350082730625 300000
3676742.4407 2.350082730625 300000
3952826.57 2.451911105 300000
4248139.9688 2.451911105 300000
4564024.8143 2.57863046145833 300000
4901912.1886 2.57863046145833 300000
5263336.4182 2.71721575416667 300000
5649935.074 2.71721575416667 300000
6063460.4429 2.86005509854167 300000
6505793.8673 2.86005509854167 300000
6978937.1414 3.003282804375 300000
7485038.3223 3.003282804375 300000
8026388.8621 3.12272486458333 300000
8605452.2869 3.12272486458333 300000
9224846.9894 3.15690664770833 300000
9887389.2474 3.15690664770833 300000
10596078.8843 2.993818734375 300000
11354136.5518 2.993818734375 300000
12164995.1262 2.993818734375 300000
13032334.1232 2.993818734375 300000
0 527380.301673165 50000
16244.2654 527380.301673165 50000
33674.146 527380.301673165 50000
52372.1 527380.301673165 50000
72436.1858 533.424291899583 50000
93960.0046 533.424291899583 50000
117052.7578 98.78981259125 50000
141830.3326 98.78981259125 50000
168413.0734 38.50786797 50000
196934.6962 38.50786797 50000
227533.3742 19.8777284108333 50000
260365.1094 19.8777284108333 50000
295588.1324 12.0582024475 50000
333378.5026 12.0582024475 50000
373923.4224 7.8196838225 50000
417423.4658 7.8196838225 50000
464094.807 5.48295493625 50000
514169.2204 5.48295493625 50000
567894.0806 4.21249972 50000
625532.3624 4.21249972 50000
687373.7838 3.43282865291667 50000
753723.663 3.43282865291667 50000
824907.3756 2.9324197375 50000
901281.4976 2.9324197375 50000
983222.6624 2.61593068 50000
1071136.4752 2.61593068 50000
1165459.7416 2.41247807166667 50000
1266656.0104 2.41247807166667 50000
1375231.1738 2.2787713575 50000
1491717.8672 2.2787713575 50000
1616697.7552 2.18555087666667 50000
1750785.9314 2.18555087666667 50000
1894650.9758 2.11991396375 50000
2048999.3546 2.11991396375 50000
2214599.9348 2.08646174916667 50000
2392272.8412 2.08646174916667 50000
2582893.9136 2.09676438125 50000
2787412.5356 2.09676438125 50000
3006836.0344 2.15248866708333 50000
3242256.424 2.15248866708333 50000
3494834.805 2.2467909475 50000
3765825.8792 2.2467909475 50000
4056569.0352 2.37396507791667 50000
4368506.1772 2.37396507791667 50000
4703181.725 2.51955765875 50000
5062251.5284 2.51955765875 50000
5447494.0102 2.65368223541667 50000
5860816.852 2.65368223541667 50000
6304268.1372 2.76345935708333 50000
6780045.2654 2.76345935708333 50000
7290501.6382 2.86696854125 50000
7838166.7166 2.86696854125 50000
8425750.4782 2.96031902375 50000
9056165.7032 2.96031902375 50000
9732534.6602 2.96927521 50000
10458202.4778 2.96927521 50000
11236768.345 2.96927521 50000
12072085.5112 2.96927521 50000
0 96162.7447481633 hpsmc
8124.10775510204 96162.7447481633 hpsmc
16856.3853061225 96162.7447481633 hpsmc
26243.4481632653 96162.7447481633 hpsmc
36334.08 341.099370176871 hpsmc
47181.4008163265 341.099370176871 hpsmc
58840.6987755102 46.9360754013605 hpsmc
71373.7665306122 46.9360754013605 hpsmc
84846.7330612245 17.693619292517 hpsmc
99328.9795918367 17.693619292517 hpsmc
114896.391836735 7.64200084353741 hpsmc
131630.275918367 7.64200084353741 hpsmc
149618.44244898 4.43509540136054 hpsmc
168955.206530612 4.43509540136054 hpsmc
189740.303673469 3.2813231292517 hpsmc
212083.226122449 3.2813231292517 hpsmc
236099.970612245 2.68994304761905 hpsmc
261917.374693878 2.68994304761905 hpsmc
289668.780408163 2.26003466666667 hpsmc
319499.454693877 2.26003466666667 hpsmc
351566.589387755 1.89984854421769 hpsmc
386036.048979592 1.89984854421769 hpsmc
423088.875102041 1.60397556462585 hpsmc
462919.118367347 1.60397556462585 hpsmc
505732.754285714 1.37674979591837 hpsmc
551755.271836735 1.37674979591837 hpsmc
601227.337142857 1.21471346938776 hpsmc
654405.87755102 1.21471346938776 hpsmc
711570.586122449 1.10902680272109 hpsmc
773018.50122449 1.10902680272109 hpsmc
839071.595102041 1.05101036734694 hpsmc
910073.521632653 1.05101036734694 hpsmc
986397.204897959 1.03460234013605 hpsmc
1068440.50285714 1.03460234013605 hpsmc
1156631.6277551 1.0564262585034 hpsmc
1251431.31428571 1.0564262585034 hpsmc
1353336.07183673 1.11603493877551 hpsmc
1462876.01632653 1.11603493877551 hpsmc
1580625.71102041 1.21746206802721 hpsmc
1707199.83020408 1.21746206802721 hpsmc
1843258.57959184 1.37156427210884 hpsmc
1989513.11673469 1.37156427210884 hpsmc
2146727.71918367 1.59826832653061 hpsmc
2315724.12081633 1.59826832653061 hpsmc
2497384.76408163 1.92806628571429 hpsmc
2692659.3044898 1.92806628571429 hpsmc
2902566.77877551 2.40171961904762 hpsmc
3128204.27755102 2.40171961904762 hpsmc
3370751.28163265 3.06539213605442 hpsmc
3631473.99836735 3.06539213605442 hpsmc
3911735.11836735 3.95621589115646 hpsmc
4212998.15183673 3.95621589115646 hpsmc
4536837.18530612 5.06791902040816 hpsmc
4884945.55428571 5.06791902040816 hpsmc
5259139.0955102 6.54987216326531 hpsmc
5661374.57632653 6.54987216326531 hpsmc
6093752.94693878 6.54987216326531 hpsmc
6558533.43346939 6.54987216326531 hpsmc
