0 241.8042465275 0
15136.5512 241.8042465275 0
31381.7648 241.8042465275 0
48814.24 241.8042465275 0
67524.9864 88.3144791091667 0
87602.9452 88.3144791091667 0
109151.5364 44.4171921883333 0
132276.2484 44.4171921883333 0
157092.9116 28.4531344766667 0
183725.63 28.4531344766667 0
212308.8496 15.3766234933333 0
242983.2216 15.3766234933333 0
275901.8076 9.11001786833334 0
311230.0796 9.11001786833334 0
349141.7832 6.25434173666667 0
389831.348 6.25434173666667 0
433495.272 4.75320043666667 0
480356.9424 4.75320043666667 0
530648.02 3.88601511833333 0
584618.7812 3.88601511833333 0
642538.118 3.3211135325 0
704697.6748 3.3211135325 0
771405.6432 2.907317185 0
842995.0356 2.907317185 0
919825.7536 2.59265321666667 0
1002276.3144 2.59265321666667 0
1090762.4664 2.35185267416667 0
1185722.7104 2.35185267416667 0
1287632.7784 2.17142786583333 0
1397001.4968 2.17142786583333 0
1514374.9232 2.05029719083333 0
1640336.3464 2.05029719083333 0
1775516.6284 1.99006796833333 0
1920587.9992 1.99006796833333 0
2076278.5356 1.97990695333333 0
2243359.7508 1.97990695333333 0
2422671.4152 2.0057145525 0
2615102.9408 2.0057145525 0
2821618.202 2.05948864333333 0
3043247.262 2.05948864333333 0
3281094.6464 2.12840083666667 0
3536347.6168 2.12840083666667 0
3810282.376 2.19649428833333 0
4104261.9996 2.19649428833333 0
4419757.12 2.2651694775 0
4758339.7212 2.2651694775 0
5121701.7544 2.35755370166667 0
5511655.138 2.35755370166667 0
5930146.2364 2.50725846083333 0
6379262.0652 2.50725846083333 0
6861244.77 2.7390140625 0
7378501.9684 2.7390140625 0
7933610.8868 3.06009868916667 0
8529345.2496 3.06009868916667 0
9168675.2792 3.59774479583333 0
9854794.5852 3.59774479583333 0
10591124.3012 3.59774479583333 0
11381339.974 3.59774479583333 0
0 5108608.01743134 100000
16609.4428 5108608.01743134 100000
34406.93505 5108608.01743134 100000
53473.85 5108608.01743134 100000
73905.5106 73190.2189290411 100000
95794.91485 73190.2189290411 100000
119249.01045 492.564919321979 100000
144379.395 492.564919321979 100000
171302.316 149.954639630937 100000
200152.62055 149.954639630937 100000
231060.50585 46.2190663327083 100000
264179.4186 46.2190663327083 100000
299662.8055 15.6369065277083 100000
337680.3879 15.6369065277083 100000
378415.83685 8.13756233864583 100000
422059.79825 8.13756233864583 100000
468823.84255 5.37943056083333 100000
518928.84 5.37943056083333 100000
572611.9355 4.062181701875 100000
630131.1985 4.062181701875 100000
691758.64815 3.37359447927083 100000
757789.5531 3.37359447927083 100000
828537.7816 2.92159998104167 100000
904340.4514 2.92159998104167 100000
985560.2547 2.58331006875 100000
1072580.80825 2.58331006875 100000
1165818.2781 2.35511138260417 100000
1265716.7297 2.35511138260417 100000
1372752.7778 2.21495564677083 100000
1487435.58645 2.21495564677083 100000
1610311.5189 2.124277753125 100000
1741966.46255 2.124277753125 100000
1883028.1539 2.066648055 100000
2034166.17855 2.066648055 100000
2196101.271 2.04275919375 100000
2369607.6396 2.04275919375 100000
2555508.31665 2.0514051015625 100000
2754689.1081 2.0514051015625 100000
2968100.9185 2.087659790625 100000
3196759.751 2.087659790625 100000
3441753.6822 2.14744491114583 100000
3704252.16195 2.14744491114583 100000
3985503.6884 2.22675476802083 100000
4286847.43275 2.22675476802083 100000
4609720.2141 2.3179896809375 100000
4955661.14935 2.3179896809375 100000
5326316.3031 2.413210914375 100000
5723450.3124 2.413210914375 100000
6148958.0115 2.51460295260417 100000
6604866.7568 2.51460295260417 100000
7093343.4017 2.62664616802083 100000
7616719.87105 2.62664616802083 100000
8177488.51125 2.71675251145833 100000
8778318.3649 2.71675251145833 100000
9422073.7704 2.6412594475 100000
10111821.3368 2.6412594475 100000
10850843.8935 2.6412594475 100000
11642666.0647 2.6412594475 100000
0 3452827.22424254 150000
17128.7903 3452827.22424254 150000
35483.9742 3452827.22424254 150000
55151.7825 3452827.22424254 150000
76228.0272 260594.154987144 150000
98808.5203 260594.154987144 150000
123003.4456 2494.86108862854 150000
148930.1728 2494.86108862854 150000
176710.8622 184.061928115417 150000
206479.6506 184.061928115417 150000
238375.4654 44.01636215375 150000
272554.0011 44.01636215375 150000
309175.7428 18.3548844875 150000
348415.5474 18.3548844875 150000
390462.6436 9.97411403354167 150000
435515.8413 9.97411403354167 150000
483793.1128 5.99505165395833 150000
535522.0116 5.99505165395833 150000
590949.2536 4.16021193229167 150000
650340.7171 4.16021193229167 150000
713979.0475 3.33614888895833 150000
782170.8432 3.33614888895833 150000
855237.0744 2.90453578979167 150000
933529.8502 2.90453578979167 150000
1017420.4421 2.634156321875 150000
1107311.2605 2.634156321875 150000
1203631.0641 2.44436372833333 150000
1306837.3552 2.44436372833333 150000
1417425.9609 2.30449317895833 150000
1535923.8472 2.30449317895833 150000
1662893.9096 2.19777757375 150000
1798946.9496 2.19777757375 150000
1944729.6982 2.119526116875 150000
2100936.7924 2.119526116875 150000
2268315.5658 2.07814231916667 150000
2447663.6533 2.07814231916667 150000
2639838.5723 2.08114642458333 150000
2845755.3274 2.08114642458333 150000
3066400.7822 2.12502532645833 150000
3302824.0781 2.12502532645833 150000
3556153.4014 2.20161005375 150000
3827603.1692 2.20161005375 150000
4118464.4482 2.305191808125 150000
4430126.5124 2.305191808125 150000
4764076.8431 2.4299719675 150000
5121908.3148 2.4299719675 150000
5505333.567 2.56983752666667 150000
5916175.423 2.56983752666667 150000
6356402.8194 2.71490288291667 150000
6828109.2484 2.71490288291667 150000
7333551.0826 2.8553772475 150000
7875140.3891 2.8553772475 150000
8455461.6966 2.994229794375 150000
9077283.9719 2.994229794375 150000
9743574.9917 3.151062061875 150000
10457518.1097 3.151062061875 150000
11222517.0472 3.151062061875 150000
12042224.6367 3.151062061875 150000
0 7756231.48911826 200000
17824.029 7756231.48911826 200000
36905.3337 7756231.48911826 200000
57337.32615 7756231.48911826 200000
79208.3691 2923427.15904418 200000
102624.49785 2923427.15904418 200000
127694.27235 15305.1297792622 200000
154533.8265 15305.1297792622 200000
183266.86815 609.1405250575 200000
214029.7284 609.1405250575 200000
246963.78765 74.36829946875 200000
282223.04955 74.36829946875 200000
319971.61635 21.67178494875 200000
360386.21355 21.67178494875 200000
403653.66525 10.652497690625 200000
449975.94345 10.652497690625 200000
499567.6434 6.631298286875 200000
552661.0329 6.631298286875 200000
609503.52765 4.6314230878125 200000
670360.2159 4.6314230878125 200000
735511.3338 3.5647584628125 200000
805262.364 3.5647584628125 200000
879936.4617 2.965190905625 200000
959884.55325 2.965190905625 200000
1045477.7622 2.6014572165625 200000
1137112.4586 2.6014572165625 200000
1235215.3083 2.3785989975 200000
1340245.7976 2.3785989975 200000
1452691.18395 2.2492159446875 200000
1573076.59455 2.2492159446875 200000
1701959.97705 2.17479662625 200000
1839942.19815 2.17479662625 200000
1987664.51895 2.132571855 200000
2145818.69355 2.132571855 200000
2315136.87045 2.116066955625 200000
2496409.2651 2.116066955625 200000
2690481.63525 2.12493478875 200000
2898252.7563 2.12493478875 200000
3120694.6185 2.1591069784375 200000
3358839.8037 2.1591069784375 200000
3613796.63325 2.218651900625 200000
3886754.2173 2.218651900625 200000
4178984.97945 2.3041639 200000
4491844.65675 2.3041639 200000
4826792.4969 2.416668615625 200000
5185388.7336 2.416668615625 200000
5569302.1605 2.558049015625 200000
5980317.70515 2.558049015625 200000
6420354.10155 2.72925184375 200000
6891453.79155 2.72925184375 200000
7395815.7453 2.91801150875 200000
7935785.36265 2.91801150875 200000
8513874.67035 3.084859315625 200000
9132779.9946 3.084859315625 200000
9795376.91175 3.1162754290625 200000
10504755.5934 3.1162754290625 200000
11264215.7571 3.1162754290625 200000
12077294.4375 3.1162754290625 200000
0 6289417.47778923 250000
18868.8609 6289417.47778923 250000
39054.59415 6289417.47778923 250000
60646.4334 6289417.47778923 250000
83747.13255 11857697.1384883 250000
108459.4455 11857697.1384883 250000
134896.94235 602508.753970431 250000
163178.6013 602508.753970431 250000
193431.5127 4112.56773092812 250000
225798.9912 4112.56773092812 250000
260421.6474 205.333326807188 250000
297461.7243 205.333326807188 250000
337086.873 37.375638238125 250000
379478.26485 37.375638238125 250000
424825.18335 13.253258863125 250000
473338.5444 13.253258863125 250000
525234.672 6.815997433125 250000
580754.2266 6.815997433125 250000
640145.9808 4.5828746409375 250000
703683.04365 4.5828746409375 250000
771654.7485 3.616926013125 250000
844366.653 3.616926013125 250000
922154.05935 3.0773441025 250000
1005368.49405 3.0773441025 250000
1094391.22815 2.7160661221875 250000
1189625.1651 2.7160661221875 250000
1291502.9529 2.4615023484375 250000
1400489.68815 2.4615023484375 250000
1517082.91605 2.2912824009375 250000
1641809.92635 2.2912824009375 250000
1775241.2736 2.1866920003125 250000
1917985.36905 2.1866920003125 250000
2070688.48065 2.129721046875 250000
2234045.54925 2.129721046875 250000
2408802.89265 2.1110236678125 250000
2595752.7975 2.1110236678125 250000
2795749.7436 2.1303688921875 250000
3009702.29175 2.1303688921875 250000
3238581.1959 2.1909621459375 250000
3483432.9234 2.1909621459375 250000
3745371.54285 2.2897726396875 250000
4025586.83625 2.2897726396875 250000
4325355.1152 2.413488560625 250000
4646039.2209 2.413488560625 250000
4989102.0444 2.5452940978125 250000
5356101.1185 2.5452940978125 250000
5748710.25015 2.668165003125 250000
6168716.8164 2.668165003125 250000
6618029.87655 2.765533336875 250000
7098693.6924 2.765533336875 250000
7612898.54445 2.8182566784375 250000
8162983.43595 2.8182566784375 250000
8751452.3172 2.800280379375 250000
9380984.90175 2.800280379375 250000
10054444.77855 2.65530949875 250000
10774895.63625 2.65530949875 250000
11545620.19155 2.65530949875 250000
12370125.5973 2.65530949875 250000
0 5436090.19824782 300000
19610.3968 5436090.19824782 300000
40576.651 5436090.19824782 300000
62997.8336 5436090.19824782 300000
86970.185 9580630.19665388 300000
112604.0986 9580630.19665388 300000
140012.7984 1216875.72418235 300000
169320.8308 1216875.72418235 300000
200661.234 14421.0980086229 300000
234169.8768 14421.0980086229 300000
270002.4422 551.99134316 300000
308314.6132 551.99134316 300000
349281.887 66.99147406625 300000
393088.2526 66.99147406625 300000
439929.0214 18.052080735 300000
490013.6578 18.052080735 300000
543568.6098 7.90471586875 300000
600834.4784 7.90471586875 300000
662066.0176 4.78968774541667 300000
727540.6262 4.78968774541667 300000
797549.856 3.61755397666667 300000
872410.7342 3.61755397666667 300000
952454.441 3.06949674291667 300000
1038046.1238 3.06949674291667 300000
1129565.083 2.72068426375 300000
1227424.5862 2.72068426375 300000
1332063.3764 2.47301855791667 300000
1443954.1638 2.47301855791667 300000
1563592.3034 2.30454478416667 300000
1691518.4398 2.30454478416667 300000
1828310.0154 2.19990104041667 300000
1974575.6092 2.19990104041667 300000
2130971.9204 2.152883595 300000
2298206.599 2.152883595 300000
2477024.0928 2.15680515541667 300000
2668228.2922 2.15680515541667 300000
2872679.6996 2.19868034416667 300000
3091295.4294 2.19868034416667 300000
3325054.8692 2.26279343416667 300000
3575008.1716 2.26279343416667 300000
3842276.2542 2.33802842333333 300000
4128059.2914 2.33802842333333 300000
4433642.3756 2.42327666 300000
4760392.6866 2.42327666 300000
5109779.3058 2.52508390666667 300000
5483370.3856 2.52508390666667 300000
5882841.6412 2.64812655041667 300000
6309984.8424 2.64812655041667 300000
6766719.136 2.79034061208333 300000
7255096.707 2.79034061208333 300000
7777302.7786 2.95303524416667 300000
8335686.7488 2.95303524416667 300000
8932753.6986 3.12522418041667 300000
9571181.3756 3.12522418041667 300000
10253837.1776 3.22164739 300000
10983783.8138 3.22164739 300000
11764296.2884 3.22164739 300000
12598878.8842 3.22164739 300000
0 118329.543616121 50000
15784.6632 118329.543616121 50000
32713.6164 118329.543616121 50000
50867.5048 118329.543616121 50000
70337.8716 214.491080324167 50000
91218.4396 214.491080324167 50000
113609.4704 63.4866895116667 50000
137622.1236 63.4866895116667 50000
163374.0976 30.4919410383333 50000
190991.8092 30.4919410383333 50000
220610.3936 18.153479725 50000
252373.7044 18.153479725 50000
286436.4932 11.2928708666667 50000
322966.5892 11.2928708666667 50000
362140.54 7.31888338083333 50000
404154.5096 7.31888338083333 50000
449209.0212 5.1764001525 50000
497528.5736 5.1764001525 50000
549346.384 3.99339046666667 50000
604917.4656 3.99339046666667 50000
664512.0888 3.29850220083333 50000
728424.4996 3.29850220083333 50000
796964.2012 2.87388887583333 50000
870469.0316 2.87388887583333 50000
949296.4452 2.59406910333333 50000
1033832.2312 2.59406910333333 50000
1124490.5136 2.38287948583333 50000
1221715.9308 2.38287948583333 50000
1325981.456 2.22052199 50000
1437799.2952 2.22052199 50000
1557714.3484 2.10676957416667 50000
1686315.1076 2.10676957416667 50000
1824227.118 2.03425700666667 50000
1972130.4148 2.03425700666667 50000
2130744.266 1.99743084833333 50000
2300844.6092 1.99743084833333 50000
2483264.0516 1.997031255 50000
2678896.2292 1.997031255 50000
2888695.8068 2.03477012083333 50000
3113689.376 2.03477012083333 50000
3354977.6348 2.106937585 50000
3613741.9264 2.106937585 50000
3891246.4188 2.20447014416667 50000
4188849.0028 2.20447014416667 50000
4508003.4716 2.31362269583333 50000
4850272.5984 2.31362269583333 50000
5217330.316 2.42121774166667 50000
5610972.6148 2.42121774166667 50000
6033121.902 2.53572393583333 50000
6485846.618 2.53572393583333 50000
6971356.8772 2.67918702416667 50000
7492030.6232 2.67918702416667 50000
8050413.6288 2.84742035833333 50000
8649236.9328 2.84742035833333 50000
9291427.738 3.09982712 50000
9980129.0276 3.09982712 50000
10718706.104 3.09982712 50000
11510774.9236 3.09982712 50000
0 2821014.18250367 hpsmc
8278.79183673469 2821014.18250367 hpsmc
17175.9673469388 2821014.18250367 hpsmc
26735.9346938775 2821014.18250367 hpsmc
37008.6530612245 3612.60805523809 hpsmc
48047.4122448979 3612.60805523809 hpsmc
59909.9428571428 91.2288023129252 hpsmc
72656.1959183673 91.2288023129252 hpsmc
86353.893877551 21.0972243537415 hpsmc
101072.979591837 21.0972243537415 hpsmc
116888.946938776 7.1237725170068 hpsmc
133885.06122449 7.1237725170068 hpsmc
152149.028571429 4.07203891156463 hpsmc
171774.106122449 4.07203891156463 hpsmc
192863.542857143 3.15623619047619 hpsmc
215525.028571429 3.15623619047619 hpsmc
239876.244897959 2.70964040816327 hpsmc
266043.755102041 2.70964040816327 hpsmc
294163.004081633 2.32234108843537 hpsmc
324378.318367347 2.32234108843537 hpsmc
356847.346938776 1.95295306122449 hpsmc
391738.840816327 1.95295306122449 hpsmc
429230.432653061 1.63821020408163 hpsmc
469518.628571429 1.63821020408163 hpsmc
512812.146938775 1.39657428571429 hpsmc
559333.028571428 1.39657428571429 hpsmc
609323.297959184 1.22616258503401 hpsmc
663041.632653061 1.22616258503401 hpsmc
720765.583673469 1.11667333333333 hpsmc
782794.906122449 1.11667333333333 hpsmc
849449.33877551 1.05706925170068 hpsmc
921075.265306122 1.05706925170068 hpsmc
998042.383673469 1.03951646258503 hpsmc
1080748.14693878 1.03951646258503 hpsmc
1169622.20408163 1.06056639455782 hpsmc
1265124.17959184 1.06056639455782 hpsmc
1367748.11428571 1.12054285714286 hpsmc
1478024.68571429 1.12054285714286 hpsmc
1596524.53877551 1.22351659863946 hpsmc
1723861.61632653 1.22351659863946 hpsmc
1860695.37959184 1.37896367346939 hpsmc
2007733.02857143 1.37896367346939 hpsmc
2165735.05306122 1.60446231292517 hpsmc
2335519.67346939 1.60446231292517 hpsmc
2517966.17142857 1.9283874829932 hpsmc
2714018.22040816 1.9283874829932 hpsmc
2924691.65714286 2.39132176870748 hpsmc
3151074.48163265 2.39132176870748 hpsmc
3394339.06938776 3.04033088435374 hpsmc
3655745.50204082 3.04033088435374 hpsmc
3936646.00816326 3.90125945578231 hpsmc
4238492.73469388 3.90125945578231 hpsmc
4562851.06938775 4.92588068027211 hpsmc
4911396.31020408 4.92588068027211 hpsmc
5285934.75918367 6.12368217687075 hpsmc
5688403.72244898 6.12368217687075 hpsmc
6120884.83265306 6.12368217687075 hpsmc
6585618.48163265 6.12368217687075 hpsmc
