0 10786242.6757748 100000
35037.4474489796 10786242.6757748 100000
72597.3963265306 10786242.6757748 100000
112860.025306122 10786242.6757748 100000
156020.122142857 228879.832037547 100000
202282.213979592 228879.832037547 100000
251875.176428571 1469.28993109332 100000
305037.624489796 1469.28993109332 100000
362027.651938776 170.804533045493 100000
423113.091938776 170.804533045493 100000
488595.865510204 60.9231371611395 100000
558787.633061225 60.9231371611395 100000
634034.142857143 30.0871499925595 100000
714695.752244898 30.0871499925595 100000
801157.167040816 17.2838117208758 100000
893837.180918367 17.2838117208758 100000
993193.545102041 11.5749174102891 100000
1099693.75020408 11.5749174102891 100000
1213858.85346939 8.90782665433674 100000
1336234.26061224 8.90782665433674 100000
1467418.94397959 7.37703838392857 100000
1608041.09408163 7.37703838392857 100000
1758782.46806122 6.28844875318878 100000
1920368.65030612 6.28844875318878 100000
2093583.66153061 5.47737080229592 100000
2279260.21938776 5.47737080229592 100000
2478299.2172449 4.93085926169218 100000
2691655.11510204 4.93085926169218 100000
2920365.1577551 4.62052787414966 100000
3165529.89602041 4.62052787414966 100000
3428337.53520408 4.47583709481292 100000
3710049.32602041 4.47583709481292 100000
4012033.65244898 4.41827325510204 100000
4335751.42265306 4.41827325510204 100000
4682756.06897959 4.39454364264456 100000
5054727.63581633 4.39454364264456 100000
5453467.90989796 4.39447262627551 100000
5880895.55061224 4.39447262627551 100000
6339075.30816327 4.43964918218537 100000
6830227.76295918 4.43964918218537 100000
7356714.71653061 4.55993062096088 100000
7921087.88846939 4.55993062096088 100000
8526064.56795918 4.77768709885204 100000
9174576.31071429 4.77768709885204 100000
9869744.5905102 5.10877555654762 100000
10614934.3658163 5.10877555654762 100000
11413744.3404082 5.55428152997449 100000
12270026.4421429 5.55428152997449 100000
13187919.9108163 6.06296163626701 100000
14171861.037551 6.06296163626701 100000
15226597.7738776 6.52077373193027 100000
16357223.8195918 6.52077373193027 100000
17569202.9712245 6.84496345663265 100000
18868388.6008163 6.84496345663265 100000
20261052.8740816 7.20749187542517 100000
21753920.8382653 7.20749187542517 100000
23354199.6403061 7.20749187542517 100000
25069627.2237755 7.20749187542517 100000
0 422.531229192177 10000
32489.4551020408 422.531229192177 10000
67328.1408163265 422.531229192177 10000
104691.23877551 422.531229192177 10000
144749.43877551 7500.51229774235 10000
187709.365306122 7500.51229774235 10000
233777.642857143 487.438401020408 10000
283174.371428571 487.438401020408 10000
336146.602040816 96.5475013435374 10000
392950.369387755 96.5475013435374 10000
453864.167346939 36.3479802891156 10000
519184.457142857 36.3479802891156 10000
589225.667346939 19.8134544047619 10000
664333.669387755 19.8134544047619 10000
744876.793877551 13.3665831632653 10000
831241.33877551 13.3665831632653 10000
923854.028571428 10.0668892559524 10000
1023168.53877551 10.0668892559524 10000
1129665.49591837 8.16826473214286 10000
1243861.46122449 8.16826473214286 10000
1366322.40612245 6.98634083333333 10000
1497636.76122449 6.98634083333333 10000
1638455.84285714 6.14791143282313 10000
1789453.42653061 6.14791143282313 10000
1951375.15714286 5.47484713010204 10000
2125011.59795918 5.47484713010204 10000
2311202.72244898 4.9573968962585 10000
2510860.37346939 4.9573968962585 10000
2724963.77142857 4.60066083758503 10000
2954550.53061224 4.60066083758503 10000
3200748.10204082 4.36586878826531 10000
3464746.82244898 4.36586878826531 10000
3747844.83265306 4.21446581632653 10000
4051416.63469388 4.21446581632653 10000
4376949.02653061 4.13620491921769 10000
4726027.62653061 4.13620491921769 10000
5100350.34897959 4.13258337585034 10000
5501754.35510204 4.13258337585034 10000
5932189.10204081 4.19563753401361 10000
6393756.76938775 4.19563753401361 10000
6888712.25918367 4.31237849914966 10000
7419463.19591836 4.31237849914966 10000
7988605.86122449 4.47013554846939 10000
8598916.21020408 4.47013554846939 10000
9253372.33061224 4.64177985969388 10000
9955163.42653061 4.64177985969388 10000
10707716.7693878 4.80046335034014 10000
11514702.1897959 4.80046335034014 10000
12380054.5367347 4.97361429846939 10000
13308000.6285714 4.97361429846939 10000
14303068.2367347 5.24073821428571 10000
15370104.0530612 5.24073821428571 10000
16514323.1 5.71974581207483 10000
17741304.2387755 5.71974581207483 10000
19057030.5959184 6.93643465561224 10000
20467929.9897959 6.93643465561224 10000
21980874.9306122 6.93643465561224 10000
23603254.4897959 6.93643465561224 10000
0 12254137.019086 110000
35092.3383673469 12254137.019086 110000
72698.2720408163 12254137.019086 110000
112994.193673469 12254137.019086 110000
156180.994897959 191182.886738124 110000
202459.567346939 191182.886738124 110000
252050.401836735 2073.35265456505 110000
305193.588367347 2073.35265456505 110000
362143.916326531 227.45437566199 110000
423170.874489796 227.45437566199 110000
488573.350408163 65.757527380102 110000
558655.131428571 65.757527380102 110000
633759.203265306 29.5570287104592 110000
714238.35122449 29.5570287104592 110000
800484.558979592 16.9862654209184 110000
892904.509591837 16.9862654209184 110000
991948.984285714 11.402896932398 110000
1098083.46367347 11.402896932398 110000
1211817.52653061 8.62186464030612 110000
1333699.95 8.62186464030612 110000
1464308.91 7.17972199872449 110000
1604271.58040816 7.17972199872449 110000
1754264.13306122 6.2836616122449 110000
1914992.13857143 6.2836616122449 110000
2087234.6644898 5.60337598852041 110000
2271814.87653061 5.60337598852041 110000
2469614.73795918 5.0730955752551 110000
2681575.00959184 5.0730955752551 110000
2908719.74877551 4.69563775510204 110000
3152136.71020408 4.69563775510204 110000
3412982.24571429 4.4605598380102 110000
3692505.80326531 4.4605598380102 110000
3992054.82673469 4.3351250625 110000
4313055.15673469 4.3351250625 110000
4657045.32918367 4.28911802040816 110000
5025671.6755102 4.28911802040816 110000
5420698.1222449 4.31190207142857 110000
5844015.99061225 4.31190207142857 110000
6297653.79612245 4.40071087244898 110000
6783782.14836735 4.40071087244898 110000
7304723.55061224 4.55046088520408 110000
7862971.99897959 4.55046088520408 110000
8461207.68183674 4.75700769897959 110000
9102282.28040816 4.75700769897959 110000
9789272.86653061 5.0144919744898 110000
10525467.2032653 5.0144919744898 110000
11314388.2438776 5.30269184566327 110000
12159808.8312245 5.30269184566327 110000
13065776.1967347 5.60236540561224 110000
14036631.5595918 5.60236540561224 110000
15077015.0265306 5.93185626530612 110000
16191914.5897959 5.93185626530612 110000
17386661.2273469 6.34633816836735 110000
18666973.0010204 6.34633816836735 110000
20038979.5555102 7.17905848469388 110000
21509251.5171429 7.17905848469388 110000
23084820.0930612 7.17905848469388 110000
24773235.8687755 7.17905848469388 110000
0 11555477.8675998 120000
35166.1760204082 11555477.8675998 120000
72857.856122449 11555477.8675998 120000
113256.132653061 11555477.8675998 120000
156561.675510204 14788.0575098225 120000
202975.154591837 14788.0575098225 120000
252721.711734694 1241.62213275298 120000
306046.066326531 1241.62213275298 120000
363202.726530612 244.942694196429 120000
424460.883673469 244.942694196429 120000
490123.989795918 62.0277282408588 120000
560505.285714286 62.0277282408588 120000
635942.484183674 26.3815555346514 120000
716797.769897959 26.3815555346514 120000
803462.693877551 16.3355799479167 120000
896358.173469388 16.3355799479167 120000
995924.703571429 12.0788289508929 120000
1102646.82857143 12.0788289508929 120000
1217033.56479592 9.36961198554422 120000
1339642.87244898 9.36961198554422 120000
1471057.18367347 7.49255310161565 120000
1611917.66326531 7.49255310161565 120000
1762894.84234694 6.29938294005102 120000
1924722.87908163 6.29938294005102 120000
2098175.08673469 5.55561954081633 120000
2284093.3 5.55561954081633 120000
2483368.29744898 5.05195645089286 120000
2696959.37908163 5.05195645089286 120000
2925894.36632653 4.68844619366497 120000
3171284.28520408 4.68844619366497 120000
3434298.89438776 4.43581421237245 120000
3716215.62908163 4.43581421237245 120000
4018385.34030612 4.29325497236395 120000
4342261.66122449 4.29325497236395 120000
4689415.69030612 4.26932345556973 120000
5061506.625 4.26932345556973 120000
5460335.6 4.35557684311225 120000
5887816.32091837 4.35557684311225 120000
6346009.325 4.51201371173469 120000
6837126.8755102 4.51201371173469 120000
7363528.06734694 4.69894873405612 120000
7927753.0877551 4.69894873405612 120000
8532518.32193878 4.90784732142857 120000
9180731.03622449 4.90784732142857 120000
9875518.74438776 5.14729504570578 120000
10620224.3132653 5.14729504570578 120000
11418435.3290816 5.42637711415816 120000
12273998.7806122 5.42637711415816 120000
13191030.8479592 5.75496387542517 120000
14173951.1632653 5.75496387542517 120000
15227492.5994898 6.13664454719388 120000
16356730.6367347 6.13664454719388 120000
17567102.9397959 6.54239948873299 120000
18864433.830102 6.54239948873299 120000
20254983.2295918 7.0819343622449 120000
21745436.8719388 7.0819343622449 120000
23342979.7183673 7.0819343622449 120000
25055300.8520408 7.0819343622449 120000
0 7197189.54694393 130000
35804.2842857143 7197189.54694393 130000
74176.3657142857 7197189.54694393 130000
115301.085714286 7197189.54694393 130000
159368.281428571 7900.85411297619 130000
206597.764285714 7900.85411297619 130000
257214.341428571 772.660432723214 130000
311452.811428571 772.660432723214 130000
369582.942857143 126.993950494048 130000
431874.504285714 126.993950494048 130000
498637.23 52.4396694017857 130000
570180.854285714 52.4396694017857 130000
646855.077142857 33.8695794434524 130000
729019.59 33.8695794434524 130000
817079.045714286 21.3105202529762 130000
911448.088571429 21.3105202529762 130000
1012576.33285714 13.3096756696429 130000
1120958.35428571 13.3096756696429 130000
1237108.71142857 9.12157063690476 130000
1361581.92857143 9.12157063690476 130000
1494972.49571429 7.08839818452381 130000
1637929.85571429 7.08839818452381 130000
1791133.42571429 6.045001625 130000
1955312.58 6.045001625 130000
2131261.63714286 5.42576202380952 130000
2319819.87714286 5.42576202380952 130000
2521896.52 5.0431215327381 130000
2738455.73857143 5.0431215327381 130000
2970531.64571429 4.7926385 130000
3219248.27714286 4.7926385 130000
3485784.62142857 4.60963924107143 130000
3771429.57285714 4.60963924107143 130000
4077541.96571429 4.48378887202381 130000
4405600.53142857 4.48378887202381 130000
4757168.92857143 4.41913600297619 130000
5133935.70857143 4.41913600297619 130000
5537709.32 4.4221750625 130000
5970418.10857143 4.4221750625 130000
6434140.29142857 4.50302237202381 130000
6931103.95714286 4.50302237202381 130000
7463682.07 4.65679670238095 130000
8034432.43571428 4.65679670238095 130000
8646087.71 4.86178751190476 130000
9301590.36857143 4.86178751190476 130000
10004067.7285714 5.09901108630952 130000
10756896.8928571 5.09901108630952 130000
11563679.7714286 5.35441697916667 130000
12428293.0385714 5.35441697916667 130000
13354873.1457143 5.58400127380952 130000
14347861.2828571 5.58400127380952 130000
15412023.3614286 5.7018585 130000
16552455.01 5.7018585 130000
17774626.5357143 5.63791335714286 130000
19084397.9114286 5.63791335714286 130000
20488038.7585714 5.32490063392857 130000
21992283.3 5.32490063392857 130000
23604345.3471429 5.32490063392857 130000
25331948.2742857 5.32490063392857 130000
0 12544390.2877891 140000
35694.5510204082 12544390.2877891 140000
73940.1391836735 12544390.2877891 140000
114921.47755102 12544390.2877891 140000
158833.263673469 753046.829762946 140000
205885.171836735 753046.829762946 140000
256301.853061224 6071.28940721939 140000
310322.935102041 6071.28940721939 140000
368208.014693878 321.839524056122 140000
430226.673061225 321.839524056122 140000
496683.437142857 73.1583120306122 140000
567892.818367347 73.1583120306122 140000
644194.289387755 33.9744418392857 140000
725947.291836735 33.9744418392857 140000
813546.213061224 19.2589471607143 140000
907410.401632653 19.2589471607143 140000
1007989.15959184 12.2980728903061 140000
1115756.75020408 12.2980728903061 140000
1231227.37469388 9.01849040816326 140000
1354955.1722449 9.01849040816326 140000
1487529.2277551 7.2545222755102 140000
1629583.55632653 7.2545222755102 140000
1781797.10326531 6.17469970408163 140000
1944888.75183673 6.17469970408163 140000
2119642.2844898 5.49168779846939 140000
2306896.39836735 5.49168779846939 140000
2507534.72081633 5.02142872959184 140000
2722520.75510204 5.02142872959184 140000
2952877.91142857 4.67389568112245 140000
3199704.48367347 4.67389568112245 140000
3464178.64163265 4.43713846683673 140000
3747563.42326531 4.43713846683673 140000
4051211.72693877 4.31752219897959 140000
4376571.30367347 4.31752219897959 140000
4725194.74163265 4.30999222959184 140000
5098744.45836735 4.30999222959184 140000
5499002.68530612 4.38925451785714 140000
5927876.46 4.38925451785714 140000
6387417.59510204 4.52158020918367 140000
6879817.68612245 4.52158020918367 140000
7407423.08816326 4.69614237244898 140000
7972754.88489796 4.69614237244898 140000
8578503.89632653 4.91819326530612 140000
9227570.61673469 4.91819326530612 140000
9923040.25346939 5.16453975 140000
10668237.6416327 5.16453975 140000
11466717.2595918 5.3834184872449 140000
12322288.1902041 5.3834184872449 140000
13239034.0897959 5.56078878826531 140000
14221328.164898 5.56078878826531 140000
15273858.1334694 5.73151316326531 140000
16401641.2016326 5.73151316326531 140000
17610064.0016327 5.89266906887755 140000
18904887.5840816 5.89266906887755 140000
20292292.3481633 5.99537410714286 140000
21778903.0028571 5.99537410714286 140000
23371798.5514286 5.99537410714286 140000
25078592.1673469 5.99537410714286 140000
0 8976425.30515235 150000
35958.0110204082 8976425.30515235 150000
74481.2179591837 8976425.30515235 150000
115760.753061224 8976425.30515235 150000
159992.778367347 5462451.05013888 150000
207388.545306122 5462451.05013888 150000
258169.364897959 10010.1692192219 150000
312576.667346939 10010.1692192219 150000
370882.061632653 525.892523259354 150000
433347.097142857 525.892523259354 150000
500283.62122449 107.592228266156 150000
572003.48122449 107.592228266156 150000
648848.703265306 38.9218706590136 150000
731186.462448979 38.9218706590136 150000
819414.112653061 20.3470019923469 150000
913944.097142857 20.3470019923469 150000
1015234.12734694 13.159570327381 150000
1123762.03387755 13.159570327381 150000
1240050.9155102 9.35360758588435 150000
1364654.04979592 9.35360758588435 150000
1498164.95265306 7.22707274404762 150000
1641217.37836735 7.22707274404762 150000
1794495.37918367 6.07849788860544 150000
1958733.30530612 6.07849788860544 150000
2134710.77510204 5.43152990986395 150000
2323267.7644898 5.43152990986395 150000
2525304.60693878 5.00780103996599 150000
2741787.02326531 5.00780103996599 150000
2973741.09183673 4.69309299659864 150000
3222273.3677551 4.69309299659864 150000
3488575.91265306 4.47179245493197 150000
3773916.23510204 4.47179245493197 150000
4079652.38 4.35615954251701 150000
4407248.01795918 4.35615954251701 150000
4758257.35591837 4.34289345578231 150000
5134360.34571429 4.34289345578231 150000
5537352.6244898 4.40749489710884 150000
5969150.5444898 4.40749489710884 150000
6431816.32204082 4.52762318962585 150000
6927553.0077551 4.52762318962585 150000
7458729.6355102 4.70017662585034 150000
8027881.22244898 4.70017662585034 150000
8637713.79877551 4.93223883503401 150000
9291144.64612245 4.93223883503401 150000
9991282.17836735 5.22429183928571 150000
10741476.2395918 5.22429183928571 150000
11545292.955102 5.54738287585034 150000
12406570.0591837 5.54738287585034 150000
13329421.924898 5.83506624489796 150000
14318239.5640816 5.83506624489796 150000
15377745.955102 6.0431845297619 150000
16512991.0130612 6.0431845297619 150000
17729391.8281633 6.18946776105442 150000
19032747.755102 6.18946776105442 150000
20429275.6216327 6.27505812159864 150000
21925629.8477551 6.27505812159864 150000
23528957.7734694 6.27505812159864 150000
25246899.6587755 6.27505812159864 150000
0 9205228.32549879 160000
36775.405 9205228.32549879 160000
76158.7 9205228.32549879 160000
118326.515 9205228.32549879 160000
163481.455 149292.388503552 160000
211836.515 149292.388503552 160000
263609.885 915.13960865625 160000
319050.925 915.13960865625 160000
378414.19 218.653274947917 160000
441980.21 218.653274947917 160000
510050.295 97.9322653958333 160000
582936.145 97.9322653958333 160000
660985.825 40.2047110833333 160000
744557.79 40.2047110833333 160000
834041.665 20.6447784791667 160000
929868.635 20.6447784791667 160000
1032475.08 13.1015735416667 160000
1142349.33 13.1015735416667 160000
1259995.3 9.49967440625 160000
1385974.05 9.49967440625 160000
1520872.615 7.508203625 160000
1665319.59 7.508203625 160000
1819995.52 6.31109163541667 160000
1985617.315 6.31109163541667 160000
2162969.42 5.54917994791666 160000
2352872.645 5.54917994791666 160000
2556220.53 5.04035134375 160000
2773963.76 5.04035134375 160000
3007125.75 4.69529511458333 160000
3256792.255 4.69529511458333 160000
3524132.15 4.473284625 160000
3810402.625 4.473284625 160000
4116933.6 4.35047698958333 160000
4445169.285 4.35047698958333 160000
4796642.205 4.30657923958333 160000
5172993.98 4.30657923958333 160000
5575996.105 4.327824625 160000
6007523.975 4.327824625 160000
6469603.64 4.41343389583333 160000
6964391.025 4.41343389583333 160000
7494213.49 4.572768875 160000
8061543.855 4.572768875 160000
8669031.57 4.8046606875 160000
9319533.885 4.8046606875 160000
10016084.68 5.08483353125 160000
10761946.415 5.08483353125 160000
11560615.325 5.382409625 160000
12415821.42 5.382409625 160000
13331575.24 5.68526730208333 160000
14312157.465 5.68526730208333 160000
15362160.475 6.00547411458333 160000
16486493.545 6.00547411458333 160000
17690429.6 6.367901125 160000
18979594.825 6.367901125 160000
20360025.81 7.00300069791667 160000
21838185.135 7.00300069791667 160000
23420992.54 7.00300069791667 160000
25115850.9 7.00300069791667 160000
0 9844407.39067334 170000
36887.9426530612 9844407.39067334 170000
76396.993877551 9844407.39067334 170000
118703.974489796 9844407.39067334 170000
164016.908979592 11510249.2869218 170000
212538.62122449 11510249.2869218 170000
264508.339387755 90169.261866105 170000
320160.091020408 90169.261866105 170000
379759.107346939 1276.76555041709 170000
443586.221428571 1276.76555041709 170000
511943.06877551 144.862815720238 170000
585146.886734694 144.862815720238 170000
663540.915714286 42.2890601692177 170000
747499.599795918 42.2890601692177 170000
837412.984897959 20.1074304914966 170000
933707.52122449 20.1074304914966 170000
1036825.26081633 12.8651120522959 170000
1147260.26183673 12.8651120522959 170000
1265532.5855102 9.47865754676871 170000
1392193.49673469 9.47865754676871 170000
1527835.86530612 7.50324832397959 170000
1673099.36653061 7.50324832397959 170000
1828670.48122449 6.28300050297619 170000
1995277.29510204 6.28300050297619 170000
2173699.9 5.52257348129252 170000
2364775.5944898 5.52257348129252 170000
2569409.28510204 5.03225325807823 170000
2788557.8844898 5.03225325807823 170000
3023251.11387755 4.70620737414966 170000
3274591.50306122 4.70620737414966 170000
3543759.59102041 4.49380570238095 170000
3832024.32714286 4.49380570238095 170000
4140737.87061224 4.37504755484694 170000
4471345.99163265 4.37504755484694 170000
4825403.67326531 4.35011711989796 170000
5204580.31204082 4.35011711989796 170000
5610649.31673469 4.40994582993197 170000
6045524.51265306 4.40994582993197 170000
6511249.74040816 4.53409961267007 170000
7010009.25714286 4.53409961267007 170000
7544143.33836735 4.71834213605442 170000
8116169.08040816 4.71834213605442 170000
8728769.99918367 4.96696390518707 170000
9384827.23387755 4.96696390518707 170000
10087419.5469388 5.25389685119048 170000
10839849.3271429 5.25389685119048 170000
11645652.9908163 5.50898688180272 170000
12508616.5836735 5.50898688180272 170000
13432791.3826531 5.64790823639456 170000
14422519.8989796 5.64790823639456 170000
15482456.6806122 5.62989028188775 170000
16617578.7134694 5.62989028188775 170000
17833221.8257143 5.51369993664966 170000
19135091.0889796 5.51369993664966 170000
20529307.6238775 5.41825786734694 170000
22022424.2018367 5.41825786734694 170000
23621451.2481633 5.41825786734694 170000
25333903.647551 5.41825786734694 170000
0 15196836.4063466 180000
37006.0989795918 15196836.4063466 180000
76645.8246938775 15196836.4063466 180000
119106.549795918 15196836.4063466 180000
164580.851734694 452999.078563831 180000
213292.536734694 452999.078563831 180000
265465.411020408 9093.08611619983 180000
321349.304795918 9093.08611619983 180000
381204.457857143 693.191809488095 180000
445317.133979592 693.191809488095 180000
513989.211326531 126.585939120536 180000
587543.387244898 126.585939120536 180000
666328.383061224 43.3473837733844 180000
750713.739285714 43.3473837733844 180000
841100.225204082 21.3997244415391 180000
937914.634081633 21.3997244415391 180000
1041609.78316327 12.733066951318 180000
1152680.12806122 12.733066951318 180000
1271646.14836735 8.9101768792517 180000
1399075.16683673 8.9101768792517 180000
1535560.53020408 7.14861370068027 180000
1681752.83795918 7.14861370068027 180000
1838339.12316326 6.22168292091837 180000
2006058.46683673 6.22168292091837 180000
2185701.99795918 5.63789999872449 180000
2378123.30306122 5.63789999872449 180000
2584222.81183673 5.20370074255952 180000
2804979.02591837 5.20370074255952 180000
3041427.69969388 4.85502278932823 180000
3294693.06908163 4.85502278932823 180000
3565967.03234694 4.59203963222789 180000
3856524.7644898 4.59203963222789 180000
4167745.53642857 4.43043071896258 180000
4501091.89581633 4.43043071896258 180000
4858146.10061224 4.37383940667517 180000
5240584.09510204 4.37383940667517 180000
5650211.94346939 4.40857057610544 180000
6088971.03459184 4.40857057610544 180000
6558927.67244898 4.52370499914966 180000
7062293.89530612 4.52370499914966 180000
7601458.7044898 4.72085833120748 180000
8178956.83561224 4.72085833120748 180000
8797515.60173469 4.98699689583333 180000
9460054.89336735 4.98699689583333 180000
10169702.7928571 5.26034627147109 180000
10929811.1887755 5.26034627147109 180000
11743966.1855102 5.46608751679422 180000
12616014.1272449 5.46608751679422 180000
13550061.5979592 5.62174344472789 180000
14550522.2645918 5.62174344472789 180000
15622122.0818367 5.86583752997449 180000
16769920.1113265 5.86583752997449 180000
17999324.1360204 6.34890765114796 180000
19316142.7081633 6.34890765114796 180000
20726595.5588776 7.30352143920068 180000
22237334.4173469 7.30352143920068 180000
23855495.0587755 7.30352143920068 180000
25588707.7139796 7.30352143920068 180000
0 14117338.4696029 190000
37289.8226530612 14117338.4696029 190000
77224.4624489796 14117338.4696029 190000
120003.330204082 14117338.4696029 190000
165815.341428571 17597556.7195075 190000
214886.145204082 17597556.7195075 190000
267446.638265306 208821.265368811 190000
323738.212653061 208821.265368811 190000
384028.498673469 2163.05299725999 190000
448606.117244898 2163.05299725999 190000
517770.184591837 190.399316904974 190000
591851.302857143 190.399316904974 190000
671195.817142857 51.358255744898 190000
756176.310816327 51.358255744898 190000
847196.853163265 22.6694457852891 190000
944687.751734694 22.6694457852891 190000
1049100.30469388 13.2507394187925 190000
1160933.03908163 13.2507394187925 190000
1280715.96785714 9.24331449553571 190000
1409010.58989796 9.24331449553571 190000
1546415.13765306 7.23199840327381 190000
1693590.81540816 7.23199840327381 190000
1851219.81806122 6.1631061377551 190000
2020047.31234694 6.1631061377551 190000
2200876.18918367 5.53789200595238 190000
2394551.32071429 5.53789200595238 190000
2601991.04622449 5.12035374404762 190000
2824171.42918367 5.12035374404762 190000
3062136.75255102 4.81136537223639 190000
3317010.01408163 4.81136537223639 190000
3589998.17397959 4.57925511777211 190000
3882381.65959184 4.57925511777211 190000
4195540.60367347 4.4305606817602 190000
4530949.59673469 4.4305606817602 190000
4890198.67765306 4.37611628125 190000
5274967.09540816 4.37611628125 190000
5687081.03326531 4.41208456994048 190000
6128476.87520408 4.41208456994048 190000
6601237.9394898 4.53950414583333 190000
7107594.47867347 4.53950414583333 190000
7649928.9272449 4.77610770323129 190000
8230796.8922449 4.77610770323129 190000
8852942.89622449 5.11439547130102 190000
9519295.12959184 5.11439547130102 190000
10232996.9365306 5.4939866420068 190000
10997417.3103061 5.4939866420068 190000
11816150.8932653 5.8419825682398 190000
12693059.9580612 5.8419825682398 190000
13632279.6553061 6.11152608120748 190000
14638239.0041837 6.11152608120748 190000
15715681.8830612 6.29339005761054 190000
16869682.772449 6.29339005761054 190000
18105683.4885714 6.40009233652211 190000
19429508.9263265 6.40009233652211 190000
20847403.7928571 6.35654774872449 190000
22366048.3505102 6.35654774872449 190000
23992605.6457143 6.35654774872449 190000
25734742.4995918 6.35654774872449 190000
0 14248387.777316 200000
37890.5124489796 14248387.777316 200000
78458.3635714286 14248387.777316 200000
121891.342653061 14248387.777316 200000
168393.335204082 20275318.0352941 200000
218178.95755102 20275318.0352941 200000
271478.922244898 201951.789827883 200000
328540.038061225 201951.789827883 200000
389635.940816327 2842.37004391837 200000
455045.631734694 2842.37004391837 200000
525074.939081633 243.000744133929 200000
600045.787346939 243.000744133929 200000
680317.658877551 60.243004059949 200000
766255.401428571 60.243004059949 200000
858261.420612245 24.4818544419643 200000
956764.949081633 24.4818544419643 200000
1062227.41193878 13.2596114394133 200000
1175137.06132653 13.2596114394133 200000
1296019.7072449 9.07349763456633 200000
1425438.71755102 9.07349763456633 200000
1564000.38336735 7.24676617984694 200000
1712343.18826531 7.24676617984694 200000
1871164.63530612 6.23785706441326 200000
2041205.15081633 6.23785706441326 200000
2223253.44979592 5.58725661288265 200000
2418157.26673469 5.58725661288265 200000
2626823.35561224 5.14161475318878 200000
2850228.22071429 5.14161475318878 200000
3089412.75122449 4.82106514923469 200000
3345487.58663265 4.82106514923469 200000
3619649.21295918 4.58713335331633 200000
3913169.23193878 4.58713335331633 200000
4227415.82265306 4.44126131887755 200000
4563859.10693878 4.44126131887755 200000
4924065.78397959 4.40161318813776 200000
5309704.49571429 4.40161318813776 200000
5722583.38469388 4.47247010969388 200000
6164617.90163265 4.47247010969388 200000
6637873.72867347 4.63088378571429 200000
7144550.68316326 4.63088378571429 200000
7687009.54469388 4.82555867857143 200000
8267777.4205102 4.82555867857143 200000
8889558.47632653 5.0063170440051 200000
9555255.39795918 5.0063170440051 200000
10267964.0259184 5.17287943367347 200000
11031005.5478571 5.17287943367347 200000
11847937.2293878 5.35075389221939 200000
12722563.144898 5.35075389221939 200000
13658955.6391837 5.52396715242347 200000
14661476.7890816 5.52396715242347 200000
15734799.865102 5.67048750701531 200000
16883925.4276531 5.67048750701531 200000
18114202.7886735 5.80977573852041 200000
19431367.5694898 5.80977573852041 200000
20841552.4316327 5.90871162946429 200000
22351330.000102 5.90871162946429 200000
23967734.325 5.90871162946429 200000
25698287.7085714 5.90871162946429 200000
0 55744.1240793899 20000
32326.125 55744.1240793899 20000
67020.8035714286 55744.1240793899 20000
104256.053571429 55744.1240793899 20000
144221.535714286 148.917329166667 20000
187120.142857143 148.917329166667 20000
233154.767857143 111.411049962798 20000
282568 111.411049962798 20000
335602.428571429 72.0008951264881 20000
392527.107142857 72.0008951264881 20000
453619.910714286 43.1411780505952 20000
519189.589285714 43.1411780505952 20000
589562.535714286 22.7340711309524 20000
665096.017857143 22.7340711309524 20000
746164.946428571 13.4339238467262 20000
833175.107142857 13.4339238467262 20000
926563.160714286 10.0165667410714 20000
1026796.64285714 10.0165667410714 20000
1134373.96428571 8.35165993303571 20000
1249833.23214286 8.35165993303571 20000
1373756.66071429 7.09728035714286 20000
1506761.75 7.09728035714286 20000
1649518.92857143 6.13598355654762 20000
1802733.91071429 6.13598355654762 20000
1967178.57142857 5.45282823660714 20000
2143673.30357143 5.45282823660714 20000
2333104.66071429 4.96410271577381 20000
2536416.53571429 4.96410271577381 20000
2754632.21428571 4.6152427827381 20000
2988841.14285714 4.6152427827381 20000
3240212.16071429 4.38400189732143 20000
3510006.73214286 4.38400189732143 20000
3799574.53571429 4.25367447916667 20000
4110362.28571428 4.25367447916667 20000
4443926.96428571 4.21160729166667 20000
4801940.23214286 4.21160729166667 20000
5186192.83928571 4.25098210565476 20000
5598603.44642857 4.25098210565476 20000
6041240.67857143 4.37033787202381 20000
6516318.71428571 4.37033787202381 20000
7026210.51785714 4.56544765625 20000
7573474.30357143 4.56544765625 20000
8160849.125 4.81064661458333 20000
8791268.10714286 4.81064661458333 20000
9467889.32142857 5.06302217261905 20000
10194095.7857143 5.06302217261905 20000
10973530.75 5.3006494047619 20000
11810084.4642857 5.3006494047619 20000
12707951.5178571 5.56254475446429 20000
13671617.6071429 5.56254475446429 20000
14705912.4642857 5.96065766369048 20000
15816005.4464286 5.96065766369048 20000
17007458.4642857 6.62318370535714 20000
18286225.9821429 6.62318370535714 20000
19658716.7678571 8.02938374255952 20000
21131793.8928571 8.02938374255952 20000
22712827.6607143 8.02938374255952 20000
24409735.3035714 8.02938374255952 20000
0 12677182.3147165 210000
38197.4910204082 12677182.3147165 210000
79077.6036734694 12677182.3147165 210000
122835.832653061 12677182.3147165 210000
169667.672653061 10595771.7871376 210000
219795.770408163 10595771.7871376 210000
273448.203061224 119434.359925235 210000
330880.199795918 119434.359925235 210000
392346.989795918 1997.78419315731 210000
458136.384693878 1997.78419315731 210000
528557.917755102 217.96364120068 210000
603926.552653061 217.96364120068 210000
684600.696326531 55.1092414630102 210000
770944.186122449 55.1092414630102 210000
863364.302653061 22.7085640833333 210000
962284.617755102 22.7085640833333 210000
1068161.28571429 13.2495171173469 210000
1181488.47367347 13.2495171173469 210000
1302782.07040816 9.44107005229592 210000
1432612.26877551 9.44107005229592 210000
1571570.98326531 7.50265191836735 210000
1720299.00204082 7.50265191836735 210000
1879491.41734694 6.3430335085034 210000
2049881.33428571 6.3430335085034 210000
2232256.16204082 5.58379456717687 210000
2427457.61387755 5.58379456717687 210000
2636392.56795918 5.08513602423469 210000
2860016.77612245 5.08513602423469 210000
3099372.87673469 4.78404251828231 210000
3355563.24265306 4.78404251828231 210000
3629771.70285714 4.61164968579932 210000
3923268.97285714 4.61164968579932 210000
4237407.22428571 4.50633370748299 210000
4573641.80653061 4.50633370748299 210000
4933525.81632653 4.45359086819728 210000
5318726.38897959 4.45359086819728 210000
5731013.83755102 4.46768730272109 210000
6172299.66571428 4.46768730272109 210000
6644625.70693877 4.54854381760204 210000
7150174.98530612 4.54854381760204 210000
7691282.57632653 4.69214417346939 210000
8270446.4677551 4.69214417346939 210000
8890343.85081632 4.90416767219388 210000
9553847.41142857 4.90416767219388 210000
10264014.4693878 5.16540424489796 210000
11024130.4216327 5.16540424489796 210000
11837714.1726531 5.41227286267007 210000
12708518.1344898 5.41227286267007 210000
13640571.67 5.58576309013605 210000
14638181.0928571 5.58576309013605 210000
15705962.25 5.71552721853741 210000
16848840.5216326 5.71552721853741 210000
18072105.1253061 5.97347160629252 210000
19381409.1159184 5.97347160629252 210000
20782801.9681633 7.00509077040816 210000
22282762.1589796 7.00509077040816 210000
23888224.3195918 7.00509077040816 210000
25606606.387551 7.00509077040816 210000
0 17795079.560856 220000
38613.1137755102 17795079.560856 220000
79925.5574489796 17795079.560856 220000
124125.014489796 17795079.560856 220000
171421.24877551 8401642.1460168 220000
222024.024183673 8401642.1460168 220000
276165.185 38387.5997703131 220000
334093.135816327 38387.5997703131 220000
396072.841530612 1476.77549915795 220000
462391.34744898 1476.77549915795 220000
533346.739081633 200.448245348639 220000
609264.70244898 200.448245348639 220000
690487.483877551 56.4064841915391 220000
777401.490510204 56.4064841915391 220000
870387.609387755 24.6707045457058 220000
969881.928571428 24.6707045457058 220000
1076331.57632653 14.2670142302296 220000
1190233.36183673 14.2670142302296 220000
1312100.65459184 9.84489498596939 220000
1442485.46479592 9.84489498596939 220000
1581995.00367347 7.5933258650085 220000
1731264.08295918 7.5933258650085 220000
1890977.19530612 6.28917875744048 220000
2061857.47408163 6.28917875744048 220000
2244688.77377551 5.49377805420918 220000
2440310.14989796 5.49377805420918 220000
2649615.85897959 5.01167764243197 220000
2873560.87867347 5.01167764243197 220000
3113171.94795918 4.71997475021259 220000
3369542.04704082 4.71997475021259 220000
3643846.95765306 4.55487769834184 220000
3937334.22285714 4.55487769834184 220000
4251350.74755102 4.48232285714286 220000
4587337.27836735 4.48232285714286 220000
4946817.36346939 4.47175416177721 220000
5331447.03346939 4.47175416177721 220000
5742981.68081633 4.49938917261905 220000
6183298.14020408 4.49938917261905 220000
6654416.76897959 4.56035179953231 220000
7158490.40693878 4.56035179953231 220000
7697820.93663265 4.66277269281463 220000
8274875.84367347 4.66277269281463 220000
8892293.73683673 4.81256296173469 220000
9552895.3882653 4.81256296173469 220000
10259705.8138776 5.00633004357993 220000
11015959.7934694 5.00633004357993 220000
11825112.9109184 5.23020468197279 220000
12690858.1144898 5.23020468197279 220000
13617164.357551 5.47304317091837 220000
14608260.0382653 5.47304317091837 220000
15668682.6805102 5.74144663244048 220000
16803278.9338776 5.74144663244048 220000
18017237.6942857 6.03225250807823 220000
19316106.6642857 6.03225250807823 220000
20705830.9937755 6.35433896194728 220000
22192764.3202041 6.35433896194728 220000
23783701.8891837 6.35433896194728 220000
25485924.7153061 6.35433896194728 220000
0 15020442.5651866 230000
38857.4081632653 15020442.5651866 230000
80429.9387755102 15020442.5651866 230000
124906.760204082 15020442.5651866 230000
172488.168367347 11821802.3029085 230000
223396.714285714 11821802.3029085 230000
277854.948979592 101079.812251467 230000
336118.806122449 101079.812251467 230000
398455.346938776 2625.36357712054 230000
465142.760204082 2625.36357712054 230000
536487.053571429 356.478179161352 230000
612810.926020408 356.478179161352 230000
694470.459183673 90.472889716199 230000
781832.862244898 90.472889716199 230000
875298.727040816 30.6099107621173 230000
975285.336734694 30.6099107621173 230000
1082260.04846939 14.4676593271684 230000
1196706.91071429 14.4676593271684 230000
1319148.91836735 9.4737767059949 230000
1450136.88520408 9.4737767059949 230000
1590277.2627551 7.49470698341837 230000
1740204.32142857 7.49470698341837 230000
1900602.40561224 6.36871473214286 230000
2072200.36989796 6.36871473214286 230000
2255782.70663265 5.58004955357143 230000
2452189.54591837 5.58004955357143 230000
2662316.65561224 5.03348974808673 230000
2887115.44132653 5.03348974808673 230000
3127615.20153061 4.69178120216837 230000
3384912 4.69178120216837 230000
3660179.79336735 4.50309966517857 230000
3954675.99489796 4.50309966517857 230000
4269735.91071429 4.42244810267857 230000
4606800.55867347 4.42244810267857 230000
4967405.54081633 4.4205587372449 230000
5353197.73469388 4.4205587372449 230000
5765935.29336735 4.47902474489796 230000
6207498.77295918 4.47902474489796 230000
6679896.69642857 4.58662584502551 230000
7185293.37244898 4.58662584502551 230000
7725986.64030612 4.736859375 230000
8304441.25255102 4.736859375 230000
8923300.00255102 4.92616683673469 230000
9585378.16071428 4.92616683673469 230000
10293702.4209184 5.15501187818878 230000
11051488.6454082 5.15501187818878 230000
11862208.630102 5.41186125637755 230000
12729545.5943878 5.41186125637755 230000
13657460.9464286 5.66268321109694 230000
14650183.1556122 5.66268321109694 230000
15712235.5714286 5.91134920280612 230000
16848469.8061224 5.91134920280612 230000
18064054.6071429 6.25720739795918 230000
19364542.622449 6.25720739795918 230000
20755859.2729592 7.08712565369898 230000
22244347.2627551 7.08712565369898 230000
23836794.3979592 7.08712565369898 230000
25540461.4056122 7.08712565369898 230000
0 14844969.5561909 240000
38881.152244898 14844969.5561909 240000
80488.0848979592 14844969.5561909 240000
125020.245306122 14844969.5561909 240000
172671.540612245 29538146.5011351 240000
223669.119183673 29538146.5011351 240000
278245.669591837 585924.268996996 240000
336656.04122449 585924.268996996 240000
399160.623673469 4874.34360829975 240000
466053.047755102 4874.34360829975 240000
537643.564897959 303.997946298469 240000
614253.506938776 303.997946298469 240000
696237.446938775 69.5139101479592 240000
783983.199183673 69.5139101479592 240000
877878.577959184 28.7581375153061 240000
978366.799591837 28.7581375153061 240000
1085907.70102041 15.4565345727041 240000
1200999.90061224 15.4565345727041 240000
1324164.17755102 9.94777114923469 240000
1455971.17285714 9.94777114923469 240000
1597030.30897959 7.42799399617347 240000
1747984.24959184 7.42799399617347 240000
1909536.60061224 6.18963142091837 240000
2082424.20918367 6.18963142091837 240000
2267450.40489796 5.50064933290816 240000
2465457.29877551 5.50064933290816 240000
2677359.0244898 5.05473215688776 240000
2904130.65795918 5.05473215688776 240000
3146819.2977551 4.74583115306122 240000
3406538.52489796 4.74583115306122 240000
3684485.02346939 4.55522504846939 240000
3981938.58061225 4.55522504846939 240000
4300262.08653061 4.47258367091837 240000
4640929.2355102 4.47258367091837 240000
5005502.36510204 4.47295301785714 240000
5395660.15714286 4.47295301785714 240000
5813203.17795918 4.53540727678571 240000
6260042.79795918 4.53540727678571 240000
6738245.51326531 4.64413378188775 240000
7250005.24469388 4.64413378188775 240000
7797682.11918367 4.79226498852041 240000
8383791.38938775 4.79226498852041 240000
9011036.67489796 4.99786427040816 240000
9682293.34163265 4.99786427040816 240000
10400663.9038776 5.29368808418367 240000
11169450.3232653 5.29368808418367 240000
11992187.25 5.68479186607143 240000
12872658.6434694 5.68479186607143 240000
13814925.4732653 6.13709181887755 240000
14823314.6387755 6.13709181887755 240000
15902474.3712245 6.59284285714286 240000
17057363.1532653 6.59284285714286 240000
18293305.1210204 6.91826059438776 240000
19615984.5238775 6.91826059438776 240000
21031484.5059184 6.77651216454082 240000
22546325.8873469 6.77651216454082 240000
24167472.7046939 6.77651216454082 240000
25902387.6128571 6.77651216454082 240000
0 15107303.0440517 250000
39335.2857142857 15107303.0440517 250000
81429.862244898 15107303.0440517 250000
126485.219387755 15107303.0440517 250000
174708.443877551 740217.957391815 250000
226317.816326531 740217.957391815 250000
281554.005102041 14046.5839923576 250000
340674.469387755 14046.5839923576 250000
403947.862244898 1002.88620351828 250000
471665.224489796 1002.88620351828 250000
544145.581632653 179.805657642432 250000
621719.153061224 179.805657642432 250000
704744.142857143 58.1566481079932 250000
793601.142857143 58.1566481079932 250000
888704.326530612 26.8967889030612 250000
990490.255102041 26.8967889030612 250000
1099429.07142857 15.2854730017007 250000
1216030.09693878 15.2854730017007 250000
1340819.44387755 10.1181925595238 250000
1474373.59693878 10.1181925595238 250000
1617319.41326531 7.66787608418367 250000
1770311.73469388 7.66787608418367 250000
1934055.7755102 6.39351142644558 250000
2109301.5255102 6.39351142644558 250000
2296866.1377551 5.64419792729592 250000
2497611.54081633 5.64419792729592 250000
2712466.82653061 5.15959631164966 250000
2942422.65306122 5.15959631164966 250000
3188531.24489796 4.83683950892857 250000
3451939.9744898 4.83683950892857 250000
3733857.78061225 4.63442855017007 250000
4035588.75 4.63442855017007 250000
4358526.52040816 4.52770192389456 250000
4704154.28061225 4.52770192389456 250000
5074072.75510204 4.49775830144558 250000
5469989.01020408 4.49775830144558 250000
5893727.64795918 4.53640049957483 250000
6347247.59693878 4.53640049957483 250000
6832636.51530612 4.64269569515306 250000
7352133.17857143 4.64269569515306 250000
7908138.67346939 4.81778659651361 250000
8503221.99489796 4.81778659651361 250000
9140120.04591837 5.06596419005102 250000
9821776.81632653 5.06596419005102 250000
10551343.3826531 5.39120463435374 250000
11332172.3112245 5.39120463435374 250000
12167879.2244898 5.78036678358844 250000
13062314.8163265 5.78036678358844 250000
14019604.0306122 6.18804547193878 250000
15044174.0459184 6.18804547193878 250000
16140743.0816327 6.54030280612245 250000
17314370.7704082 6.54030280612245 250000
18570474.9489796 6.74836900510204 250000
19914859.6428571 6.74836900510204 250000
21353715.0663265 6.69919756590136 250000
22893690.3826531 6.69919756590136 250000
24541882.5102041 6.69919756590136 250000
26305908.8826531 6.69919756590136 250000
0 10363363.6484153 260000
39817.853877551 10363363.6484153 260000
82407.1858163265 10363363.6484153 260000
127967.999387755 10363363.6484153 260000
176700.298163265 2882943.63869331 260000
228832.657653061 2882943.63869331 260000
284593.653367347 63617.3133841199 260000
344240.432755102 63617.3133841199 260000
408047.286428571 3338.81226344005 260000
476294.219387755 3338.81226344005 260000
549301.237346939 357.961820632653 260000
627394.060408163 357.961820632653 260000
710926.980612245 76.571403036352 260000
800277.14755102 76.571403036352 260000
895861.711530612 28.1410977487245 260000
998097.822857143 28.1410977487245 260000
1107465.49010204 15.3689887270408 260000
1224444.72183673 15.3689887270408 260000
1349584.09928571 10.4944731122449 260000
1483437.91806122 10.4944731122449 260000
1626617.61765306 7.97853532844388 260000
1779774.63826531 7.97853532844388 260000
1943606.13520408 6.4969374432398 260000
2118854.97887755 6.4969374432398 260000
2306309.75479592 5.58529021173469 260000
2506827.62112245 5.58529021173469 260000
2721317.1655102 5.02128014030612 260000
2950755.54826531 5.02128014030612 260000
3196177.07357143 4.68367887372449 260000
3458701.76142857 4.68367887372449 260000
3739518.2044898 4.50091370535714 260000
4039900.71122449 4.50091370535714 260000
4361215.02030612 4.43580539987245 260000
4704918.30061224 4.43580539987245 260000
5072570.58 4.45875819068878 260000
5465840.45969388 4.45875819068878 260000
5886510.82867347 4.5382953252551 260000
6336496.00683673 4.5382953252551 260000
6817830.31622449 4.65516645982143 260000
7332708.08173469 4.65516645982143 260000
7883460.77357143 4.81466930803571 260000
8472591.29357143 4.81466930803571 260000
9102768.26081633 5.03782805484694 260000
9776860.29795918 5.03782805484694 260000
10497918.8880612 5.32197598596939 260000
11269218.3753061 5.32197598596939 260000
12094261.6793878 5.60975493431122 260000
12976797.4386735 5.60975493431122 260000
13920825.7245918 5.81275855931122 260000
14930632.3279592 5.81275855931122 260000
16010800.1877551 5.87136674872449 260000
17166232.2486735 5.87136674872449 260000
18402180.0330612 5.81409191645408 260000
19724237.9265306 5.81409191645408 260000
21138423.1793878 5.73794769961735 260000
22651141.6203061 5.73794769961735 260000
24269273.3721429 5.73794769961735 260000
26000144.28 5.73794769961735 260000
0 7859480.34116903 270000
39605.5983673469 7859480.34116903 270000
81988.4530612245 7859480.34116903 270000
127335.222857143 7859480.34116903 270000
175855.191836735 712637.180375272 270000
227774.613061224 712637.180375272 270000
283331.052244898 18574.273225017 270000
342779.044081633 18574.273225017 270000
406390.092244898 2611.31752355102 270000
474452.669387755 2611.31752355102 270000
547277.873469388 403.968548153061 270000
625205.084081633 403.968548153061 270000
708590.649795918 81.3783004047619 270000
797813.544489796 81.3783004047619 270000
893286.68 28.2248808435374 270000
995445.593469388 28.2248808435374 270000
1104754.10367347 15.174121127551 270000
1221715.62367347 15.174121127551 270000
1346867.5044898 10.2244465408163 270000
1480786.69142857 10.2244465408163 270000
1624078.41142857 7.75581353061224 270000
1777410.11102041 7.75581353061224 270000
1941471.86204082 6.39233245238095 270000
2117021.6122449 6.39233245238095 270000
2304868.21632653 5.5670154914966 270000
2505865.77959184 5.5670154914966 270000
2720936.28326531 5.04815358843537 270000
2951069.5844898 5.04815358843537 270000
3197317.76 4.73918853571429 270000
3460806.41877551 4.73918853571429 270000
3742740.35836735 4.57615670748299 270000
4044420.53387755 4.57615670748299 270000
4367227.08897959 4.51479734863946 270000
4712636.32489796 4.51479734863946 270000
5082226.35673469 4.52546188095238 270000
5477705.39510204 4.52546188095238 270000
5900866.4955102 4.59584779421769 270000
6353666.74693878 4.59584779421769 270000
6838165.0522449 4.72632039285714 270000
7356595.66040816 4.72632039285714 270000
7911322.91591837 4.91235461564626 270000
8504892.16571429 4.91235461564626 270000
9140029.75918367 5.1393618537415 270000
9819637.39183673 5.1393618537415 270000
10546831.6995918 5.38618980272109 270000
11324949.915102 5.38618980272109 270000
12157549.8677551 5.6252756547619 270000
13048449.5779592 5.6252756547619 270000
14001732.9134694 5.82262253061224 270000
15021766.5583673 5.82262253061224 270000
16113222.6383673 5.94149965986395 270000
17281107.002449 5.94149965986395 270000
18530764.8791837 5.97609752380952 270000
19867931.7836735 5.97609752380952 270000
21298727.8612245 5.95053799829932 270000
22829708.7942857 5.95053799829932 270000
24467894.0840816 5.95053799829932 270000
26220784.0195918 5.95053799829932 270000
0 10629463.366747 280000
40123.2991836735 10629463.366747 280000
83046.702244898 10629463.366747 280000
128954.578163265 10629463.366747 280000
178060.103571429 25518438.3865656 280000
230587.978163265 25518438.3865656 280000
286774.424693878 626832.37620669 280000
346867.188979592 626832.37620669 280000
411154.34755102 9077.55156468622 280000
479912.453877551 9077.55156468622 280000
553458.392142857 558.906327445153 280000
632132.092653061 558.906327445153 280000
716279.247244898 92.7303588118622 280000
806291.64 92.7303588118622 280000
902572.578061224 30.9422161307398 280000
1005554.17622449 30.9422161307398 280000
1115708.88 15.8446412984694 280000
1233537.94255102 15.8446412984694 280000
1359571.42469388 10.3719674241071 280000
1494385.4794898 10.3719674241071 280000
1638585.06765306 7.76470677742347 280000
1792827.00367347 7.76470677742347 280000
1957814.19428571 6.33366260522959 280000
2134289.87693878 6.33366260522959 280000
2323054.90438775 5.53654284183673 280000
2524967.74469388 5.53654284183673 280000
2740938.71969388 5.08116586607143 280000
2971958.81265306 5.08116586607143 280000
3219059.33755102 4.79834673214286 280000
3483375.31591837 4.79834673214286 280000
3766093.62306122 4.61695454336735 280000
4068504.84183673 4.61695454336735 280000
4391980.21653061 4.52349771556122 280000
4737977.41438776 4.52349771556122 280000
5108075.09479592 4.51813229017857 280000
5503949.86316326 4.51813229017857 280000
5927387.79397959 4.58102899936225 280000
6380324.76153061 4.58102899936225 280000
6864800.34765306 4.68138766071429 280000
7383015.45704081 4.68138766071429 280000
7937320.79418367 4.81961638265306 280000
8530234.14795918 4.81961638265306 280000
9164440.39163265 5.02679142091837 280000
9842814.52897959 5.02679142091837 280000
10568427.4558163 5.30970658035714 280000
11344580.5291837 5.30970658035714 280000
12174788.2827551 5.61033844642857 280000
13062812.9960204 5.61033844642857 280000
14012687.7404082 5.83156921875 280000
15028710.6177551 5.83156921875 280000
16115496.6140816 5.91458327232143 280000
17277966.0765306 5.91458327232143 280000
18521396.5671429 5.8709756875 280000
19851422.8628571 5.8709756875 280000
21274083.0477551 5.65083720535714 280000
22795818.5130612 5.65083720535714 280000
24423531.572449 5.65083720535714 280000
26164608.5081633 5.65083720535714 280000
0 13769060.5855188 290000
40730.5003061224 13769060.5855188 290000
84276.6896938775 13769060.5855188 290000
130844.30744898 13769060.5855188 290000
180639.092857143 21405700.1911144 290000
233878.541734694 21405700.1911144 290000
290809.54122449 219604.398587526 290000
351690.735 219604.398587526 290000
416780.766734694 5026.93672801169 290000
486385.30622449 5026.93672801169 290000
560815.901530612 468.303272287415 290000
640395.857244898 468.303272287415 290000
725495.504081633 93.287568306335 290000
816491.051020408 93.287568306335 290000
913788.098367347 30.5037147614796 290000
1017827.51602041 30.5037147614796 290000
1129073.68693878 15.1309977967687 290000
1248032.14193878 15.1309977967687 290000
1375231.92489796 10.1025826972789 290000
1511243.22755102 10.1025826972789 290000
1656677.3894898 7.83463772470238 290000
1812186.89816327 7.83463772470238 290000
1978471.26714286 6.53416949681122 290000
2156277.03612245 6.53416949681122 290000
2346403.64918367 5.72671627869898 290000
2549697.57653061 5.72671627869898 290000
2767081.70581633 5.20162798384354 290000
2999531.82908163 5.20162798384354 290000
3248082.52102041 4.83990647895408 290000
3513850.65204082 4.83990647895408 290000
3798035.38826531 4.60371043112245 290000
4101912.31326531 4.60371043112245 290000
4426839.30632653 4.48434490625 290000
4774285.93377551 4.48434490625 290000
5145798.17938775 4.46822866220238 290000
5543051.34877551 4.46822866220238 290000
5967832.43459184 4.53367334927721 290000
6422040.11653061 4.53367334927721 290000
6907720.03091837 4.66324011373299 290000
7427053.01418367 4.66324011373299 290000
7982360.98112245 4.84430293154762 290000
8576148.0727551 4.84430293154762 290000
9211077.14326531 5.05202613180272 290000
9889993.27306123 5.05202613180272 290000
10615953.160102 5.2583042585034 290000
11392207.485102 5.2583042585034 290000
12222247.9376531 5.44839266284014 290000
13109795.4596939 5.44839266284014 290000
14058835.515102 5.63110874277211 290000
15073635.7244898 5.63110874277211 290000
16158739.9869388 5.87009696662415 290000
17319027.2626531 5.87009696662415 290000
18559705.6946939 6.31369780867347 290000
19886347.8785714 6.31369780867347 290000
21304902.6187755 7.72792271662415 290000
22821741.954898 7.72792271662415 290000
24443678.7964286 7.72792271662415 290000
26177990.4358163 7.72792271662415 290000
0 20144207.7482055 300000
40669.5290816326 20144207.7482055 300000
84153.9642857143 20144207.7482055 300000
130658.559183673 20144207.7482055 300000
180388.567346939 15438918.619864 300000
233566.835510204 15438918.619864 300000
290433.803571429 1823571.55439087 300000
351241.640204082 1823571.55439087 300000
416265.971632653 19196.235441926 300000
485800.017244898 19196.235441926 300000
560154.589591837 908.254994929847 300000
639669.823163265 908.254994929847 300000
724697.58122449 114.802329831633 300000
815619.048979592 114.802329831633 300000
912850.597959184 31.4429778692602 300000
1016820.32846939 31.4429778692602 300000
1128003.25591837 15.2114765707908 300000
1246891.98887755 15.2114765707908 300000
1374031.91540816 10.1004671626275 300000
1509986.01673469 10.1004671626275 300000
1655364.18918367 7.8211995567602 300000
1810829.10857143 7.8211995567602 300000
1977072.77265306 6.50757669961735 300000
2154845.82306122 6.50757669961735 300000
2344945.81653061 5.65163265433673 300000
2548228.95367347 5.65163265433673 300000
2765610.07897959 5.11320855357143 300000
2998062.68081633 5.11320855357143 300000
3246642.34897959 4.80290913647959 300000
3512451.58836735 4.80290913647959 300000
3796698.46285714 4.63596956505102 300000
4100661.40897959 4.63596956505102 300000
4425695.10030612 4.54813814094388 300000
4773277.36255102 4.54813814094388 300000
5144956.39408163 4.51920716135204 300000
5542415.27418367 4.51920716135204 300000
5967430.91234694 4.56955537372449 300000
6421926.8277551 4.56955537372449 300000
6907932.09857143 4.7165682442602 300000
7427651.73459184 4.7165682442602 300000
7983402.16897959 4.9325731932398 300000
8577699.22408163 4.9325731932398 300000
9213205.33193878 5.15217007971939 300000
9892782.31377551 5.15217007971939 300000
10619491.38 5.32165088584184 300000
11396593.1302041 5.32165088584184 300000
12227582.7394898 5.43014205931122 300000
13116195.8228571 5.43014205931122 300000
14066437.7571429 5.49970835905612 300000
15082571.9522449 5.49970835905612 300000
16169178.495 5.54841942984694 300000
17331130.6916327 5.54841942984694 300000
18573665.4404082 5.56713660076531 300000
19902365.6384694 5.56713660076531 300000
21323207.0969388 5.55014209375 300000
22842581.9984694 5.55014209375 300000
24467322.3547959 5.55014209375 300000
26204729.3286735 5.55014209375 300000
0 8147871.2752702 30000
32696.3587755102 8147871.2752702 30000
67768.0171428571 8147871.2752702 30000
105390.423367347 8147871.2752702 30000
145748.023061224 64596.6387700929 30000
189038.757857143 64596.6387700929 30000
235474.065408163 897.850855617772 30000
285283.378061224 897.850855617772 30000
338714.122857143 128.108743132228 30000
396027.222857143 128.108743132228 30000
457506.094489796 44.0439533182398 30000
523456.64755102 44.0439533182398 30000
594198.287857143 22.1381314708758 30000
670081.911938775 22.1381314708758 30000
751476.411020408 14.3952583735119 30000
838791.164387755 14.3952583735119 30000
932453.546020408 10.5004193505527 30000
1032917.92193878 10.5004193505527 30000
1140688.14357143 8.14467024383504 30000
1256290.55571429 8.14467024383504 30000
1380291.99122449 6.80228482504252 30000
1513308.76836735 6.80228482504252 30000
1655993.19479592 6.01676020386905 30000
1809047.06357143 6.01676020386905 30000
1973226.15183673 5.45789374766156 30000
2149335.72214286 5.45789374766156 30000
2338248.51714286 4.99691092835884 30000
2540886.76489796 4.99691092835884 30000
2758258.16826531 4.6230992797619 30000
2991424.41418367 4.6230992797619 30000
3241537.16306122 4.35867100212585 30000
3509829.05142857 4.35867100212585 30000
3797622.68928571 4.21371062181122 30000
4106330.66010204 4.21371062181122 30000
4437473.5155102 4.17192919196429 30000
4792684.27397959 4.17192919196429 30000
5173717.41816326 4.20472264710884 30000
5582439.89755102 4.20472264710884 30000
6020867.11785714 4.29257799107143 30000
6491162.94102041 4.29257799107143 30000
6995635.18653061 4.4295344815051 30000
7536776.11948979 4.4295344815051 30000
8117248.95459184 4.60929397555272 30000
8739905.85081632 4.60929397555272 30000
9407819.40214286 4.83302800276361 30000
10124278.1388776 4.83302800276361 30000
10892809.0210204 5.1314774985119 30000
11717195.4329592 5.1314774985119 30000
12601499.6768367 5.53495227529762 30000
13550076.4685714 5.53495227529762 30000
14567595.4312245 6.01697576530612 30000
15659063.5883673 6.01697576530612 30000
16829865.8521429 6.46123851488095 30000
18085756.0259184 6.46123851488095 30000
19432928.7830612 6.64762418005952 30000
20878015.1682653 6.64762418005952 30000
22428127.5842857 6.64762418005952 30000
24090904.7786735 6.64762418005952 30000
0 10357169.5768686 40000
33412.6760204082 10357169.5768686 40000
69239.3889795918 10357169.5768686 40000
107651.24877551 10357169.5768686 40000
148842.488265306 10899.752642273 40000
193007.340306122 10899.752642273 40000
240363.160714286 535.796028462372 40000
291141.179081633 535.796028462372 40000
345591.123367347 105.454769978954 40000
403971.970714286 105.454769978954 40000
466570.445816327 51.2974852799745 40000
533691.771734694 51.2974852799745 40000
605659.669897959 27.3870062793367 40000
682830.233877551 27.3870062793367 40000
765578.055612245 15.6438862085459 40000
854300.85 15.6438862085459 40000
949437.953265306 10.6601081045918 40000
1051442.57540816 10.6601081045918 40000
1160823.42153061 8.29586260459184 40000
1278103.0705102 8.29586260459184 40000
1403854.97173469 6.88659531887755 40000
1538694.19591837 6.88659531887755 40000
1683277.43510204 5.98446270089286 40000
1838303.00265306 5.98446270089286 40000
2004529.33163265 5.40307443048469 40000
2182765.72561224 5.40307443048469 40000
2373881.60785714 4.9873428934949 40000
2578801.89673469 4.9873428934949 40000
2798530.12867347 4.65374603443878 40000
3034134.58438775 4.65374603443878 40000
3286757.53806122 4.39563600255102 40000
3557633.75571429 4.39563600255102 40000
3848081.24602041 4.22882312117347 40000
4159515.13408163 4.22882312117347 40000
4493443.03683673 4.15400107908163 40000
4851502.05979592 4.15400107908163 40000
5235431.0494898 4.16892502232143 40000
5647098.34102041 4.16892502232143 40000
6088506.38265306 4.28005011033163 40000
6561805.60959183 4.28005011033163 40000
7069299.06857143 4.47869559885204 40000
7613460.91622449 4.47869559885204 40000
8196936.41908163 4.72739265943877 40000
8822565.07653061 4.72739265943877 40000
9493399.11918367 4.97623423852041 40000
10212698.8842857 4.97623423852041 40000
10983965.1878571 5.20967978061224 40000
11810953.1984694 5.20967978061224 40000
12697695.5602041 5.45995691007653 40000
13648497.7680612 5.45995691007653 40000
14667998.2876531 5.70819151147959 40000
15761159.3060204 5.70819151147959 40000
16933294.4791837 5.85315319642857 40000
18190115.1780612 5.85315319642857 40000
19537744.3622449 5.85843293877551 40000
20982735.0783673 5.85843293877551 40000
22532125.9552041 5.85843293877551 40000
24193455.077449 5.85843293877551 40000
0 14457458.9319928 50000
33166.1430612245 14457458.9319928 50000
68742.9607142857 14457458.9319928 50000
106908.17755102 14457458.9319928 50000
147853.189285714 895.751585601828 50000
191778.505714286 895.751585601828 50000
238898.307755102 181.948057265306 50000
289449.561530612 181.948057265306 50000
343678.347244898 114.999925051871 50000
401853.530306122 114.999925051871 50000
464262.204285714 53.7355240212585 50000
531214.247959184 53.7355240212585 50000
603037.768265306 25.1454664094388 50000
680088.214387755 25.1454664094388 50000
762748.377755102 14.9528566354167 50000
851423.835 14.9528566354167 50000
946547.505 10.7829839056122 50000
1048597.87704082 10.7829839056122 50000
1158076.22561224 8.57873376892007 50000
1275520.28153061 8.57873376892007 50000
1401513.34602041 7.1068665482568 50000
1536670.61959184 7.1068665482568 50000
1681671.10132653 6.03857276105442 50000
1837216.5755102 6.03857276105442 50000
2004086.29612245 5.32354457546769 50000
2183100.5305102 5.32354457546769 50000
2375143.34459184 4.88757817687075 50000
2581158.04581633 4.88757817687075 50000
2802169.96836735 4.61893112691326 50000
3039263.68795918 4.61893112691326 50000
3293614.92112245 4.43383931909014 50000
3566472.29704082 4.43383931909014 50000
3859189.25683673 4.30397314965986 50000
4173210.38244898 4.30397314965986 50000
4510085.0677551 4.24116193707483 50000
4871472.07561225 4.24116193707483 50000
5259162.32306123 4.26246610289116 50000
5675065.21020408 4.26246610289116 50000
6121235.96244898 4.36949959906463 50000
6599880.18755102 4.36949959906463 50000
7113353.87561224 4.55170528103741 50000
7664199.85540816 4.55170528103741 50000
8255134.12326531 4.79325692580782 50000
8889073.18530612 4.79325692580782 50000
9569143.17153061 5.07952453358844 50000
10298711.735102 5.07952453358844 50000
11081374.3812245 5.40170731930272 50000
11920995.4805102 5.40170731930272 50000
12821717.3830612 5.74746329740646 50000
13787992.3177551 5.74746329740646 50000
14824591.5063265 6.09264964540816 50000
15936627.9485714 6.09264964540816 50000
17129592.8786735 6.36777149085884 50000
18409373.9933673 6.36777149085884 50000
19782296.4653061 6.34857495642007 50000
21255132.0571429 6.34857495642007 50000
22835158.3630612 6.34857495642007 50000
24530167.9228571 6.34857495642007 50000
0 6931496.62524326 60000
33780.3306122449 6931496.62524326 60000
70004.2453061225 6931496.62524326 60000
108844.617142857 6931496.62524326 60000
150493.008163265 1282.7421666131 60000
195154.997142857 1282.7421666131 60000
243040.835102041 315.528339636054 60000
294393.47877551 315.528339636054 60000
349460.557142857 113.463822327381 60000
408503.715918367 113.463822327381 60000
471817.306530612 46.0502102772109 60000
539709.697142857 46.0502102772109 60000
612512.617142857 26.3354393180272 60000
690576.484897959 26.3354393180272 60000
774284.424489796 17.2783217848639 60000
864042.92122449 17.2783217848639 60000
960291.166122449 11.6472640969388 60000
1063501.05591837 11.6472640969388 60000
1174172.52081633 8.66213763010204 60000
1292842.86897959 8.66213763010204 60000
1420096.13102041 7.05566409268708 60000
1556544.37102041 7.05566409268708 60000
1702865.0644898 6.06279258418367 60000
1859759.04816327 6.06279258418367 60000
2027997.24244898 5.38311722534014 60000
2208401.96244898 5.38311722534014 60000
2401846.91795918 4.88286580442177 60000
2609280.57469388 4.88286580442177 60000
2831707.46530612 4.53856029081633 60000
3070216.22285714 4.53856029081633 60000
3325970.23632653 4.3504829659864 60000
3600216.99510204 4.3504829659864 60000
3894288.08897959 4.28723245068027 60000
4209622.56938776 4.28723245068027 60000
4547757.60489796 4.30177481292517 60000
4910333.15346939 4.30177481292517 60000
5299129.34040816 4.36489878826531 60000
5716029.08040816 4.36489878826531 60000
6163074.14448979 4.46946946938776 60000
6642441.79877551 4.46946946938776 60000
7156463.49346939 4.60738829846939 60000
7707652.89632653 4.60738829846939 60000
8298687.20367347 4.76227321683673 60000
8932458.53510204 4.76227321683673 60000
9612045.9 4.92243387840136 60000
10340771.2644898 4.92243387840136 60000
11122180.862449 5.08130967261905 60000
11960082.5734694 5.08130967261905 60000
12858569.2840816 5.23404341156463 60000
13822014.2155102 5.23404341156463 60000
14855112.9738776 5.39548894047619 60000
15962906.9114286 5.39548894047619 60000
17150792.4710204 5.56821599404762 60000
18424563.2363265 5.56821599404762 60000
19790423.9485714 5.80936223384354 60000
21255037.2289796 5.80936223384354 60000
22825537.5955102 5.80936223384354 60000
24509587.5297959 5.80936223384354 60000
0 77894.9644492708 70000
34089.11 77894.9644492708 70000
70633.09 77894.9644492708 70000
109811.68 77894.9644492708 70000
151814.08 305.246115625 70000
196843.68 305.246115625 70000
245118.06 280.68281175 70000
296868.99 280.68281175 70000
352351.89 162.105594291667 70000
411831.64 162.105594291667 70000
475601.5 54.3756759791667 70000
543964.19 54.3756759791667 70000
617255.54 23.8984531041667 70000
695825.57 23.8984531041667 70000
780062.14 14.638877 70000
870367.3 14.638877 70000
967180.94 10.8574095208333 70000
1070971.33 10.8574095208333 70000
1182239.85 8.76375385416667 70000
1301530.45 8.76375385416667 70000
1429415.46 7.35456860416667 70000
1566519.24 7.35456860416667 70000
1713503.99 6.31328866666667 70000
1871079.21 6.31328866666667 70000
2040011.16 5.53663252083333 70000
2221118.13 5.53663252083333 70000
2415279.9 4.9915985625 70000
2623428.28 4.9915985625 70000
2846584.95 4.64250485416667 70000
3085818.89 4.64250485416667 70000
3342293.68 4.42675772916667 70000
3617253.31 4.42675772916667 70000
3912026.91 4.30197441666667 70000
4228047.67 4.30197441666667 70000
4566843.38 4.25707883333333 70000
4930050.62 4.25707883333333 70000
5319438.41 4.28906545833333 70000
5736884.56 4.28906545833333 70000
6184418.24 4.39631820833333 70000
6664205.79 4.39631820833333 70000
7178564.91 4.56038022916667 70000
7729997.77 4.56038022916667 70000
8321167.36 4.74820064583333 70000
8954944.79 4.74820064583333 70000
9634395.1 4.9367305625 70000
10362810.37 4.9367305625 70000
11143723.91 5.1205501875 70000
11980914.99 5.1205501875 70000
12878441.95 5.31119875 70000
13840651.66 5.31119875 70000
14872203.17 5.50869595833333 70000
15978096.09 5.50869595833333 70000
17163689.51 5.6412640625 70000
18434725.65 5.6412640625 70000
19797362.97 5.47769475 70000
21258204.55 5.47769475 70000
22824321.74 5.47769475 70000
24503306.19 5.47769475 70000
0 6899396.35414427 80000
34384.0086734694 6899396.35414427 80000
71248.8948979592 6899396.35414427 80000
110766.411734694 6899396.35414427 80000
153132.166836735 4387.16765998087 80000
198556.080612245 4387.16765998087 80000
247248.073469388 385.118827844388 80000
299456.233163265 385.118827844388 80000
355419.105612245 114.000577538265 80000
415422.945918367 114.000577538265 80000
479744.467346939 55.9709233737245 80000
548708.092346939 55.9709233737245 80000
622638.243367347 32.2513087691326 80000
701897.510204082 32.2513087691326 80000
786867.566326531 18.452977940051 80000
877963.481632653 18.452977940051 80000
975624.180612245 11.784884005102 80000
1080321.98418367 11.784884005102 80000
1192567.38061224 8.69317981186224 80000
1312899.48367347 8.69317981186224 80000
1441905.11632653 7.02674772321428 80000
1580209.26887755 7.02674772321428 80000
1728484.64081633 5.99371468431122 80000
1887442.09897959 5.99371468431122 80000
2057859.30306122 5.33680892219388 80000
2240552.08010204 5.33680892219388 80000
2436417.3627551 4.93305007653061 80000
2646399.79285714 4.93305007653061 80000
2871510.80510204 4.68210970982143 80000
3112847.71071429 4.68210970982143 80000
3371579.38469388 4.49842935267857 80000
3648960.57857143 4.49842935267857 80000
3946327.1494898 4.34667439094388 80000
4265129.45663265 4.34667439094388 80000
4606908.50663265 4.24728025829082 80000
4973319.80816326 4.24728025829082 80000
5366133.37193878 4.23601890306122 80000
5787262.33622449 4.23601890306122 80000
6238743.88316326 4.33508503507653 80000
6722763.09336735 4.33508503507653 80000
7241662.4877551 4.54629756696429 80000
7797965.88214286 4.54629756696429 80000
8394359.30357143 4.83949037946429 80000
9033733.92857143 4.83949037946429 80000
9719190.85408163 5.15495741709184 80000
10454050.6392857 5.15495741709184 80000
11241867.6183673 5.4377337244898 80000
12086468.0678571 5.4377337244898 80000
12991940.6647959 5.67402339604592 80000
13962669.8831633 5.67402339604592 80000
15003359.8484694 5.89616928252551 80000
16119058.1923469 5.89616928252551 80000
17315160.8234694 6.13581847576531 80000
18597469.1785714 6.13581847576531 80000
19972194.9933673 6.36485237563775 80000
21446003.2408163 6.36485237563775 80000
23026026.4438776 6.36485237563775 80000
24719921.9265306 6.36485237563775 80000
0 10131928.422665 90000
34532.7228571429 10131928.422665 90000
71556.0631632653 10131928.422665 90000
111237.981632653 10131928.422665 90000
153780.031122449 32688.0416948072 90000
199378.965612245 32688.0416948072 90000
248260.332346939 694.8095152821 90000
300664.075204082 694.8095152821 90000
356834.936938775 129.931819177083 90000
417046.453571429 129.931819177083 90000
481596.155510204 50.656501533801 90000
550786.372040816 50.656501533801 90000
624957.823469388 27.6074626632653 90000
704465.626734694 27.6074626632653 90000
789698.490918367 17.203106223852 90000
881064.320612245 17.203106223852 90000
979004.61255102 11.7001233618197 90000
1083989.65673469 11.7001233618197 90000
1196532.93306122 8.7535825525085 90000
1317176.71469388 8.7535825525085 90000
1446496.86693878 7.09308094090136 90000
1585126.84163265 7.09308094090136 90000
1733733.6827551 6.04968498937075 90000
1893037.22193878 6.04968498937075 90000
2063800.48071429 5.38200115943878 90000
2246853.66489796 5.38200115943878 90000
2443084.56683673 4.96787802210884 90000
2653428.96765306 4.96787802210884 90000
2878918.62602041 4.70329990646259 90000
3120628.4905102 4.70329990646259 90000
3379739.085 4.51545384332483 90000
3657493.31877551 4.51545384332483 90000
3955234.87755102 4.37960561798469 90000
4274403.42459184 4.37960561798469 90000
4616539.39959184 4.30692261840986 90000
4983298.41530612 4.30692261840986 90000
5376451.25755102 4.31089169005102 90000
5797898.28183674 4.31089169005102 90000
6249669.41336735 4.38765373554422 90000
6733957.73918367 4.38765373554422 90000
7253090.71489796 4.52160240518707 90000
7809587.75122449 4.52160240518707 90000
8406131.42071429 4.69936082780612 90000
9045605.84877551 4.69936082780612 90000
9731096.71367347 4.91217105187075 90000
10465920.0397959 4.91217105187075 90000
11253622.1976531 5.1406876022534 90000
12098013.4960204 5.1406876022534 90000
13003168.1819388 5.3724134019983 90000
13973462.8317347 5.3724134019983 90000
15013585.9487755 5.68101122151361 90000
16128557.1589796 5.68101122151361 90000
17323765.6018367 6.27086325616497 90000
18604984.3270408 6.27086325616497 90000
19978408.6855102 7.89406359247449 90000
21450665.9271429 7.89406359247449 90000
23028877.5862245 7.89406359247449 90000
24720659.4814286 7.89406359247449 90000
0 1458.34805802572 hpsmc
8434.03928571429 1458.34805802572 hpsmc
17495.9647959184 1458.34805802572 hpsmc
27234.4235714286 1458.34805802572 hpsmc
37698.0626530612 405.272512794855 hpsmc
48942.3170408163 405.272512794855 hpsmc
61024.8843877551 171.572383261692 hpsmc
74006.8563265306 171.572383261692 hpsmc
87958.3751020408 23.408866477466 hpsmc
102948.451632653 23.408866477466 hpsmc
119057.410102041 7.2537121747449 hpsmc
136365.574693878 7.2537121747449 hpsmc
154965.714183673 4.23799396534864 hpsmc
174951.728673469 4.23799396534864 hpsmc
196427.700204082 3.25980426530612 hpsmc
219504.49877551 3.25980426530612 hpsmc
244300.913673469 2.73140171067177 hpsmc
270947.04744898 2.73140171067177 hpsmc
299578.659285714 2.31294288244048 hpsmc
330346.215612245 2.31294288244048 hpsmc
363405.839489796 1.94861095790816 hpsmc
398930.623877551 1.94861095790816 hpsmc
437102.712346939 1.64627337032313 hpsmc
478121.218367347 1.64627337032313 hpsmc
522197.7 1.41039414562075 hpsmc
569560.685204082 1.41039414562075 hpsmc
620453.409183673 1.2384395837585 hpsmc
675139.471020408 1.2384395837585 hpsmc
733902.833673469 1.12497460352891 hpsmc
797047.823979592 1.12497460352891 hpsmc
864899.132653061 1.06299912202381 hpsmc
937808.602244898 1.06299912202381 hpsmc
1016152.9644898 1.04598915625 hpsmc
1100338.36561224 1.04598915625 hpsmc
1190799.235 1.0699968480017 hpsmc
1288003.94183673 1.0699968480017 hpsmc
1392454.79510204 1.13473229485544 hpsmc
1504691.43755102 1.13473229485544 hpsmc
1625296.50234694 1.24390530505952 hpsmc
1754891.0877551 1.24390530505952 hpsmc
1894147.20173469 1.4067479744898 hpsmc
2043784.36795918 1.4067479744898 hpsmc
2204576.41377551 1.64139452465986 hpsmc
2377354.86418367 1.64139452465986 hpsmc
2563013.46714286 1.97622475297619 hpsmc
2762512.71887755 1.97622475297619 hpsmc
2976884.38918367 2.44642527147109 hpsmc
3207236.04673469 2.44642527147109 hpsmc
3454760.10969388 3.08373921704932 hpsmc
3720737.23969388 3.08373921704932 hpsmc
4006540.86714286 3.89398349362245 hpsmc
4313650.76714286 3.89398349362245 hpsmc
4643655.32214286 4.83655054953231 hpsmc
4998260.57255102 4.83655054953231 hpsmc
5379300.39867347 6.00742165625 hpsmc
5788746.70265306 6.00742165625 hpsmc
6228715.06510204 6.00742165625 hpsmc
6701481.715 6.00742165625 hpsmc
