0 6939356.34542581 100000
34457.4656122449 6939356.34542581 100000
71396.976122449 6939356.34542581 100000
111004.684897959 6939356.34542581 100000
153476.291632653 14412.3538848888 100000
199007.496020408 14412.3538848888 100000
247827.409897959 452.35770441858 100000
300174.691428571 452.35770441858 100000
356297.545102041 133.480556081633 100000
416472.814387755 133.480556081633 100000
480991.662244898 64.3353893382228 100000
550169.11744898 64.3353893382228 100000
624334.528265306 32.8708263664966 100000
703860.201428571 32.8708263664966 100000
789123.216836735 18.5910632106718 100000
880543.612857143 18.5910632106718 100000
978560.520510204 11.9622332850765 100000
1083651.25612245 11.9622332850765 100000
1196331.32132653 8.79234572831633 100000
1317144.85673469 8.79234572831633 100000
1446678.96142857 7.01657983227041 100000
1585558.91979592 7.01657983227041 100000
1734472.06734694 5.94776913626701 100000
1894129.60540816 5.94776913626701 100000
2065314.3327551 5.32134117814626 100000
2248852.00663265 5.32134117814626 100000
2445644.75489796 4.94054219047619 100000
2656637.66387755 4.94054219047619 100000
2882861.73683673 4.68819101509354 100000
3125419.5744898 4.68819101509354 100000
3385485.375 4.51178285607993 100000
3664319.25346939 4.51178285607993 100000
3963286.33459184 4.39042518005952 100000
4283832.88683673 4.39042518005952 100000
4627519.73459184 4.32621619005102 100000
4996012.71183673 4.32621619005102 100000
5391106.52795918 4.33080041560374 100000
5814719.99459184 4.33080041560374 100000
6268915.11826531 4.41279938286565 100000
6755892.3272449 4.41279938286565 100000
7278023.88367347 4.5775829005102 100000
7837844.3372449 4.5775829005102 100000
8438079.16418367 4.82273455463435 100000
9081639.99408163 4.82273455463435 100000
9771653.24887755 5.12315546173469 100000
10511479.2355102 5.12315546173469 100000
11304712.1459184 5.42403379698129 100000
12155199.1496939 5.42403379698129 100000
13067083.352551 5.67288465263605 100000
14044789.4768367 5.67288465263605 100000
15093071.5931633 5.88374908397109 100000
16217027.439898 5.88374908397109 100000
17422112.7426531 6.10565145535714 100000
18714188.9459184 6.10565145535714 100000
20099537.532551 6.24322794238946 100000
21584883.8895918 6.24322794238946 100000
23177449.8130612 6.24322794238946 100000
24884977.3737755 6.24322794238946 100000
0 2599.74898677296 10000
32372.6969387755 2599.74898677296 10000
67113.912244898 2599.74898677296 10000
104400.401020408 2599.74898677296 10000
144417.756122449 120.217276090561 10000
187369.245918367 120.217276090561 10000
233466.976530612 211.068827767857 10000
282940.729591837 211.068827767857 10000
336037.962244898 107.691746728316 10000
393023.807142857 107.691746728316 10000
454185.491326531 40.1237211670918 10000
519827.917346939 40.1237211670918 10000
590278.082142857 20.8020593973214 10000
665893.914795918 20.8020593973214 10000
747042.182142857 13.5095857748724 10000
834138.258673469 13.5095857748724 10000
927615.194387755 10.0416690848214 10000
1027936.97142857 10.0416690848214 10000
1135611.76071429 8.04545956313775 10000
1251174.24642857 8.04545956313775 10000
1375198.88265306 6.80238327806122 10000
1508313.15 6.80238327806122 10000
1651175.46122449 5.98304052614796 10000
1804501.6744898 5.98304052614796 10000
1969065.09336735 5.39425271045918 10000
2145678.79132653 5.39425271045918 10000
2335235.38163265 4.97034426339286 10000
2538671.66632653 4.97034426339286 10000
2757017.24387755 4.68270295280612 10000
2991354.73928571 4.68270295280612 10000
3242859.57397959 4.49045416135204 10000
3512786.70918367 4.49045416135204 10000
3802488.32142857 4.36023536352041 10000
4113413.80255102 4.36023536352041 10000
4447114.17857143 4.2831535682398 10000
4805264.20408163 4.2831535682398 10000
5189649.10561225 4.26278990752551 10000
5602186.67602041 4.26278990752551 10000
6044953.7877551 4.30332390306122 10000
6520151.04183673 4.30332390306122 10000
7030160.21326531 4.40527109056122 10000
7577526.5755102 4.40527109056122 10000
8164994.25153061 4.57792952487245 10000
8795497.37602041 4.57792952487245 10000
9472191.02755102 4.85996438456633 10000
10198451.2285714 4.85996438456633 10000
10977914.7153061 5.297645 10000
11814483.3566327 5.297645 10000
12712328.5729592 5.8827043877551 10000
13675953.2005102 5.8827043877551 10000
14710164.9780612 6.51616889668367 10000
15820138.4112245 6.51616889668367 10000
17011423.6102041 7.04139852359694 10000
18289977.2219388 7.04139852359694 10000
19662188.9433673 7.21999482461735 10000
21134930.1290816 7.21999482461735 10000
22715553.7913265 7.21999482461735 10000
24411965.3020408 7.21999482461735 10000
0 308465.597748203 20000
32341.4471428571 308465.597748203 20000
67046.2054081633 308465.597748203 20000
104278.332040816 308465.597748203 20000
144228.488163265 136.295766125 20000
187091.768877551 136.295766125 20000
233081.005204082 121.883078511905 20000
282426.764081633 121.883078511905 20000
335368.480408163 65.8909505004252 20000
392176.626938775 65.8909505004252 20000
453126.110408163 34.3075845433673 20000
518518.441428571 34.3075845433673 20000
588686.168469388 22.1569932310799 20000
663970.707959184 22.1569932310799 20000
744744.514183673 15.2102312172619 20000
831411.079285714 15.2102312172619 20000
924400.499285714 10.8001304530187 20000
1024173.90806122 10.8001304530187 20000
1131223.47734694 8.31120838371599 20000
1246081.28469388 8.31120838371599 20000
1369314.8794898 6.89676889392007 20000
1501540.58489796 6.89676889392007 20000
1643410.19591837 6.00295250786565 20000
1795633.14928571 6.00295250786565 20000
1958954.35357143 5.3818720539966 20000
2134189.66102041 5.3818720539966 20000
2322208.13163265 4.92400823639456 20000
2523940.90112245 4.92400823639456 20000
2740385.61489796 4.58881785416667 20000
2972624.16397959 4.58881785416667 20000
3221796.08112245 4.37049054655612 20000
3489147.31459184 4.37049054655612 20000
3776003.62428571 4.25949325744048 20000
4083779.44969388 4.25949325744048 20000
4414008.9477551 4.22850158758503 20000
4768323.82295918 4.22850158758503 20000
5148484.36520408 4.25182616772959 20000
5556375.01581633 4.25182616772959 20000
5994017.6694898 4.32322247661565 20000
6463580.5422449 4.32322247661565 20000
6967400.34132653 4.44517539030612 20000
7507968.96326531 4.44517539030612 20000
8087968.96571429 4.61994808588435 20000
8710273.56744898 4.61994808588435 20000
9377973.2522449 4.84662605505952 20000
10094375.7688776 4.84662605505952 20000
10863037.1689796 5.11363476360544 20000
11687766.2410204 5.11363476360544 20000
12572655.5481633 5.40749676105442 20000
13522090.2962245 5.40749676105442 20000
14540779.3715306 5.74882081505102 20000
15633773.0768367 5.74882081505102 20000
16806494.1691837 6.2277922230017 20000
18064760.0297959 6.2277922230017 20000
19414804.8339796 7.36594859693878 20000
20863328.324898 7.36594859693878 20000
22417513.5494898 7.36594859693878 20000
24085066.7642857 7.36594859693878 20000
0 628.369119808673 30000
32503.6224489796 628.369119808673 30000
67376.0020408163 628.369119808673 30000
104795.240816327 628.369119808673 30000
144948.345918367 6086.30950931441 30000
188031.229591837 6086.30950931441 30000
234257.614285714 370.912963338648 30000
283859.032653061 370.912963338648 30000
337080.375 98.3473068845663 30000
394188.794387755 98.3473068845663 30000
455464.801530612 49.293014276148 30000
521211.169897959 49.293014276148 30000
591761.840816326 26.5485024298469 30000
667459.660714286 26.5485024298469 30000
748683.096428571 15.6543623628827 30000
835837.330102041 15.6543623628827 30000
929349.806632653 10.5978784534439 30000
1029692.49642857 10.5978784534439 30000
1137355.18010204 8.00708743303571 30000
1252881.06887755 8.00708743303571 30000
1376835.63673469 6.59465476403061 30000
1509842.24081633 6.59465476403061 30000
1652555.40612245 5.79075595344388 30000
1805687.54081633 5.79075595344388 30000
1969995.57857143 5.29258042729592 30000
2146298.78877551 5.29258042729592 30000
2335474.32397959 4.94405699617347 30000
2538452.76734694 4.94405699617347 30000
2756253.75306122 4.67469621173469 30000
2989950.34591837 4.67469621173469 30000
3240704.66173469 4.46158598852041 30000
3509767.86734694 4.46158598852041 30000
3798466.82295918 4.31159995216837 30000
4108239.70255102 4.31159995216837 30000
4440627.08877551 4.23489548469388 30000
4797276.4255102 4.23489548469388 30000
5179959.82806122 4.23571178571428 30000
5590578.53571429 4.23571178571428 30000
6031167.36428571 4.31510633609694 30000
6503921.42142857 4.31510633609694 30000
7011182.74897959 4.46844106186224 30000
7555471.49081633 4.46844106186224 30000
8139490.34540816 4.68835070153061 30000
8766142.37602041 4.68835070153061 30000
9438535.46326531 4.96755347895408 30000
10160013.4729592 4.96755347895408 30000
10934156.2561224 5.29034487563775 30000
11764806.3642857 5.29034487563775 30000
12656091.3122449 5.61216227678571 30000
13612432.4831633 5.61216227678571 30000
14638585.2015306 5.86763666772959 30000
15739647.6382653 5.86763666772959 30000
16921078.6209184 6.01070269770408 30000
18188746.6117347 6.01070269770408 30000
19548951.9704082 6.03043306441327 30000
21008449.2168367 6.03043306441327 30000
22574482.6515306 6.03043306441327 30000
24254826.4285714 6.03043306441327 30000
0 9178955.23223759 40000
33074.7730612245 9178955.23223759 40000
68547.1936734694 9178955.23223759 40000
106595.034183673 9178955.23223759 40000
147405.183469388 112935.90080637 40000
191173.646938775 112935.90080637 40000
238119.221326531 636.294892055485 40000
288474.378163265 636.294892055485 40000
342476.147244898 83.8024826192602 40000
400402.582755102 83.8024826192602 40000
462527.180612245 38.7119892616922 40000
529164.461122449 38.7119892616922 40000
600633.502857143 22.3189477991071 40000
677289.850510204 22.3189477991071 40000
759507.281836735 14.7078507789116 40000
847686.924183673 14.7078507789116 40000
942270.929285714 10.7206126626276 40000
1043715.12367347 10.7206126626276 40000
1152520.91653061 8.46912398937075 40000
1269217.06663265 8.46912398937075 40000
1394387.03193878 7.06787524872449 40000
1528637.06173469 7.06787524872449 40000
1672623.54622449 6.0983417144983 40000
1827062.13306122 6.0983417144983 40000
1992704.93602041 5.43705137521258 40000
2170367.88459184 5.43705137521258 40000
2360921.60744898 4.97695147087585 40000
2565300.54897959 4.97695147087585 40000
2784512.08581633 4.62983956781463 40000
3019627.41030612 4.62983956781463 40000
3271799.76357143 4.37684634693877 40000
3542273.55204082 4.37684634693877 40000
3832370.67265306 4.22913006186224 40000
4143517.86244898 4.22913006186224 40000
4477237.58204082 4.18370884736395 40000
4835175.36520408 4.18370884736395 40000
5219086.14408163 4.21914936011905 40000
5630847.92397959 4.21914936011905 40000
6072493.69122449 4.31214746875 40000
6546179.50530612 4.31214746875 40000
7054234.63979592 4.45214319196429 40000
7599157.02408163 4.45214319196429 40000
8183617.80163265 4.65033276892007 40000
8810484.12132653 4.65033276892007 40000
9482837.3705102 4.93061860331633 40000
10203973.175 4.93061860331633 40000
10977433.3069388 5.30740671279762 40000
11807019.3595918 5.30740671279762 40000
12696792.7473469 5.76402144345238 40000
13651133.9631633 5.76402144345238 40000
14674715.2289796 6.22328566581633 40000
15772568.8696939 6.22328566581633 40000
16950082.754898 6.52891735459184 40000
18213032.2067347 6.52891735459184 40000
19567621.0242857 6.40336563456633 40000
21020499.7166327 6.40336563456633 40000
22578797.4107143 6.40336563456633 40000
24250158.317449 6.40336563456633 40000
0 7261429.52878413 50000
33212.3535714286 7261429.52878413 50000
68828.0821428572 7261429.52878413 50000
107034.877857143 7261429.52878413 50000
148006.699285714 2054.78652393006 50000
191958.705714286 2054.78652393006 50000
239092.322857143 307.867359080357 50000
289645.599285714 307.867359080357 50000
343870.317142857 108.41340416369 50000
402027.414285714 108.41340416369 50000
464405.295714286 44.989701733631 50000
531306.1 44.989701733631 50000
603059.432857143 24.3018407589286 50000
680017.789285714 24.3018407589286 50000
762561.131428572 15.0481221815476 50000
851092.310714286 15.0481221815476 50000
946046.223571429 10.4897686175595 50000
1047885.23357143 10.4897686175595 50000
1157117.48285714 8.22992851339286 50000
1274269.425 8.22992851339286 50000
1399922.44785714 6.97937238839286 50000
1534689.98428571 6.97937238839286 50000
1679235.82357143 6.10254107589286 50000
1834269.53357143 6.10254107589286 50000
2000546.46071429 5.42146084226191 50000
2178886.04142857 5.42146084226191 50000
2370167.22428571 4.94561166666667 50000
2575323.89214286 4.94561166666667 50000
2795358.59571429 4.65216148660714 50000
3031360.865 4.65216148660714 50000
3284484.32 4.48072073660714 50000
3555969.56 4.48072073660714 50000
3847148.74142857 4.37275006845238 50000
4159454.73357143 4.37275006845238 50000
4494411.96285714 4.30280422619048 50000
4853673.03571429 4.30280422619048 50000
5238995.84928571 4.28027735416667 50000
5652275.63642857 4.28027735416667 50000
6095531.23214286 4.31975183482143 50000
6570946.27428572 4.31975183482143 50000
7080850.89214286 4.42681646875 50000
7627744.59571429 4.42681646875 50000
8214314.58714286 4.59973548511905 50000
8843435.76071429 4.59973548511905 50000
9518198.17 4.83219525595238 50000
10241911.6057143 4.83219525595238 50000
11018128.485 5.1123791875 50000
11850657.585 5.1123791875 50000
12743577.7764286 5.42252900892857 50000
13701279.2242857 5.42252900892857 50000
14728458.81 5.74992209226191 50000
15830152.1764286 5.74992209226191 50000
17011770.3507143 6.06349576934524 50000
18279108.9 6.06349576934524 50000
19638389.1321429 6.14783325 50000
21096280.985 6.14783325 50000
22659930.4935714 6.14783325 50000
24337019.3021429 6.14783325 50000
0 1350346.73999246 60000
33188.26 1350346.73999246 60000
68783.7214285714 1350346.73999246 60000
106960.288571429 1350346.73999246 60000
147905.595 702.605768791667 60000
191821.003571429 702.605768791667 60000
238921.606428571 540.411839190476 60000
289436.225 540.411839190476 60000
343616.562857143 119.636871769345 60000
401723.476428571 119.636871769345 60000
464045.280714286 42.6164179241071 60000
530884.02 42.6164179241071 60000
602573.773571429 25.7553009880952 60000
679462.35 25.7553009880952 60000
761925.016428571 16.9034870372024 60000
850369.075 16.9034870372024 60000
945224.71 11.5870213630952 60000
1046963.29357143 11.5870213630952 60000
1156079.08 8.6285223735119 60000
1273107.51142857 8.6285223735119 60000
1398620.64142857 6.94535008184524 60000
1533240.86428571 6.94535008184524 60000
1677618.03285714 5.935284625 60000
1832470.64642857 5.935284625 60000
1998549.23928571 5.30743676190476 60000
2176677.56857143 5.30743676190476 60000
2367716.00285714 4.89015228422619 60000
2572616.43928571 4.89015228422619 60000
2792371.96285714 4.58436104761905 60000
3028062.61071429 4.58436104761905 60000
3280850.79571429 4.35875265327381 60000
3551967.57714286 4.35875265327381 60000
3842749.27214286 4.21834210416667 60000
4154614.57357143 4.21834210416667 60000
4489101.16142857 4.17595293452381 60000
4847838.24428571 4.17595293452381 60000
5232596.9 4.23390196130952 60000
5645258.04071429 4.23390196130952 60000
6087844.44785714 4.3720719672619 60000
6562525.34857143 4.3720719672619 60000
7071634.72142857 4.56248953273809 60000
7617662.14357143 4.56248953273809 60000
8203289.40214286 4.79215950744048 60000
8831385.91785714 4.79215950744048 60000
9505031.62714286 5.0558285327381 60000
10227530.7114286 5.0558285327381 60000
11002425.3264286 5.33400865029762 60000
11833518.4842857 5.33400865029762 60000
12724878.63 5.57027630952381 60000
13680885.4057143 5.57027630952381 60000
14706220.4978571 5.70280205357143 60000
15805913.4014286 5.70280205357143 60000
16985355.1492857 5.74848053125 60000
18250334.9235714 5.74848053125 60000
19607049.2085714 5.85385279910714 60000
21062152.1314286 5.85385279910714 60000
22622782.9207143 5.85385279910714 60000
24296588.7885714 5.85385279910714 60000
0 7348666.00388609 70000
33881.5637755102 7348666.00388609 70000
70211.0412244898 7348666.00388609 70000
109166.632959184 7348666.00388609 70000
150931.229081633 1919.51152787054 70000
195720.546122449 1919.51152787054 70000
243740.921632653 403.623097125 70000
295231.519591837 403.623097125 70000
350445.57244898 127.181044226403 70000
409645.691632653 127.181044226403 70000
473122.625510204 46.8402751728316 70000
541185.880408163 46.8402751728316 70000
614168.410102041 26.4451467130102 70000
692421.926326531 26.4451467130102 70000
776330.967244898 16.8984983214286 70000
866303.518469388 16.8984983214286 70000
962775.70255102 11.5040218928571 70000
1066216.46846939 11.5040218928571 70000
1177132.28112245 8.56821565497449 70000
1296057.74234694 8.56821565497449 70000
1423579.03836735 6.9557834375 70000
1560315.18183673 6.9557834375 70000
1706927.39081633 6.01702573852041 70000
1864133.1572449 6.01702573852041 70000
2032696.86795918 5.41476824170918 70000
2213439.18367347 5.41476824170918 70000
2407241.72846939 4.99702262882653 70000
2615047.08979592 4.99702262882653 70000
2837863.50795918 4.70151638329082 70000
3076778.94459184 4.70151638329082 70000
3332956.39316326 4.49955568941326 70000
3607638.56846939 4.49955568941326 70000
3902171.35408163 4.36815227742347 70000
4217980.35489796 4.36815227742347 70000
4556608.41306122 4.28981825829082 70000
4919706.22897959 4.28981825829082 70000
5309032.36132653 4.26834430293367 70000
5726490.74295918 4.26834430293367 70000
6174107.23346939 4.32827207461735 70000
6654062.44561224 4.32827207461735 70000
7168696.43479592 4.48621995280612 70000
7720513.38857143 4.48621995280612 70000
8312195.69510204 4.72422132971939 70000
8946632.08010204 4.72422132971939 70000
9626903.53836735 4.99507844451531 70000
10356320.8496939 4.99507844451531 70000
11138443.3368367 5.24732414668367 70000
11977069.4865306 5.24732414668367 70000
12876288.5338775 5.45173705293367 70000
13840475.7728571 5.45173705293367 70000
14874325.3827551 5.64536413265306 70000
15982869.1861224 5.64536413265306 70000
17171504.7857143 5.97602201211735 70000
18446014.322449 5.97602201211735 70000
19812611.3703061 6.92503797002551 70000
21277945.6258163 6.92503797002551 70000
22849149.8029592 6.92503797002551 70000
24533867.770102 6.92503797002551 70000
0 7707981.83862936 80000
34159.4431632653 7707981.83862936 80000
70786.2466326531 7707981.83862936 80000
110050.899795918 7707981.83862936 80000
152147.571122449 102520.806052522 80000
197284.636530612 102520.806052522 80000
245675.207755102 843.091580279549 80000
297556.075612245 843.091580279549 80000
353182.974183674 107.790080279337 80000
412816.373367347 107.790080279337 80000
476754.629591837 48.5376479202806 80000
545305.570918367 48.5376479202806 80000
618800.704489796 27.2433951279762 80000
697595.216530612 27.2433951279762 80000
782072.708163265 16.548451786352 80000
872645.195408163 16.548451786352 80000
969753.109183674 11.3557377134354 80000
1073860.5594898 11.3557377134354 80000
1185483.75030612 8.64765980994898 80000
1305153.09306122 8.64765980994898 80000
1433460.56479592 7.11312705846088 80000
1571017.08581633 7.11312705846088 80000
1718499.87785714 6.14305428167517 80000
1876614.57755102 6.14305428167517 80000
2046142.59459184 5.46292199319728 80000
2227893.75357143 5.46292199319728 80000
2422758.38795918 4.98300620620748 80000
2631674.18938776 4.98300620620748 80000
2855664.09418367 4.65584022831633 80000
3095807.86846939 4.65584022831633 80000
3353275.25887755 4.44199838860544 80000
3629316.52091837 4.44199838860544 80000
3925262.41897959 4.32313926509354 80000
4242562.11285714 4.32313926509354 80000
4582745.27122449 4.28261843664966 80000
4947469.42979592 4.28261843664966 80000
5338501.04806122 4.29933192176871 80000
5757739.18836735 4.29933192176871 80000
6207215.51591837 4.37104994026361 80000
6689113.24204082 4.37104994026361 80000
7205771.86 4.51654803061225 80000
7759701.35244898 4.51654803061225 80000
8353582.19142857 4.74261419621599 80000
8990303.22489796 4.74261419621599 80000
9672952.20510204 5.03132139902211 80000
10404844.2034694 5.03132139902211 80000
11189526.3464286 5.33767938392857 80000
12030806.2303061 5.33767938392857 80000
12932770.8645918 5.5699711747449 80000
13899800.8793878 5.5699711747449 80000
14936579.9970408 5.644737875 80000
16048147.1261225 5.644737875 80000
17239891.6256122 5.59990548044218 80000
18517595.9272449 5.59990548044218 80000
19887468.6862245 5.57087887287415 80000
21356149.5170408 5.57087887287415 80000
22930775.294898 5.57087887287415 80000
24618975.419898 5.57087887287415 80000
0 13871879.7203368 90000
34487.5983673469 13871879.7203368 90000
71457.1132653061 13871879.7203368 90000
111081.366734694 13871879.7203368 90000
153547.582653061 28156.7534145982 90000
199071.788571429 28156.7534145982 90000
247860.410816327 1132.66223379847 90000
300158.280612245 1132.66223379847 90000
356210.229183673 175.406980485969 90000
416289.891428571 175.406980485969 90000
480690.104693877 54.2355769209184 90000
549713.30755102 54.2355769209184 90000
623695.542857143 27.8647637257653 90000
702992.055918367 27.8647637257653 90000
787986.895714286 17.6980671186224 90000
879088.114285714 17.6980671186224 90000
976737.367959184 12.0267438278061 90000
1081395.5155102 12.0267438278061 90000
1193576.22244898 8.89568450892857 90000
1313817.15734694 8.89568450892857 90000
1442699.19428571 7.15812290943877 90000
1580836.81163265 7.15812290943877 90000
1728897.2944898 6.06870397066326 90000
1887595.93408163 6.06870397066326 90000
2057696.0277551 5.33744070918367 90000
2240018.48020408 5.33744070918367 90000
2435437.00285714 4.85097866836735 90000
2644897.31632653 4.85097866836735 90000
2869407.54918367 4.56274190816326 90000
3110043.03857143 4.56274190816326 90000
3367970.33326531 4.43009499107143 90000
3644427.99122449 4.43009499107143 90000
3940745.78204082 4.38616938903061 90000
4258349.48755102 4.38616938903061 90000
4598775.30367347 4.37121748214286 90000
4963655.43857143 4.37121748214286 90000
5354751.71693878 4.36699694387755 90000
5773945.97877551 4.36699694387755 90000
6223259.28183673 4.39845095535714 90000
6704847.10102041 4.39845095535714 90000
7221037.7332653 4.49696351913265 90000
7774313.09510204 4.49696351913265 90000
8367337.52632653 4.66965554336735 90000
9002962.59061224 4.66965554336735 90000
9684255.87918367 4.90127508290816 90000
10414501.0108163 4.90127508290816 90000
11197202.432449 5.16768905994898 90000
12036138.2259184 5.16768905994898 90000
12935345.7061224 5.43320292219388 90000
13899159.8259184 5.43320292219388 90000
14932213.1761224 5.6453299757653 90000
16039483.9916327 5.6453299757653 90000
17226305.7526531 5.76696548852041 90000
18498395.9883673 5.76696548852041 90000
19861875.4793877 5.82824330357143 90000
21323311.4632653 5.82824330357143 90000
22889746.4381633 5.82824330357143 90000
24568717.3653061 5.82824330357143 90000
0 1458.34805802572 hpsmc
8434.03928571429 1458.34805802572 hpsmc
17495.9647959184 1458.34805802572 hpsmc
27234.4235714286 1458.34805802572 hpsmc
37698.0626530612 405.272512794855 hpsmc
48942.3170408163 405.272512794855 hpsmc
61024.8843877551 171.572383261692 hpsmc
74006.8563265306 171.572383261692 hpsmc
87958.3751020408 23.408866477466 hpsmc
102948.451632653 23.408866477466 hpsmc
119057.410102041 7.2537121747449 hpsmc
136365.574693878 7.2537121747449 hpsmc
154965.714183673 4.23799396534864 hpsmc
174951.728673469 4.23799396534864 hpsmc
196427.700204082 3.25980426530612 hpsmc
219504.49877551 3.25980426530612 hpsmc
244300.913673469 2.73140171067177 hpsmc
270947.04744898 2.73140171067177 hpsmc
299578.659285714 2.31294288244048 hpsmc
330346.215612245 2.31294288244048 hpsmc
363405.839489796 1.94861095790816 hpsmc
398930.623877551 1.94861095790816 hpsmc
437102.712346939 1.64627337032313 hpsmc
478121.218367347 1.64627337032313 hpsmc
522197.7 1.41039414562075 hpsmc
569560.685204082 1.41039414562075 hpsmc
620453.409183673 1.2384395837585 hpsmc
675139.471020408 1.2384395837585 hpsmc
733902.833673469 1.12497460352891 hpsmc
797047.823979592 1.12497460352891 hpsmc
864899.132653061 1.06299912202381 hpsmc
937808.602244898 1.06299912202381 hpsmc
1016152.9644898 1.04598915625 hpsmc
1100338.36561224 1.04598915625 hpsmc
1190799.235 1.0699968480017 hpsmc
1288003.94183673 1.0699968480017 hpsmc
1392454.79510204 1.13473229485544 hpsmc
1504691.43755102 1.13473229485544 hpsmc
1625296.50234694 1.24390530505952 hpsmc
1754891.0877551 1.24390530505952 hpsmc
1894147.20173469 1.4067479744898 hpsmc
2043784.36795918 1.4067479744898 hpsmc
2204576.41377551 1.64139452465986 hpsmc
2377354.86418367 1.64139452465986 hpsmc
2563013.46714286 1.97622475297619 hpsmc
2762512.71887755 1.97622475297619 hpsmc
2976884.38918367 2.44642527147109 hpsmc
3207236.04673469 2.44642527147109 hpsmc
3454760.10969388 3.08373921704932 hpsmc
3720737.23969388 3.08373921704932 hpsmc
4006540.86714286 3.89398349362245 hpsmc
4313650.76714286 3.89398349362245 hpsmc
4643655.32214286 4.83655054953231 hpsmc
4998260.57255102 4.83655054953231 hpsmc
5379300.39867347 6.00742165625 hpsmc
5788746.70265306 6.00742165625 hpsmc
6228715.06510204 6.00742165625 hpsmc
6701481.715 6.00742165625 hpsmc
