0 3374127.19074709 100000
7731.98755102041 3374127.19074709 100000
15952.7859183673 3374127.19074709 100000
24696.5265306122 3374127.19074709 100000
33994.9028571429 6035240.50495101 100000
43882.0463265306 6035240.50495101 100000
54396.9642857143 3115881.74306993 100000
65578.6640816327 3115881.74306993 100000
77469.81 173186.533281199 100000
90114.2853061225 173186.533281199 100000
103562.068163265 3462.58464145281 100000
117861.917755102 3462.58464145281 100000
133068.688163265 216.500992082908 100000
149239.671428571 216.500992082908 100000
166437.035510204 31.5263320484694 100000
184725.386326531 31.5263320484694 100000
204172.986734694 7.5633264872449 100000
224854.194489796 7.5633264872449 100000
246847.024285714 2.71041382015306 100000
270234.366734694 2.71041382015306 100000
295106.426326531 1.42352690688776 100000
321554.626530612 1.42352690688776 100000
349681.361632653 0.989527 100000
379591.463877551 0.989527 100000
411399.517346939 0.812259432397959 100000
445223.763061224 0.812259432397959 100000
481193.412857143 0.730630971938776 100000
519446.211428571 0.730630971938776 100000
560123.560408163 0.689503108418367 100000
603381.489183674 0.689503108418367 100000
649382.122040816 0.669422959183674 100000
698300.992040816 0.669422959183674 100000
750323.384081633 0.662713492346939 100000
805644.334897959 0.662713492346939 100000
864474.727959184 0.665113358418367 100000
927036.41755102 0.665113358418367 100000
993565.885714286 0.674621399234694 100000
1064315.46122449 0.674621399234694 100000
1139552.10061225 0.691161428571429 100000
1219559.82612245 0.691161428571429 100000
1304643.38265306 0.71474106505102 100000
1395122.14285714 0.71474106505102 100000
1491341.07795918 0.743707067602041 100000
1593662.22489796 0.743707067602041 100000
1702473.21918367 0.775850035714286 100000
1818184.85693878 0.775850035714286 100000
1941235.97081633 0.811147113520408 100000
2072092.21102041 0.811147113520408 100000
2211247.26428571 0.855233542091837 100000
2359228.94877551 0.855233542091837 100000
2516596.77612245 0.921764432397959 100000
2683945.60836735 0.921764432397959 100000
2861908.09591837 1.02153283290816 100000
3051158.3344898 1.02153283290816 100000
3252413.08408163 1.14420789158163 100000
3466430.55 1.14420789158163 100000
3694023.79163265 1.14420789158163 100000
3936052.18959184 1.14420789158163 100000
0 1157055.23091837 10000
4550.86051020408 1157055.23091837 10000
9433.07918367347 1157055.23091837 10000
14670.4137755102 1157055.23091837 10000
20289.1228571429 8092.44422967432 10000
26317.3406122449 8092.44422967432 10000
32783.8264285714 55.1594155146684 10000
39721.0909183673 55.1594155146684 10000
47162.8951020408 6.09588307185374 10000
55146.7512244898 6.09588307185374 10000
63712.0471428571 5.11417720280612 10000
72900.6715306122 5.11417720280612 10000
82758.2642857143 3.79197737585034 10000
93332.966122449 3.79197737585034 10000
104677.919387755 2.26102581356293 10000
116848.142040816 2.26102581356293 10000
129904.278877551 1.54736447193878 10000
143911.351122449 1.54736447193878 10000
158937.506020408 1.19088743218537 10000
175057.142857143 1.19088743218537 10000
192350.912959184 0.967739070365646 10000
210903.218877551 0.967739070365646 10000
230805.965612245 0.824870820153061 10000
252157.310204082 0.824870820153061 10000
275062.912142857 0.735038111181973 10000
299635.308163265 0.735038111181973 10000
325997.038265306 0.67704131505102 10000
354277.519693878 0.67704131505102 10000
384616.172959184 0.632715648171769 10000
417163.672244898 0.632715648171769 10000
452080.069795918 0.594614669430272 10000
489538.547142857 0.594614669430272 10000
529722.914285714 0.568376938137755 10000
572832.61132653 0.568376938137755 10000
619080.832857143 0.557297800807823 10000
668694.527959184 0.557297800807823 10000
721920.027040816 0.557374648809524 10000
779019.915816326 0.557374648809524 10000
840276.161326531 0.56598944005102 10000
905991.362346939 0.56598944005102 10000
976489.999795918 0.59119428210034 10000
1052120.31234694 0.59119428210034 10000
1133255.54683673 0.647923737457483 10000
1220296.45908163 0.647923737457483 10000
1313673.81469388 0.743574751913265 10000
1413847.76387755 0.743574751913265 10000
1521313.46826531 0.86563412627551 10000
1636601.72612245 0.86563412627551 10000
1760281.47316327 0.976923057823129 10000
1892964.78418367 0.976923057823129 10000
2035305.62265306 1.03779188520408 10000
2188007.34316326 1.03779188520408 10000
2351824.56704082 1.01948643069728 10000
2527566.30836735 1.01948643069728 10000
2716100.35040816 0.868300361181973 10000
2918357.62204082 0.868300361181973 10000
3135337.19938775 0.868300361181973 10000
3368111.30744898 0.868300361181973 10000
0 2887461.83665453 110000
7957.74387755102 2887461.83665453 110000
16422.3663265306 2887461.83665453 110000
25426.3275510204 2887461.83665453 110000
35004.5846938775 5929171.16629027 110000
45192.0948979592 5929171.16629027 110000
56030.0576530612 5089360.42302101 110000
67559.6724489796 5089360.42302101 110000
79822.1387755102 409108.806411682 110000
92867.3954081633 409108.806411682 110000
106744.132653061 12279.1120154199 110000
121504.78622449 12279.1120154199 110000
137206.785714286 734.057351765519 110000
153910.057653061 734.057351765519 110000
171677.025510204 64.862466178784 110000
190576.355102041 64.862466178784 110000
210680.457653061 10.2763023873299 110000
232066.738265306 10.2763023873299 110000
254815.098979592 3.00662640306122 110000
279014.181122449 3.00662640306122 110000
304755.122959184 1.43757868728741 110000
332136.553571429 1.43757868728741 110000
361263.344387755 0.968682196003401 110000
392246.609183673 0.968682196003401 110000
425204.95255102 0.797511840986394 110000
460264.469897959 0.797511840986394 110000
497557.498979592 0.724333328018707 110000
537227.61377551 0.724333328018707 110000
579427.12755102 0.693288055909864 110000
624315.844387755 0.693288055909864 110000
672064.804591837 0.687623126062925 110000
722857.533163265 0.687623126062925 110000
776888.791326531 0.697852772108843 110000
834363.328061224 0.697852772108843 110000
895500.873979592 0.716057016369048 110000
960534.892857143 0.716057016369048 110000
1029713.83010204 0.735819246386054 110000
1103302.36122449 0.735819246386054 110000
1181581.39183673 0.752873858418367 110000
1264850.55459184 0.752873858418367 110000
1353425.7122449 0.766193466198979 110000
1447646.44846939 0.766193466198979 110000
1547873.57091837 0.777258026147959 110000
1654487.8627551 0.777258026147959 110000
1767898.82193878 0.790559427083333 110000
1888537.17040816 0.790559427083333 110000
2016864.84183673 0.807416364795918 110000
2153371.23622449 0.807416364795918 110000
2298579.4622449 0.816436556122449 110000
2453042.59183673 0.816436556122449 110000
2617349.90255102 0.810311253188776 110000
2792130.62295918 0.810311253188776 110000
2978051.43571428 0.803884236819728 110000
3175821.47142857 0.803884236819728 110000
3386197.30255102 0.815086648596939 110000
3609981.69489796 0.815086648596939 110000
3848029.85 0.815086648596939 110000
4101250.65357143 0.815086648596939 110000
0 2128808.97421987 120000
7999.29714285714 2128808.97421987 120000
16512.5853061224 2128808.97421987 120000
25571.0532653061 2128808.97421987 120000
35210.88 10381415.3620783 120000
45468.2444897959 10381415.3620783 120000
56383.0683673469 7379897.36854249 120000
67999.0159183673 7379897.36854249 120000
80358.503877551 7835526.09880738 120000
93511.4342857143 7835526.09880738 120000
107507.709183673 361925.46341416 120000
122400.973265306 361925.46341416 120000
138249.861428571 3359.35831089753 120000
155114.256122449 3359.35831089753 120000
173060.27755102 114.418798760204 120000
192157.788571429 114.418798760204 120000
212479.147142857 12.8511400191327 120000
234104.196530612 12.8511400191327 120000
257115.275102041 3.42643266539116 120000
281602.206530612 3.42643266539116 120000
307659.804693878 1.56608718282313 120000
335386.626122449 1.56608718282313 120000
364893.702857143 0.99808500042517 120000
396290.819387755 0.99808500042517 120000
429702.730816327 0.788678363520408 120000
465256.687346939 0.788678363520408 120000
503089.919591837 0.706865007227891 120000
543349.638571429 0.706865007227891 120000
586190.540612245 0.677095321003401 120000
631779.79755102 0.677095321003401 120000
680290.818979592 0.673693145408163 120000
731913.232653061 0.673693145408163 120000
786846.646734694 0.684141385204082 120000
845301.897346939 0.684141385204082 120000
907504.79122449 0.701227636054422 120000
973697.353265306 0.701227636054422 120000
1044134.08387755 0.726883002976191 120000
1119088.19673469 0.726883002976191 120000
1198847.87612245 0.769936508503401 120000
1283721.26714286 0.769936508503401 120000
1374038.97081633 0.836033321003401 120000
1470146.55877551 0.836033321003401 120000
1572417.04877551 0.917079953231293 120000
1681245.9144898 0.917079953231293 120000
1797053.58061225 0.988024021258503 120000
1920286.67040816 0.988024021258503 120000
2051422.99591837 1.02048373937075 120000
2190966.5677551 1.02048373937075 120000
2339458.82306122 0.998079802295918 120000
2497473.63530612 0.998079802295918 120000
2665621.05693878 0.921662104166667 120000
2844549.8144898 0.921662104166667 120000
3034952.29877551 0.818476639455782 120000
3237564.56489796 0.818476639455782 120000
3453167.57979592 0.705778598214286 120000
3682597.20265306 0.705778598214286 120000
3926739.19469388 0.705778598214286 120000
4186535.45693878 0.705778598214286 120000
0 3562578.38429275 130000
8520.92734693878 3562578.38429275 130000
17574.4126530612 3562578.38429275 130000
27194.5069387755 3562578.38429275 130000
37416.6232653061 3417057.48823414 130000
48278.8987755102 3417057.48823414 130000
59819.4706122449 3477851.8285934 130000
72083.286122449 3477851.8285934 130000
85112.5685714286 750930.318818643 130000
98959.0755102041 750930.318818643 130000
113670.478367347 8753.40013579677 130000
129302.620816327 8753.40013579677 130000
145912.708571429 414.61685575085 130000
163560.671428571 414.61685575085 130000
182314.611428571 47.5119222414966 130000
202239.906530612 47.5119222414966 130000
223412.831020408 10.0475651207483 130000
245911.02122449 10.0475651207483 130000
269814.83755102 3.46594553911565 130000
295215.536734694 3.46594553911565 130000
322204.375510204 1.71178168452381 130000
350882.144897959 1.71178168452381 130000
381353.722040816 1.09429480527211 130000
413732.156326531 1.09429480527211 130000
448135.945306122 0.843684970238095 130000
484691.75877551 0.843684970238095 130000
523534.43877551 0.737959389455782 130000
564806.999591837 0.737959389455782 130000
608661.989795918 0.700628120748299 130000
655260.130204082 0.700628120748299 130000
704774.4 0.699870485544218 130000
757384.588571429 0.699870485544218 130000
813286.829795918 0.715834738945578 130000
872686.791836735 0.715834738945578 130000
935802.40122449 0.732213279761905 130000
1002865.20489796 0.732213279761905 130000
1074125.81836735 0.74075724829932 130000
1149843.02938776 0.74075724829932 130000
1230296.05632653 0.745637894557823 130000
1315783.18612245 0.745637894557823 130000
1406619.05020408 0.758824152210884 130000
1503137.34857143 0.758824152210884 130000
1605692.21183673 0.790670369047619 130000
1714665.01142857 0.790670369047619 130000
1830453.46326531 0.841409227040816 130000
1953486.61020408 0.841409227040816 130000
2084215.2877551 0.891946616496598 130000
2223123.02040816 0.891946616496598 130000
2370720.57346939 0.905033558673469 130000
2527552.76326531 0.905033558673469 130000
2694194.37102041 0.853094402210884 130000
2871262.40122449 0.853094402210884 130000
3059406.54734694 0.752070699829932 130000
3259321.45020408 0.752070699829932 130000
3471743.97387755 0.628979098639456 130000
3697454.5677551 0.628979098639456 130000
3937284.07673469 0.628979098639456 130000
4192119.18938775 0.628979098639456 130000
0 2820587.3367652 140000
8880.57275510204 2820587.3367652 140000
18310.8746938775 2820587.3367652 140000
28321.1265306122 2820587.3367652 140000
38950.1834693878 7763209.62347795 140000
50235.4616326531 7763209.62347795 140000
62215.8162244898 5610481.76405575 140000
74937.2978571429 5610481.76405575 140000
88443.0789795918 3897870.14952946 140000
102782.088367347 3897870.14952946 140000
118006.132959184 43648.4128774745 140000
134169.897857143 43648.4128774745 140000
151330.946326531 1313.68914938265 140000
169551.158877551 1313.68914938265 140000
188895.294183673 104.478381857143 140000
209433.867244898 104.478381857143 140000
231240.27122449 16.4952033864796 140000
254392.216530612 16.4952033864796 140000
278971.730816327 4.30095629272959 140000
305069.47622449 4.30095629272959 140000
332777.553979592 1.79716111989796 140000
362195.260714286 1.79716111989796 140000
393429.088469388 1.09653823086735 140000
426589.846530612 1.09653823086735 140000
461796.978673469 0.841610915816326 140000
499177.124081633 0.841610915816326 140000
538864.117346939 0.735370714285714 140000
581001.866632653 0.735370714285714 140000
625737.158265306 0.694338899234694 140000
673235.486632653 0.694338899234694 140000
723663.785204082 0.687958970663265 140000
777204.817346939 0.687958970663265 140000
834049.980918367 0.700676854591837 140000
894403.625510204 0.700676854591837 140000
958481.613367347 0.721906306760204 140000
1026514.19755102 0.721906306760204 140000
1098744.58285714 0.747776797193877 140000
1175433.24306122 0.747776797193877 140000
1256853.60367347 0.778432234056122 140000
1343300.67642857 0.778432234056122 140000
1435080.98571429 0.808350141581633 140000
1532525.52030612 0.808350141581633 140000
1635983.97704082 0.82805956377551 140000
1745827.63897959 0.82805956377551 140000
1862450.8144898 0.837365625 140000
1986269.39816327 0.837365625 140000
2117730.94438775 0.843997392857143 140000
2257304.59377551 0.843997392857143 140000
2405491.14673469 0.8485305 140000
2562823.06346939 0.8485305 140000
2729865.90306122 0.836858948341837 140000
2907215.44530612 0.836858948341837 140000
3095512.08153061 0.791111142857143 140000
3295427.86285714 0.791111142857143 140000
3507680.89102041 0.693283572704082 140000
3733033.87928571 0.693283572704082 140000
3972292.71336735 0.693283572704082 140000
4226317.96408163 0.693283572704082 140000
0 3321473.43676395 150000
9282.05928571428 3321473.43676395 150000
19132.7792857143 3321473.43676395 150000
29585.5214285714 3321473.43676395 150000
40679.7128571428 8140969.55508832 150000
52451.7478571429 8140969.55508832 150000
64944.0864285714 8796775.18191026 150000
78202.2214285714 8796775.18191026 150000
92270.1292857143 5188523.40268599 150000
107200.885 5188523.40268599 150000
123044.530714286 296459.004685381 150000
139858.690714286 296459.004685381 150000
157702.505714286 4174.51509273661 150000
176638.149285714 4174.51509273661 150000
196732.344285714 167.596475520833 150000
218056.362857143 167.596475520833 150000
240686.026428571 17.8283916577381 150000
264701.705714286 17.8283916577381 150000
290185.287857143 4.3178818735119 150000
317230.791428571 4.3178818735119 150000
345930.718571429 1.85439943005952 150000
376388.186428571 1.85439943005952 150000
408709.345 1.14314072321429 150000
443009.442857143 1.14314072321429 150000
479408.277857143 0.875980760416667 150000
518036.262857143 0.875980760416667 150000
559028.36 0.759828650297619 150000
602528.63 0.759828650297619 150000
648691.748571428 0.712057991071429 150000
697681.49 0.712057991071429 150000
749669.210714286 0.70211590625 150000
804839.915 0.70211590625 150000
863387.705714286 0.711694680059524 150000
925518.817142857 0.711694680059524 150000
991453.131428571 0.730087694940476 150000
1061422.66214286 0.730087694940476 150000
1135676.10357143 0.750764830357143 150000
1214474.28142857 0.750764830357143 150000
1298096.21857143 0.766826336309524 150000
1386836.10214286 0.766826336309524 150000
1481007.83285714 0.777536113095238 150000
1580943.50857143 0.777536113095238 150000
1686997.97357143 0.792750946428571 150000
1799542.75285714 0.792750946428571 150000
1918976.66714286 0.825499485119047 150000
2045721.28357143 0.825499485119047 150000
2180225.465 0.8859544375 150000
2322960.82071429 0.8859544375 150000
2474433.83785714 0.964890863095238 150000
2635179.81571429 0.964890863095238 150000
2805764.38214286 1.01404842261905 150000
2986789.55928571 1.01404842261905 150000
3178896.79642857 0.982380339285714 150000
3382762.42071429 0.982380339285714 150000
3599106.73571429 0.850002443452381 150000
3828695.53785714 0.850002443452381 150000
4072335.56714286 0.850002443452381 150000
4330889.67142857 0.850002443452381 150000
0 2103064.42133526 160000
9674.83173469387 2103064.42133526 160000
19935.1905102041 2103064.42133526 160000
30813.16 2103064.42133526 160000
42347.2406122449 9124270.73969989 160000
54575.932755102 9124270.73969989 160000
67544.1535714286 11833021.2003644 160000
81293.6118367347 11833021.2003644 160000
95872.4330612245 9312186.83015503 160000
111330.346938776 9312186.83015503 160000
127720.291530612 1807993.03455229 160000
145100.01744898 1807993.03455229 160000
163527.275306122 12253.4831672685 160000
183064.628265306 12253.4831672685 160000
203782.660408163 304.393280550383 160000
225748.74744898 304.393280550383 160000
249039.890204082 25.6829438497024 160000
273736.297857143 25.6829438497024 160000
299922.992142857 5.45951161181973 160000
327688.203163265 5.45951161181973 160000
357128.181938775 2.07758495960884 160000
388343.992040816 2.07758495960884 160000
421441.509591837 1.15803345748299 160000
456536.235816326 1.15803345748299 160000
493748.484489796 0.853729840773809 160000
533204.986122449 0.853729840773809 160000
575040.492142857 0.753779171768707 160000
619399.379081632 0.753779171768707 160000
666432.440204082 0.725338332057823 160000
716304.906428571 0.725338332057823 160000
769183.612857143 0.718537261692177 160000
825253.040612245 0.718537261692177 160000
884702.483367347 0.722470853741496 160000
947738.880816326 0.722470853741496 160000
1014577.19357143 0.741908212585034 160000
1085446.81989796 0.741908212585034 160000
1160589.99153061 0.777875347363945 160000
1240266.58622449 0.777875347363945 160000
1324747.71102041 0.82069034119898 160000
1414325.32734694 0.82069034119898 160000
1509305.83428571 0.853636263392857 160000
1610014.88112245 0.853636263392857 160000
1716797.36734694 0.86022678465136 160000
1830020.65102041 0.86022678465136 160000
1950074.54877551 0.833998381590136 160000
2077368.12744898 0.833998381590136 160000
2212339.32918367 0.786487808460884 160000
2355451.76306122 0.786487808460884 160000
2507194.70510204 0.740908939838435 160000
2668091.11918367 0.740908939838435 160000
2838691.24030612 0.714252754464286 160000
3019582.19969388 0.714252754464286 160000
3211383.2122449 0.703401120323129 160000
3414751.99326531 0.703401120323129 160000
3630386.36265306 0.67883037372449 160000
3859027.45326531 0.67883037372449 160000
4101459.71091837 0.67883037372449 160000
4358512.49857143 0.67883037372449 160000
0 2553965.85261871 170000
10245.2693877551 2553965.85261871 170000
21093.6106122449 2553965.85261871 170000
32581.5208163265 2553965.85261871 170000
44745.4971428571 9300540.84094048 170000
57628.9885714286 9300540.84094048 170000
71270.2302040816 8864636.00693542 170000
85716.1469387755 8864636.00693542 170000
101013.663673469 6228466.7008566 170000
117211.443265306 6228466.7008566 170000
134366.838367347 392345.890187342 170000
152530.249795918 392345.890187342 170000
171767.72 5262.56443182823 170000
192136.601632653 5262.56443182823 170000
213706.413061224 198.68077107483 170000
236548.410612245 198.68077107483 170000
260737.326530612 20.8190927176871 170000
286351.368979592 20.8190927176871 170000
313475.697959184 5.08785016496599 170000
342197.211428571 5.08785016496599 170000
372613.235102041 2.16755734863946 170000
404822.832653061 2.16755734863946 170000
438930.281632653 1.28780603061224 170000
475048.549387755 1.28780603061224 170000
513295.817142857 0.938389336734694 170000
553797.217959184 0.938389336734694 170000
596684.836734694 0.782179392857143 170000
642102.924081633 0.782179392857143 170000
690197.468571428 0.717147132653061 170000
741126.624489796 0.717147132653061 170000
795057.235918367 0.698272171768707 170000
852168.312653061 0.698272171768707 170000
912644.078367347 0.699984785714286 170000
976686.13632653 0.699984785714286 170000
1044503.04163265 0.713120860544218 170000
1116317.25306122 0.713120860544218 170000
1192365.13306122 0.73972249829932 170000
1272895.20979592 0.73972249829932 170000
1358171.65306122 0.780817991496598 170000
1448476.0122449 0.780817991496598 170000
1544102.00244898 0.82695718707483 170000
1645365.9322449 0.82695718707483 170000
1752599.75183673 0.860883598639456 170000
1866152.79102041 0.860883598639456 170000
1986400.44897959 0.872013778911564 170000
2113737.24244898 0.872013778911564 170000
2248578.54367347 0.861057394557823 170000
2391367.5322449 0.861057394557823 170000
2542575.19510204 0.824802841836734 170000
2702695.11265306 0.824802841836734 170000
2872253.88653061 0.757612615646258 170000
3051807.66367347 0.757612615646258 170000
3241945.6122449 0.671739328231292 170000
3443289.92163265 0.671739328231292 170000
3656504.4922449 0.573117386054422 170000
3882286.24571428 0.573117386054422 170000
4121377.29061224 0.573117386054422 170000
4374563.1844898 0.573117386054422 170000
0 3418342.72210942 180000
10634.946122449 3418342.72210942 180000
21884.7881632653 3418342.72210942 180000
33788.0718367347 3418342.72210942 180000
46379.6718367347 9452895.41315412 180000
59701.8048979592 9452895.41315412 180000
73794.8522448979 4524239.99955902 180000
88704.7016326531 4524239.99955902 180000
104479.076326531 1686863.32040425 180000
121167.535102041 1686863.32040425 180000
138821.472244898 67345.763380648 180000
157499.624081633 67345.763380648 180000
177258.891428571 2340.06346671173 180000
198163.517142857 2340.06346671173 180000
220279.579591837 145.947389382653 180000
243676.828163265 145.947389382653 180000
268428.683265306 20.6426181045918 180000
294615.907346939 20.6426181045918 180000
322319.262857143 5.60730394642857 180000
351628.689795918 5.60730394642857 180000
382635.963673469 2.38099324489796 180000
415440.202040816 2.38099324489796 180000
450144.193469388 1.34831990816327 180000
486858.068571429 1.34831990816327 180000
525701.135510204 0.936251691326531 180000
566792.70244898 0.936251691326531 180000
610266.761632653 0.765052125 180000
656259.140816326 0.765052125 180000
704914.845306122 0.706721140306122 180000
756389.893469388 0.706721140306122 180000
810849.48122449 0.703459285714286 180000
868462.475510204 0.703459285714286 180000
929414.262857143 0.724154663265306 180000
993895.736326531 0.724154663265306 180000
1062114.30857143 0.750995176020408 180000
1134286.56979592 0.750995176020408 180000
1210638.2877551 0.772933346938775 180000
1291415.42081633 0.772933346938775 180000
1376871.26938776 0.785407168367347 180000
1467279.3244898 0.785407168367347 180000
1562924.09020408 0.794779742346939 180000
1664112.09673469 0.794779742346939 180000
1771160.88734694 0.814048775510204 180000
1884413.70244898 0.814048775510204 180000
2004226.63102041 0.853168086734694 180000
2130981.45918367 0.853168086734694 180000
2265080.16367347 0.912684505102041 180000
2406948.58285714 0.912684505102041 180000
2557036.41673469 0.971405535714286 180000
2715820.89795918 0.971405535714286 180000
2883803.12081633 0.978766696428571 180000
3061519.05428571 0.978766696428571 180000
3249532.2 0.901174326530612 180000
3448437.26326531 0.901174326530612 180000
3658865.65959184 0.751637604591837 180000
3881487.35020408 0.751637604591837 180000
4117007.17102041 0.751637604591837 180000
4366172.17469388 0.751637604591837 180000
0 4140033.50372081 190000
10884.8883673469 4140033.50372081 190000
22396.9518367347 4140033.50372081 190000
34572.0829591837 4140033.50372081 190000
47448.0633673469 8840690.24736182 190000
61068.3419387755 8840690.24736182 190000
75470.7003061225 6929776.9995047 190000
90704.2545918367 6929776.9995047 190000
106816.231836735 7636986.59050657 190000
123855.748163265 7636986.59050657 190000
141875.697857143 741955.763400549 190000
160936.531530612 741955.763400549 190000
181093.03255102 10659.7512942054 190000
202413.207857143 10659.7512942054 190000
224961.28622449 374.735690915816 190000
248807.163673469 374.735690915816 190000
274028.29255102 32.2947281460459 190000
300704.014285714 32.2947281460459 190000
328913.670306122 6.54875729272959 190000
358751.714693878 6.54875729272959 190000
390306.934285714 2.47835309885204 190000
423681.339489796 2.47835309885204 190000
458978.829795918 1.35434165625 190000
496308.971938776 1.35434165625 190000
535790.778061225 0.934347646683674 190000
577547.038469388 0.934347646683674 190000
621709.988877551 0.767738517857143 190000
668417.532244898 0.767738517857143 190000
717817.016938776 0.714061050382653 190000
770061.458571429 0.714061050382653 190000
825317.096326531 0.711034584183673 190000
883755.836632653 0.711034584183673 190000
945562.809489796 0.728055996811224 190000
1010930.70122449 0.728055996811224 190000
1080065.42173469 0.753046972576531 190000
1153182.32632653 0.753046972576531 190000
1230513.77204082 0.780592144132653 190000
1312299.6722449 0.780592144132653 190000
1398798.83112245 0.805807448341837 190000
1490281.38734694 0.805807448341837 190000
1587034.48132653 0.824265350127551 190000
1689364.14428571 0.824265350127551 190000
1797589.63102041 0.831125077806123 190000
1912050.97622449 0.831125077806123 190000
2033107.10540816 0.82016446875 190000
2161137.72397959 0.82016446875 190000
2296547.09540816 0.787089797831633 190000
2439756.48489796 0.787089797831633 190000
2591219.27204082 0.736840226403061 190000
2751409.61632653 0.736840226403061 190000
2920828.12438776 0.680018225127551 190000
3100011.29540816 0.680018225127551 190000
3289516.40846939 0.622542916454082 190000
3489942.30244898 0.622542916454082 190000
3701916.15244898 0.555822914540816 190000
3926102.91520408 0.555822914540816 190000
4163207.21816326 0.555822914540816 190000
4413975.24857143 0.555822914540816 190000
0 4483909.96891979 200000
11126.5 4483909.96891979 200000
22895.95 4483909.96891979 200000
35344.925 4483909.96891979 200000
48515.775 5484266.9559001 200000
62445.075 5484266.9559001 200000
77180.95 7587408.80829823 200000
92769.6 7587408.80829823 200000
109257.225 4480040.70902208 200000
126699.65 4480040.70902208 200000
145148.85 545123.050864219 200000
164664.5 545123.050864219 200000
185308.2 7938.91139708333 200000
207145.4 7938.91139708333 200000
230245.4 309.980135208333 200000
254679.425 309.980135208333 200000
280526.4 31.4055809375 200000
307867.175 31.4055809375 200000
336788.375 6.99741510416667 200000
367382.4 6.99741510416667 200000
399743.575 2.66712359375 200000
433973.925 2.66712359375 200000
470185.1 1.422815625 200000
508486.825 1.422815625 200000
549004.225 0.958533697916667 200000
591862.425 0.958533697916667 200000
637198.1 0.774050520833333 200000
685155.625 0.774050520833333 200000
735883.225 0.7110709375 200000
789544.525 0.7110709375 200000
846305.075 0.704726458333333 200000
906347.75 0.704726458333333 200000
969861.2 0.726667447916667 200000
1037045.625 0.726667447916667 200000
1108112.775 0.762003229166667 200000
1183287.875 0.762003229166667 200000
1262807.7 0.800611510416667 200000
1346924.425 0.800611510416667 200000
1435903.7 0.840735729166667 200000
1530024.65 0.840735729166667 200000
1629585.65 0.888042604166667 200000
1734900.475 0.888042604166667 200000
1846304.075 0.939548385416667 200000
1964146.8 0.939548385416667 200000
2088800.175 0.971170520833333 200000
2220658.825 0.971170520833333 200000
2360138.55 0.9625721875 200000
2507680.175 0.9625721875 200000
2663751.475 0.937061927083333 200000
2828841.4 0.937061927083333 200000
3003473.55 0.945395572916667 200000
3188200.4 0.945395572916667 200000
3383603.3 1.02729630208333 200000
3590302.1 1.02729630208333 200000
3808947.45 1.2859240625 200000
4040228.5 1.2859240625 200000
4284880.6 1.2859240625 200000
4543671.825 1.2859240625 200000
0 32.6778497295918 20000
4926.27918367347 32.6778497295918 20000
10202.5542857143 32.6778497295918 20000
15853.7755102041 32.6778497295918 20000
21906.972244898 67.0183937653061 20000
28390.56 67.0183937653061 20000
35335.0334693878 217.401730556122 20000
42772.9665306122 217.401730556122 20000
50739.012244898 79.313396627551 20000
59271.9820408163 79.313396627551 20000
68411.3804081633 17.5810385765306 20000
78200.1771428571 17.5810385765306 20000
88684.8073469388 6.09373070918367 20000
99915.1714285714 6.09373070918367 20000
111943.248979592 3.02320669897959 20000
124826.564081633 3.02320669897959 20000
138625.413061225 1.81041164285714 20000
153404.943673469 1.81041164285714 20000
169235.155102041 1.25674235714286 20000
186190.204897959 1.25674235714286 20000
204351.18122449 0.991585795918367 20000
223802.63755102 0.991585795918367 20000
244636.751020408 0.837990433673469 20000
266951.243265306 0.837990433673469 20000
290852.845714286 0.728804413265306 20000
316452.448163265 0.728804413265306 20000
343872.029387755 0.649090821428571 20000
373240.49877551 0.649090821428571 20000
404696.468571429 0.599402663265306 20000
438388.946938775 0.599402663265306 20000
474475.25877551 0.580854612244898 20000
513127.283265306 0.580854612244898 20000
554526.60244898 0.585797005102041 20000
598867.966530612 0.585797005102041 20000
646362.066122449 0.597004382653061 20000
697231.373877551 0.597004382653061 20000
751716.382040816 0.604090933673469 20000
810074.216326531 0.604090933673469 20000
872580.715102041 0.613181586734694 20000
939529.043265306 0.613181586734694 20000
1011237.31591837 0.631618459183673 20000
1088041.6677551 0.631618459183673 20000
1170305.26285714 0.651889056122449 20000
1258416.90857143 0.651889056122449 20000
1352790.36244898 0.663249484693878 20000
1453872.64897959 0.663249484693878 20000
1562139.90122449 0.68030312244898 20000
1678102.2122449 0.68030312244898 20000
1802307.79346939 0.747922795918367 20000
1935340.8955102 0.747922795918367 20000
2077830.81795918 0.915359168367347 20000
2230448.44408163 0.915359168367347 20000
2393914.55755102 1.18078573469388 20000
2568999.14938776 1.18078573469388 20000
2756529.04163265 1.39267909693878 20000
2957387.88734694 1.39267909693878 20000
3172524.48734694 1.39267909693878 20000
3402952.79020408 1.39267909693878 20000
0 3852900.6215757 210000
11782.9959183673 3852900.6215757 210000
24232.4414285714 3852900.6215757 210000
37381.7634693877 3852900.6215757 210000
51274.8348979592 10776092.694398 210000
65951.3502040816 10776092.694398 210000
81453.0930612245 5610193.71079216 210000
97832.2930612245 5610193.71079216 210000
115132.823061224 7272973.00863513 210000
133411.091020408 7272973.00863513 210000
152719.326530612 233158.017812801 210000
173118.115918367 233158.017812801 210000
194665.956326531 6254.93391790816 210000
217429.701632653 6254.93391790816 210000
241476.205714286 355.493596202381 210000
266880.679183673 355.493596202381 210000
293716.243469388 37.4385022159864 210000
322066.465918367 37.4385022159864 210000
352017.003061224 7.63271938690476 210000
383655.600612245 7.63271938690476 210000
417078.361020408 2.75895419685374 210000
452387.654285714 2.75895419685374 210000
489687.939591837 1.46036115008503 210000
529089.943673469 1.46036115008503 210000
570716.928367347 0.989798642431973 210000
614690.066326531 0.989798642431973 210000
661145.154489796 0.804723083758503 210000
710220.078979592 0.804723083758503 210000
762063.171836735 0.745494726615646 210000
816829.032653061 0.745494726615646 210000
874684.796122449 0.745246636054422 210000
935803.864489796 0.745246636054422 210000
1000370.08591837 0.76799262329932 210000
1068577.7544898 0.76799262329932 210000
1140631.61020408 0.792797326955782 210000
1216751.01734694 0.792797326955782 210000
1297163.69693878 0.808183294217687 210000
1382111.99428571 0.808183294217687 210000
1471852.87897959 0.810542330782313 210000
1566653.76653061 0.810542330782313 210000
1666800.87510204 0.804287837159864 210000
1772599.2255102 0.804287837159864 210000
1884362.19530612 0.797719965986394 210000
2002430.32142857 0.797719965986394 210000
2127158.76510204 0.796653611819728 210000
2258921.49020408 0.796653611819728 210000
2398115.44163265 0.802185596088435 210000
2545160.54530612 0.802185596088435 210000
2700499.70816327 0.811421528911565 210000
2864600.90734694 0.811421528911565 210000
3037959.27938776 0.823138367346939 210000
3221092.94183674 0.823138367346939 210000
3414557.61755102 0.853100743197279 210000
3618934.09959184 0.853100743197279 210000
3834836.60795918 1.00069286479592 210000
4062919.05714286 1.00069286479592 210000
4303864.61020408 1.00069286479592 210000
4558402.3922449 1.00069286479592 210000
0 2580315.50785942 220000
12304.8817346939 2580315.50785942 220000
25286.7673469388 2580315.50785942 220000
38979.2828571429 2580315.50785942 220000
53425.0212244898 9984354.24650322 220000
68664.3336734694 9984354.24650322 220000
84739.8131632653 11863627.1101023 220000
101696.294387755 11863627.1101023 220000
119583.095510204 14235994.0908767 220000
138454.018163265 14235994.0908767 220000
158360.622244898 1472160.57309759 220000
179358.951122449 1472160.57309759 220000
201509.531632653 16301.7550758386 220000
224877.374081633 16301.7550758386 220000
249525.247040816 548.723617354592 220000
275529.369489796 548.723617354592 220000
302959.235204082 45.0360810478316 220000
331895.546632653 45.0360810478316 220000
362419.00622449 8.25834511989796 220000
394619.283367347 8.25834511989796 220000
428588.289183673 2.81112596556122 220000
464420.176530612 2.81112596556122 220000
502218.065204082 1.44899659247449 220000
542091.800204081 1.44899659247449 220000
584155.71 0.988987963010204 220000
628526.364795918 0.988987963010204 220000
675333.785204082 0.813572223214286 220000
724712.475306122 0.813572223214286 220000
776799.180918367 0.746885286352041 220000
831746.34 0.746885286352041 220000
889708.632244898 0.724309149872449 220000
950851.946020408 0.724309149872449 220000
1015353.37836735 0.720792428571428 220000
1083394.50979592 0.720792428571428 220000
1155172.61295918 0.730408536352041 220000
1230889.44397959 0.730408536352041 220000
1310762.45112245 0.756823643494898 220000
1395020.29132653 0.756823643494898 220000
1483902.83020408 0.804680008928571 220000
1577663.38377551 0.804680008928571 220000
1676573.20193878 0.871138102040816 220000
1780910.25979592 0.871138102040816 220000
1890974.94979592 0.940898083545918 220000
2007083.35653061 0.940898083545918 220000
2129565.015 0.986330573341836 220000
2258767.39408163 0.986330573341836 220000
2395064.86346939 0.981151232142857 220000
2538843.00153061 0.981151232142857 220000
2690514.28744898 0.926868560586735 220000
2850511.37602041 0.926868560586735 220000
3019289.33938775 0.851728415816326 220000
3197334.63397959 0.851728415816326 220000
3385151.65010204 0.782103872448979 220000
3583278.40408163 0.782103872448979 220000
3792282.05479592 0.719190522321428 220000
4012758.90367347 0.719190522321428 220000
4245336.63642857 0.719190522321428 220000
4490683.29 0.719190522321428 220000
0 3212095.96895447 230000
12920.115 3212095.96895447 230000
26533.2814285714 3212095.96895447 230000
40875.5957142857 3212095.96895447 230000
55990.3735714286 15939598.6833367 230000
71916.1178571428 15939598.6833367 230000
88696.1442857143 9724919.19676611 230000
106378.581428571 9724919.19676611 230000
125009.151428571 6003531.10339298 230000
144640.795714286 6003531.10339298 230000
165324.049285714 187636.035509366 230000
187121.479285714 187636.035509366 230000
210086.027142857 4814.33789355803 230000
234285.072857143 4814.33789355803 230000
259781.183571429 353.4544939375 230000
286648.958571429 353.4544939375 230000
314958.184285714 43.9223047410714 230000
344785.866428571 43.9223047410714 230000
376216.23 8.63531351339286 230000
409335.906428571 8.63531351339286 230000
444231.527142857 2.84509543303571 230000
480999.349285714 2.84509543303571 230000
519742.849285714 1.46400095535714 230000
560565.503571428 1.46400095535714 230000
603580.414285714 1.01426452232143 230000
648905.496428571 1.01426452232143 230000
696663.477857143 0.837707866071428 230000
746984.305714286 0.837707866071428 230000
800007.552857143 0.76627203125 230000
855877.605 0.76627203125 230000
914748.473571428 0.74577728125 230000
976778.982857143 0.74577728125 230000
1042139.98928571 0.752605522321428 230000
1111009.56857143 0.752605522321428 230000
1183575.42214286 0.770267705357143 230000
1260037.28357143 0.770267705357143 230000
1340606.91857143 0.7861701875 230000
1425500.90571429 0.7861701875 230000
1514950.26214286 0.793394486607143 230000
1609205.25642857 0.793394486607143 230000
1708518.56357143 0.792401834821428 230000
1813164.51642857 0.792401834821428 230000
1923427.07357143 0.788145464285714 230000
2039611.85142857 0.788145464285714 230000
2162034.09214286 0.784791504464286 230000
2291028.28928571 0.784791504464286 230000
2426945.78142857 0.783904133928571 230000
2570161.97142857 0.783904133928571 230000
2721069.10714286 0.782294834821428 230000
2880076.28142857 0.782294834821428 230000
3047619.05785714 0.769676125 230000
3224159.47071429 0.769676125 230000
3410176.39928571 0.737154245535714 230000
3606180.00642857 0.737154245535714 230000
3812706.92571429 0.672311022321428 230000
4030320.26142857 0.672311022321428 230000
4259619.21428571 0.672311022321428 230000
4501227.04928571 0.672311022321428 230000
0 3969013.42444521 240000
13201.1096938775 3969013.42444521 240000
27109.5532653061 3969013.42444521 240000
41767.0830612245 3969013.42444521 240000
57210.5393877551 14042029.8263673 240000
73484.1306122449 14042029.8263673 240000
90634.521122449 7877276.28030457 240000
108705.919285714 7877276.28030457 240000
127747.445510204 7805344.89328255 240000
147813.132244898 7805344.89328255 240000
168957.011938776 392626.074334653 240000
191238.029081633 392626.074334653 240000
214717.584183673 7215.31315415497 240000
239457.077755102 7215.31315415497 240000
265525.278367347 344.38790435523 240000
292995.866632653 344.38790435523 240000
321942.523163265 38.6712744534439 240000
352446.296632653 38.6712744534439 240000
384588.235714286 8.60305061989796 240000
418456.757142857 8.60305061989796 240000
454147.645714286 3.15414420918367 240000
491756.68622449 3.15414420918367 240000
531384.575510204 1.62495938584184 240000
573144.290510204 1.62495938584184 240000
617146.352142857 1.06932058545918 240000
663516.01744898 1.06932058545918 240000
712376.087448979 0.847352624362245 240000
763864.099285714 0.847352624362245 240000
818117.590102041 0.764032132015306 240000
875286.377142857 0.764032132015306 240000
935527.645714286 0.743595995535714 240000
999008.405204081 0.743595995535714 240000
1065900.57704082 0.751665045918367 240000
1136385.90673469 0.751665045918367 240000
1210660.87591837 0.771031790178571 240000
1288929.33428571 0.771031790178571 240000
1371402.49959184 0.794062098214286 240000
1458308.78173469 0.794062098214286 240000
1549883.95867347 0.81759384375 240000
1646383.45653061 0.81759384375 240000
1748067.61346939 0.840020380102041 240000
1855218.87183673 0.840020380102041 240000
1968127.04204082 0.863076271683673 240000
2087104.03867347 0.863076271683673 240000
2212474.05642857 0.889314756377551 240000
2344583.39418367 0.889314756377551 240000
2483793.08693878 0.916151896045918 240000
2630486.27387755 0.916151896045918 240000
2785060.83030612 0.936854101403061 240000
2947944.10377551 0.936854101403061 240000
3119580.63397959 0.942671799744898 240000
3300441.97683673 0.942671799744898 240000
3491024.24846939 0.922399397959183 240000
3691850.58122449 0.922399397959183 240000
3903468.66765306 0.860006246173469 240000
4126460.58459184 0.860006246173469 240000
4361435.42510204 0.860006246173469 240000
4609041.57857143 0.860006246173469 240000
0 4281518.50927151 250000
13503.9342857143 4281518.50927151 250000
27735.0419387755 4281518.50927151 250000
42738.302755102 4281518.50927151 250000
58551.1998979592 5195796.05396383 250000
75216.2142857143 5195796.05396383 250000
92785.8223469388 10765610.631866 250000
111302.505 10765610.631866 250000
130818.738673469 6064866.00657518 250000
151391.99755102 6064866.00657518 250000
173074.758061224 2228852.17943133 250000
195931.991020408 2228852.17943133 250000
220021.170612245 27367.3082584802 250000
245414.764285714 27367.3082584802 250000
272177.742857143 859.112826572066 250000
300390.070408163 859.112826572066 250000
330124.214387755 61.7271951753826 250000
361467.635510204 61.7271951753826 250000
394502.796734694 9.97102641007653 250000
429322.156530612 9.97102641007653 250000
466025.67 3.19094689477041 250000
504710.793367347 3.19094689477041 250000
545487.477244898 1.62389037053571 250000
588468.171122449 1.62389037053571 250000
633767.823367347 1.09551833035714 250000
681518.874489796 1.09551833035714 250000
731848.767244898 0.884134113520408 250000
784899.937653061 0.884134113520408 250000
840814.821734694 0.798875535076531 250000
899753.347653061 0.798875535076531 250000
961877.942448979 0.767905071428571 250000
1027356.03091837 0.767905071428571 250000
1096375.02887755 0.762308626913265 250000
1169122.35214286 0.762308626913265 250000
1245800.40979592 0.770549716836735 250000
1326624.10530612 0.770549716836735 250000
1411813.33989796 0.787000660714286 250000
1501605.50693878 0.787000660714286 250000
1596250.49418367 0.808871045280612 250000
1696010.68377551 0.808871045280612 250000
1801160.9522449 0.834734427933674 250000
1911993.66826531 0.834734427933674 250000
2028813.69489796 0.862352230867347 250000
2151948.38510204 0.862352230867347 250000
2281735.08734694 0.891281944515306 250000
2418536.13887755 0.891281944515306 250000
2562728.87020408 0.932149004464286 250000
2714715.60061224 0.932149004464286 250000
2874913.64265306 1.0022685497449 250000
3043767.79653061 1.0022685497449 250000
3221745.35234694 1.09695518494898 250000
3409341.08785714 1.09695518494898 250000
3607074.76959184 1.16329517793367 250000
3815491.15285714 1.16329517793367 250000
4035172.47612245 1.11192242028061 250000
4266723.4677551 1.11192242028061 250000
4510786.33928571 1.11192242028061 250000
4768038.28653061 1.11192242028061 250000
0 4589839.44110873 260000
14102.3089795918 4589839.44110873 260000
28939.0003061224 4589839.44110873 260000
44550.7224489796 4589839.44110873 260000
60969.9941836735 12178027.9753551 260000
78248.3035714286 12178027.9753551 260000
96423.5891836735 14363027.369023 260000
115544.629183673 14363027.369023 260000
135660.201734694 7374190.09376138 260000
156824.504795918 7374190.09376138 260000
179089.026428571 111503.59002519 260000
202513.384387755 111503.59002519 260000
227154.486530612 3741.75710763478 260000
253080.080306122 3741.75710763478 260000
280355.203265306 316.652609679209 260000
309047.602857143 316.652609679209 260000
339235.866122449 46.4713231082058 260000
370993.160306122 46.4713231082058 260000
404403.492244898 10.7112781683673 260000
439553.578673469 10.7112781683673 260000
476532.84622449 3.64988252253401 260000
515436.141326531 3.64988252253401 260000
556363.730204082 1.73594369579082 260000
599421.298877551 1.73594369579082 260000
644722.663061224 1.08828937478741 260000
692378.928571429 1.08828937478741 260000
742514.750714286 0.842958925170068 260000
795260.204591837 0.842958925170068 260000
850750.785102041 0.756451078443877 260000
909130.116836735 0.756451078443877 260000
970547.244183673 0.740377996173469 260000
1035162.05112245 0.740377996173469 260000
1103137.13153061 0.752730614370748 260000
1174651.33867347 0.752730614370748 260000
1249886.23571429 0.772106384778911 260000
1329039.64520408 0.772106384778911 260000
1412309.38969388 0.788947271471088 260000
1499912.26102041 0.788947271471088 260000
1592075.89061225 0.80026109545068 260000
1689036.03959184 0.80026109545068 260000
1791042.01857143 0.806177705994898 260000
1898356.68765306 0.806177705994898 260000
2011256.45642857 0.808503701743197 260000
2130031.28397959 0.808503701743197 260000
2254990.09867347 0.810739367559524 260000
2386449.95857143 0.810739367559524 260000
2524752.31081633 0.816322886479592 260000
2670249.44214286 0.816322886479592 260000
2823320.73826531 0.824802608843537 260000
2984359.13438775 0.824802608843537 260000
3153779.24489796 0.828387578018707 260000
3332014.65346939 0.828387578018707 260000
3519526.0427551 0.815346194090136 260000
3716795.77459184 0.815346194090136 260000
3924333.30979592 0.779688453443878 260000
4142672.49826531 0.779688453443878 260000
4372371.57897959 0.779688453443878 260000
4614026.7294898 0.779688453443878 260000
0 6363179.14305235 270000
14392.4347959184 6363179.14305235 270000
29541.5035714286 6363179.14305235 270000
45490.9108163265 6363179.14305235 270000
62278.8979591837 13939443.6163763 270000
79951.9010204082 13939443.6163763 270000
98556.3560204082 13426665.8855758 270000
118141.430510204 13426665.8855758 270000
138759.023571429 10200538.1140004 270000
160461.034285714 10200538.1140004 270000
183307.556326531 2157176.03883126 270000
207358.683367347 2157176.03883126 270000
232674.509081633 26916.6610021671 270000
259326.053265306 26916.6610021671 270000
287381.604183674 787.017278300383 270000
316914.913163265 787.017278300383 270000
348005.194591837 57.9543614566326 270000
380731.662857143 57.9543614566326 270000
415184.458469388 10.1984085497449 270000
451450.990408163 10.1984085497449 270000
489629.59377551 3.40648613584184 270000
529818.603673469 3.40648613584184 270000
572124.549795918 1.71771733482143 270000
616662.156428572 1.71771733482143 270000
663543.416326531 1.13451847704082 270000
712896.711428571 1.13451847704082 270000
764850.423673469 0.899800327806123 270000
819541.129591837 0.899800327806123 270000
877113.600306122 0.802432642857143 270000
937718.07 0.802432642857143 270000
1001515.69897959 0.765596814413265 270000
1068675.84214286 0.765596814413265 270000
1139376.04897959 0.759263077806122 270000
1213799.33204082 0.759263077806122 270000
1292142.36153061 0.77523684119898 270000
1374615.46530612 0.77523684119898 270000
1461434.43428571 0.810473586096939 270000
1552825.9855102 0.810473586096939 270000
1649033.22520408 0.856420207270408 270000
1750310.18571429 0.856420207270408 270000
1856921.8255102 0.900625477678571 270000
1969152.22377551 0.900625477678571 270000
2087293.65428571 0.935367132653061 270000
2211662.97459184 0.935367132653061 270000
2342582.50530612 0.962346688137755 270000
2480399.15081633 0.962346688137755 270000
2625478.93622449 0.992262639030612 270000
2778204.27581633 0.992262639030612 270000
2938973.97306122 1.04031481505102 270000
3108214.14673469 1.04031481505102 270000
3286372.76785714 1.11016232908163 270000
3473916.92816327 1.11016232908163 270000
3671343.76622449 1.15786168239796 270000
3879172.27285714 1.15786168239796 270000
4097948.75418367 1.04281302742347 270000
4328255.02622449 1.04281302742347 270000
4570694.7572449 1.04281302742347 270000
4825907.12540816 1.04281302742347 270000
0 5339103.12454956 280000
15228.55 5339103.12454956 280000
31226.5234693878 5339103.12454956 280000
48033.1459183673 5339103.12454956 280000
65687.6428571429 7531838.79404364 280000
84232.2571428572 7531838.79404364 280000
103712.248979592 24200371.6625773 280000
124175.895918367 24200371.6625773 280000
145671.475510204 14818182.5905107 280000
168253.3 14818182.5905107 280000
191975.681632653 4345710.67472091 280000
216895.95 4345710.67472091 280000
243071.434693878 58181.8327229996 280000
270568.517346939 58181.8327229996 280000
299453.579591837 1652.38967893707 280000
329799.037755102 1652.38967893707 280000
361674.290816327 106.259153813775 280000
395157.789795918 106.259153813775 280000
430331.003061224 14.9478172980442 280000
467281.433673469 14.9478172980442 280000
506093.567346939 4.02096681972789 280000
546866.976530612 4.02096681972789 280000
589698.216326531 1.7478862202381 280000
634692.893877551 1.7478862202381 280000
681956.616326531 1.07152275935374 280000
731604.042857143 1.07152275935374 280000
783758.884693878 0.839036177721089 280000
838547.870408163 0.839036177721089 280000
896100.745918367 0.768455403911565 280000
956559.326530612 0.768455403911565 280000
1020068.44489796 0.763860235969388 280000
1086781.98571429 0.763860235969388 280000
1156865.90306122 0.784868514030612 280000
1230483.13367347 0.784868514030612 280000
1307817.73571429 0.813118424744898 280000
1389056.78469388 0.813118424744898 280000
1474396.40816327 0.839180758928571 280000
1564041.78571429 0.839180758928571 280000
1658213.18367347 0.857706011904762 280000
1757136.90306122 0.857706011904762 280000
1861051.31428571 0.868505599489796 280000
1970212.89183673 0.868505599489796 280000
2084884.14489796 0.875935816326531 280000
2205342.66938775 0.875935816326531 280000
2331881.14795918 0.882083660714286 280000
2464807.35 0.882083660714286 280000
2604441.11428571 0.883070584608843 280000
2751123.40102041 0.883070584608843 280000
2905210.25714286 0.873930537840136 280000
3067072.81632653 0.873930537840136 280000
3237103.33367347 0.851639887329932 280000
3415718.20306122 0.851639887329932 280000
3603348.90510204 0.814928832908163 280000
3800448.04183673 0.814928832908163 280000
4007495.37142857 0.754764192176871 280000
4224991.77346939 0.754764192176871 280000
4453468.30102041 0.754764192176871 280000
4693474.11122449 0.754764192176871 280000
0 4988374.05413642 290000
15443.7263265306 4988374.05413642 290000
31671.9055102041 4988374.05413642 290000
48729.9691836735 4988374.05413642 290000
66657.2914285714 13448697.6263597 290000
85496.2751020408 13448697.6263597 290000
105298.409387755 13933104.7191401 290000
126109.125918367 13933104.7191401 290000
147982.942653061 7366080.74560667 290000
170968.32 7366080.74560667 290000
195128.862244898 1712972.64983825 290000
220519.087346939 1712972.64983825 290000
247205.628367347 25918.7613768406 290000
275252.089591837 25918.7613768406 290000
304728.132857143 923.498324961735 290000
335706.44877551 923.498324961735 290000
368265.785510204 79.9828940816326 290000
402484.89122449 79.9828940816326 290000
438448.571632653 14.1192995854592 290000
476244.66122449 14.1192995854592 290000
515967.052040816 4.24710045918367 290000
557718.72244898 4.24710045918367 290000
601596.593265306 1.91397789413265 290000
647709.700408163 1.91397789413265 290000
696176.166122449 1.16613536096939 290000
747114.112653061 1.16613536096939 290000
800647.719795918 0.886800229591837 290000
856913.282448979 0.886800229591837 290000
916044.066734694 0.787740340561224 290000
978191.511428571 0.787740340561224 290000
1043510.08408163 0.768589645408163 290000
1112154.2522449 0.768589645408163 290000
1184302.71367347 0.785531858418367 290000
1260125.07979592 0.785531858418367 290000
1339818.22102041 0.817075293367347 290000
1423569.92142857 0.817075293367347 290000
1511595.22408163 0.849729279336735 290000
1604106.14326531 0.849729279336735 290000
1701335.89469388 0.871694211734694 290000
1803520.72285714 0.871694211734694 290000
1910918.07367347 0.87438225 290000
2023788.42183673 0.87438225 290000
2142416.4722449 0.857932213010204 290000
2267089.95857143 0.857932213010204 290000
2398120.84469388 0.830275706632653 290000
2535833.20959184 0.830275706632653 290000
2680566.27612245 0.794952612244898 290000
2832680.46857143 0.794952612244898 290000
2992548.32632653 0.745589881377551 290000
3160566.61897959 0.745589881377551 290000
3337153.31755102 0.679606744897959 290000
3522741.53693878 0.679606744897959 290000
3717791.65102041 0.608298011479592 290000
3922788.26387755 0.608298011479592 290000
4138237.18102041 0.532603863520408 290000
4364668.43816326 0.532603863520408 290000
4602648.41632653 0.532603863520408 290000
4852758.64040816 0.532603863520408 290000
0 7172523.8100691 300000
15852.1779591837 7172523.8100691 300000
32499.6473469388 7172523.8100691 300000
49983.4351020408 7172523.8100691 300000
68344.5681632653 11517846.4302183 300000
87630.3853061224 11517846.4302183 300000
107881.913469388 14251614.5820801 300000
129152.803265306 14251614.5820801 300000
151493.549387755 6182975.29877781 300000
174951.490612245 6182975.29877781 300000
199592.90122449 889938.78832783 300000
225468.275918367 889938.78832783 300000
252643.888979592 14136.6660549966 300000
281186.014693878 14136.6660549966 300000
311160.927346939 697.651719421769 300000
342641.213061224 697.651719421769 300000
375705.769795918 76.9955058435374 300000
410427.183673469 76.9955058435374 300000
446893.820408163 14.8579847755102 300000
485190.889795918 14.8579847755102 300000
525413.069387755 4.46471716326531 300000
567655.036734694 4.46471716326531 300000
612020.937142857 1.95204070748299 300000
658611.76 1.95204070748299 300000
707544.274285714 1.1649612414966 300000
758935.248979592 1.1649612414966 300000
812904.608979592 0.884564469387755 300000
869588.05877551 0.884564469387755 300000
929118.146938775 0.791478027210884 300000
991636.889795918 0.791478027210884 300000
1057295.77142857 0.776704384353741 300000
1126255.74367347 0.776704384353741 300000
1198674.60244898 0.793351853741497 300000
1274735.39102041 0.793351853741497 300000
1354614.84081633 0.819066013605442 300000
1438505.46285714 0.819066013605442 300000
1526609.23591837 0.843839972789116 300000
1619140.76244898 0.843839972789116 300000
1716317.80081633 0.863610486394558 300000
1818377.04489796 0.863610486394558 300000
1925564.65632653 0.876444554421769 300000
2038133.10857143 0.876444554421769 300000
2156356.96653061 0.880672170068027 300000
2280517.10693878 0.880672170068027 300000
2410916.49795918 0.876950816326531 300000
2547861.26367347 0.876950816326531 300000
2691689.08734694 0.871940795918367 300000
2842737.6522449 0.871940795918367 300000
3001376.20081633 0.875649 300000
3167980.28734694 0.875649 300000
3342953.86938775 0.895222268707483 300000
3526716.68408163 0.895222268707483 300000
3719707.40408163 0.927070744897959 300000
3922393.10530612 0.927070744897959 300000
4135259.79918367 0.925966173469388 300000
4358818.7444898 0.925966173469388 300000
4593606.44734694 0.925966173469388 300000
4840184.66122449 0.925966173469388 300000
0 2239272.0216306 30000
5122.04785714286 2239272.0216306 30000
10605.1307142857 2239272.0216306 30000
16475.4 2239272.0216306 30000
22759.0071428571 2378366.65317548 30000
29485.7357142857 2378366.65317548 30000
36686.8221428571 736724.262735522 30000
44396.4085714286 736724.262735522 30000
52648.6371428571 3691.28772555804 30000
61482.735 3691.28772555804 30000
70940.1085714286 80.1290879732143 30000
81064.3435714286 80.1290879732143 30000
91902.6578571428 7.88327095982143 30000
103505.175 7.88327095982143 30000
115924.924285714 2.53141742410714 30000
129221.472857143 2.53141742410714 30000
143455.114285714 1.54715059821429 30000
158691.953571429 1.54715059821429 30000
175003.907142857 1.224129 30000
192465.797142857 1.224129 30000
211158.257142857 1.03861881696429 30000
231169.911428571 1.03861881696429 30000
252591.563571429 0.890687691964286 30000
275524.187142857 0.890687691964286 30000
300073.840714286 0.77723165625 30000
326354.573571429 0.77723165625 30000
354488.425714286 0.700782616071429 30000
384605.427857143 0.700782616071429 30000
416846.507142857 0.650707473214286 30000
451360.581428571 0.650707473214286 30000
488308.917857143 0.615835875 30000
527862.227142857 0.615835875 30000
570204.295714286 0.593552678571429 30000
615531.985714286 0.593552678571429 30000
664055.961428571 0.586242991071429 30000
716000.689285714 0.586242991071429 30000
771608.796428571 0.593346857142857 30000
831138.165 0.593346857142857 30000
894864.111428571 0.6106025625 30000
963083.745 0.6106025625 30000
1036113.78857143 0.636345375 30000
1114293.48428571 0.636345375 30000
1197985.32 0.675887303571429 30000
1287578.66142857 0.675887303571429 30000
1383489.02571429 0.732097741071429 30000
1486161.71357143 0.732097741071429 30000
1596074.715 0.791123089285714 30000
1713737.25642857 0.791123089285714 30000
1839696.33857143 0.821689084821429 30000
1974537.46285714 0.821689084821429 30000
2118886.08428571 0.803157589285714 30000
2273412.69642857 0.803157589285714 30000
2438835.01071429 0.763347790178571 30000
2615921.58857143 0.763347790178571 30000
2805494.02071429 0.735440825892857 30000
3008434.19142857 0.735440825892857 30000
3225683.55214286 0.735440825892857 30000
3458251.83857143 0.735440825892857 30000
0 1805436.93694468 40000
5522.95102040816 1805436.93694468 40000
11429.0428571429 1805436.93694468 40000
17746.0969387755 1805436.93694468 40000
24501.1397959184 2236124.31910531 40000
31725.9673469388 2236124.31910531 40000
39453.1704081633 857087.961861235 40000
47716.9295918367 857087.961861235 40000
56554.6051020408 7519.89840808036 40000
66006.7367346939 7519.89840808036 40000
76114.6591836735 158.680372372449 40000
86926.0663265306 158.680372372449 40000
98487.8571428571 13.8306399085884 40000
110853.289795918 13.8306399085884 40000
124077.212244898 4.42399134353742 40000
138220.036734694 4.42399134353742 40000
153346.15 2.39485201105442 40000
169522.323469388 2.39485201105442 40000
186823.27755102 1.49743208758503 40000
205325.32244898 1.49743208758503 40000
225113.512244898 1.04760430059524 40000
246276.080612245 1.04760430059524 40000
268909.210204082 0.834892918792517 40000
293114.647959184 0.834892918792517 40000
319002.089795918 0.729999508928571 40000
346687.590816326 0.729999508928571 40000
376296.744897959 0.667151232993197 40000
407963.094897959 0.667151232993197 40000
441829.72244898 0.630819428146258 40000
478049.247959184 0.630819428146258 40000
516784.625510204 0.617057757227891 40000
558211.52755102 0.617057757227891 40000
602516.755102041 0.614779049744898 40000
649899.82755102 0.614779049744898 40000
700575.367346939 0.617493295068027 40000
754771.510204082 0.617493295068027 40000
812732.289795918 0.627398054846939 40000
874720.817346939 0.627398054846939 40000
941016.102040816 0.646687578656463 40000
1011917.0255102 0.646687578656463 40000
1087743.93163265 0.673505448554422 40000
1168838.62653061 0.673505448554422 40000
1255568.35306122 0.702408269557823 40000
1348322.61122449 0.702408269557823 40000
1447521.90204082 0.724748214285714 40000
1553612.95816327 0.724748214285714 40000
1667075.10306122 0.735934747023809 40000
1788420.25102041 0.735934747023809 40000
1918195.29183673 0.752360982142857 40000
2056986.86020408 0.752360982142857 40000
2205422.13061225 0.803145025510204 40000
2364168.81734694 0.803145025510204 40000
2533945.50816327 0.89586656037415 40000
2715516.89489796 0.89586656037415 40000
2909704.10714286 1.00627457482993 40000
3117381.53265306 1.00627457482993 40000
3339488.74081633 1.00627457482993 40000
3577026.50816326 1.00627457482993 40000
0 2052353.24892985 50000
5803.1243877551 2052353.24892985 50000
12007.6224489796 2052353.24892985 50000
18640.3643877551 2052353.24892985 50000
25732.418877551 2737108.48756288 50000
33313.1752040816 2737108.48756288 50000
41418.7402040816 2527084.28958042 50000
50085.2207142857 2527084.28958042 50000
59349.5632653061 36834.0665101467 50000
69254.5922448979 36834.0665101467 50000
79843.9717346939 414.249205259566 50000
91164.7245918367 414.249205259566 50000
103268.911836735 26.4888676033163 50000
116209.434183673 26.4888676033163 50000
130043.390816327 5.64235974681122 50000
144834.598469388 5.64235974681122 50000
160646.873877551 2.53354710905612 50000
177552.430714286 2.53354710905612 50000
195626.841428571 1.56835223469388 50000
214949.876938775 1.56835223469388 50000
235608.865408163 1.1039210497449 50000
257695.333469388 1.1039210497449 50000
281307.525306122 0.872433191964286 50000
306552.082040816 0.872433191964286 50000
333541.522653061 0.760956832270408 50000
362396.763061224 0.760956832270408 50000
393245.436734694 0.705061209821429 50000
426226.093163265 0.705061209821429 50000
461486.518469388 0.667264489158163 50000
499182.895714286 0.667264489158163 50000
539485.682755102 0.633223649234694 50000
582572.894693877 0.633223649234694 50000
628638.500816326 0.608932005102041 50000
677887.386428571 0.608932005102041 50000
730540.391020408 0.603846609056122 50000
786831.789183673 0.603846609056122 50000
847013.489081633 0.619041569515306 50000
911355.032448979 0.619041569515306 50000
980142.754897959 0.648820963010204 50000
1053683.98438775 0.648820963010204 50000
1132308.72061224 0.690952603316326 50000
1216367.11591837 0.690952603316326 50000
1306234.51346939 0.749965589285714 50000
1402313.12663265 0.749965589285714 50000
1505031.19928571 0.825333362882653 50000
1614848.88367347 0.825333362882653 50000
1732255.72132653 0.901771746173469 50000
1857776.52091837 0.901771746173469 50000
1991973.03765306 0.966398435586735 50000
2135443.13357143 0.966398435586735 50000
2288829.1744898 1.01558350446429 50000
2452815.51091837 1.01558350446429 50000
2628135.19561224 1.02823314285714 50000
2815571.66295918 1.02823314285714 50000
3015962.0877551 0.963207598852041 50000
3230201.58367347 0.963207598852041 50000
3459246.56204082 0.963207598852041 50000
3704122.28908163 0.963207598852041 50000
0 1782152.59772948 60000
6163.19020408163 1782152.59772948 60000
12742.1946938776 1782152.59772948 60000
19764.4297959184 1782152.59772948 60000
27260.9673469388 5567646.82073881 60000
35262.8791836735 5567646.82073881 60000
43803.9787755102 3411273.90205984 60000
52921.7351020408 3411273.90205984 60000
62653.6171428571 76214.4991823622 60000
73042.5771428571 76214.4991823622 60000
84131.5673469388 1018.96548438265 60000
95969.0232653061 1018.96548438265 60000
108604.294285714 54.1726944838435 60000
122091.299183673 54.1726944838435 60000
136488.526122449 8.26139213605442 60000
151857.204897959 8.26139213605442 60000
168261.306938776 2.75292665646259 60000
185772.114693878 2.75292665646259 60000
204464.566122449 1.47684896938776 60000
224416.340816327 1.47684896938776 60000
245715.171020408 1.05044703146258 60000
268448.788979592 1.05044703146258 60000
292716.807346939 0.893962636054422 60000
318620.666530612 0.893962636054422 60000
346271.859591837 0.821935757653061 60000
375788.276734694 0.821935757653061 60000
407295.119183673 0.759645482993197 60000
440925.813061225 0.759645482993197 60000
476825.664897959 0.696346135204082 60000
515146.378367347 0.696346135204082 60000
556051.53755102 0.646714968537415 60000
599714.779183673 0.646714968537415 60000
646323.448163265 0.620446700680272 60000
696074.942040816 0.620446700680272 60000
749182.194285714 0.614540767006803 60000
805870.01877551 0.614540767006803 60000
866381.506938776 0.619881238945578 60000
930974.372244898 0.619881238945578 60000
999922.777959184 0.629448394557823 60000
1073521.90653061 0.629448394557823 60000
1152083.39020408 0.644940522959184 60000
1235944.44979592 0.644940522959184 60000
1325460.58367347 0.677000489795918 60000
1421012.87877551 0.677000489795918 60000
1523010.7522449 0.732541397959184 60000
1631886.46816327 0.732541397959184 60000
1748105.19020408 0.798854637755102 60000
1872161.32612245 0.798854637755102 60000
2004584.01102041 0.854804886904762 60000
2145937.10734694 0.854804886904762 60000
2296823.77428571 0.906774056972789 60000
2457886.4677551 0.906774056972789 60000
2629810.59591837 0.980588708333333 60000
2813330.00244898 0.980588708333333 60000
3009226.05265306 1.09191232142857 60000
3218333.11673469 1.09191232142857 60000
3441542.22530612 1.09191232142857 60000
3679804.72489796 1.09191232142857 60000
0 1564961.62381553 70000
6442.20204081633 1564961.62381553 70000
13319.3005102041 1564961.62381553 70000
20659.0140816327 1564961.62381553 70000
28494.7963265306 8374635.66393218 70000
36857.2333673469 8374635.66393218 70000
45784.5578571429 4879503.47301775 70000
55313.0908163265 4879503.47301775 70000
65483.9323469388 149687.326833089 70000
76340.0941836735 149687.326833089 70000
87928.4113265306 1871.33819267177 70000
100296.674591837 1871.33819267177 70000
113500.321326531 98.7939321981293 70000
127592.877244898 98.7939321981293 70000
142635.514591837 14.5948493456633 70000
158692.273061224 14.5948493456633 70000
175831.015612245 3.95251955144558 70000
194124.384285714 3.95251955144558 70000
213651.711836735 1.80167394982993 70000
234495.198469388 1.80167394982993 70000
256742.779285714 1.14725438903061 70000
280490.991734694 1.14725438903061 70000
305839.240714286 0.873409028911565 70000
332896.489285714 0.873409028911565 70000
361777.435408163 0.76163228337585 70000
392604.423571429 0.76163228337585 70000
425509.356428572 0.722814192814626 70000
460632.738979592 0.722814192814626 70000
498123.678571429 0.698383129251701 70000
538140.840714286 0.698383129251701 70000
580856.272346939 0.667976222363946 70000
626449.666938776 0.667976222363946 70000
675116.966836735 0.639907082908163 70000
727064.628367347 0.639907082908163 70000
782513.445102041 0.627156891369048 70000
841699.503673469 0.627156891369048 70000
904875.139591837 0.635761229591837 70000
972308.937244898 0.635761229591837 70000
1044287.64153061 0.666504663477891 70000
1121119.02530612 0.666504663477891 70000
1203128.06612245 0.71445478252551 70000
1290664.5927551 0.71445478252551 70000
1384102.32938776 0.766915159863946 70000
1483836.98397959 0.766915159863946 70000
1590294.85061225 0.810165848639456 70000
1703928.03040816 0.810165848639456 70000
1825221.1222449 0.846687988732993 70000
1954688.35530612 0.846687988732993 70000
2092883.1472449 0.909387548469388 70000
2240392.36928571 0.909387548469388 70000
2397843.9927551 1.04554159289966 70000
2565909.00071429 1.04554159289966 70000
2745301.38795918 1.26609023639456 70000
2936784.85173469 1.26609023639456 70000
3141175.65918367 1.51742014817177 70000
3359343.60316327 1.51742014817177 70000
3592215.8255102 1.51742014817177 70000
3840784.46357143 1.51742014817177 70000
0 1822406.64192839 80000
6890.76959183674 1822406.64192839 80000
14234.1331632653 1822406.64192839 80000
22058.4434693878 1822406.64192839 80000
30397.3037755102 7312638.37804253 80000
39282.2171428571 7312638.37804253 80000
48750.987244898 6064943.72959667 80000
58841.417755102 6064943.72959667 80000
69593.4125510204 138105.999201967 80000
81051.0759183674 138105.999201967 80000
93260.6123469388 2049.18911376658 80000
106271.376632653 2049.18911376658 80000
120134.82377551 106.854789261692 80000
134909.759489796 106.854789261692 80000
150652.889285714 15.2825594162415 80000
167430.369591837 15.2825594162415 80000
185307.306734694 4.49248748278061 80000
204358.257959184 4.49248748278061 80000
224659.880714286 2.02154706335034 80000
246293.032857143 2.02154706335034 80000
269345.922959184 1.24142406951531 80000
293910.96 1.24142406951531 80000
320088.95377551 0.942910687287415 80000
347983.864387755 0.942910687287415 80000
377710.152959184 0.795463234481293 80000
409386.481020408 0.795463234481293 80000
443140.961020408 0.708282887967687 80000
479111.156326531 0.708282887967687 80000
517441.981020408 0.660507620535714 80000
558287.800102041 0.660507620535714 80000
601813.479591837 0.644375427933674 80000
648195.436632653 0.644375427933674 80000
697621.639489796 0.646858481717687 80000
750290.55744898 0.646858481717687 80000
806416.411326531 0.655495571003401 80000
866224.973061225 0.655495571003401 80000
929957.766122449 0.664837103741497 80000
997873.115612245 0.664837103741497 80000
1070245.09816327 0.672653800807823 80000
1147366.6922449 0.672653800807823 80000
1229548.72806122 0.681573105017007 80000
1317123.03785714 0.681573105017007 80000
1410444.55612245 0.701229702593537 80000
1509889.21938776 0.701229702593537 80000
1615860.26683673 0.741765829081633 80000
1728785.09 0.741765829081633 80000
1849120.48326531 0.807117179421769 80000
1977351.59377551 0.807117179421769 80000
2113998.22204082 0.888244125212585 80000
2259610.62153061 0.888244125212585 80000
2414778.94959184 0.961714076955782 80000
2580129.06704082 0.961714076955782 80000
2756329.88887755 1.00563459481293 80000
2944093.38428571 1.00563459481293 80000
3144177.72693878 0.989371139455782 80000
3357391.49540816 0.989371139455782 80000
3584596.82346939 0.989371139455782 80000
3826711.50030612 0.989371139455782 80000
0 3504767.67791905 90000
7070.74285714286 3504767.67791905 90000
14606.0421428571 3504767.67791905 90000
22635 3504767.67791905 90000
31191.03 3441298.91367986 90000
40308.6235714286 3441298.91367986 90000
50023.35 3235474.23100351 90000
60376.1678571429 3235474.23100351 90000
71408.0357142857 187903.964273379 90000
83163.1457142857 187903.964273379 90000
95690.0014285714 2138.96542315179 90000
109038.184285714 2138.96542315179 90000
123262.665 113.033504303571 90000
138420.57 113.033504303571 90000
154572.259285714 18.5210640491071 90000
171783.482142857 18.5210640491071 90000
190123.221428571 5.39078348660714 90000
209666.927142857 5.39078348660714 90000
230492.205 2.39092741517857 90000
252684.205714286 2.39092741517857 90000
276332.391428571 1.38678222767857 90000
301531.613571429 1.38678222767857 90000
328383.190714286 0.970749580357143 90000
356997.064285714 0.970749580357143 90000
387488.565 0.775596808035714 90000
419979.490714286 0.775596808035714 90000
454601.34 0.687587526785714 90000
491495.312142857 0.687587526785714 90000
530810.151428571 0.658512330357143 90000
572703.225 0.658512330357143 90000
617344.834285714 0.65542471875 90000
664914.981428571 0.65542471875 90000
715606.602857143 0.659462191964286 90000
769622.335714286 0.659462191964286 90000
827183.140714286 0.669297638392857 90000
888518.601428571 0.669297638392857 90000
953878.780714286 0.691633982142857 90000
1023526.67571429 0.691633982142857 90000
1097743.60714286 0.729262424107143 90000
1176829.21928571 0.729262424107143 90000
1261102.55785714 0.774280924107143 90000
1350905.30357143 0.774280924107143 90000
1446598.53857143 0.809928803571428 90000
1548570.29142857 0.809928803571428 90000
1657231.22571429 0.820835370535714 90000
1773020.02928571 0.820835370535714 90000
1896405.57 0.801501308035714 90000
2027884.74 0.801501308035714 90000
2167990.00071429 0.759296464285714 90000
2317286.14928571 0.759296464285714 90000
2476376.78571429 0.708540620535714 90000
2645903.235 0.708540620535714 90000
2826552.09214286 0.656010803571429 90000
3019051.98857143 0.656010803571429 90000
3224180.05928571 0.584358004464286 90000
3442764.09857143 0.584358004464286 90000
3675689.02714286 0.584358004464286 90000
3923893.65857143 0.584358004464286 90000
0 1458.34805802572 hpsmc
8434.03928571429 1458.34805802572 hpsmc
17495.9647959184 1458.34805802572 hpsmc
27234.4235714286 1458.34805802572 hpsmc
37698.0626530612 405.272512794855 hpsmc
48942.3170408163 405.272512794855 hpsmc
61024.8843877551 171.572383261692 hpsmc
74006.8563265306 171.572383261692 hpsmc
87958.3751020408 23.408866477466 hpsmc
102948.451632653 23.408866477466 hpsmc
119057.410102041 7.2537121747449 hpsmc
136365.574693878 7.2537121747449 hpsmc
154965.714183673 4.23799396534864 hpsmc
174951.728673469 4.23799396534864 hpsmc
196427.700204082 3.25980426530612 hpsmc
219504.49877551 3.25980426530612 hpsmc
244300.913673469 2.73140171067177 hpsmc
270947.04744898 2.73140171067177 hpsmc
299578.659285714 2.31294288244048 hpsmc
330346.215612245 2.31294288244048 hpsmc
363405.839489796 1.94861095790816 hpsmc
398930.623877551 1.94861095790816 hpsmc
437102.712346939 1.64627337032313 hpsmc
478121.218367347 1.64627337032313 hpsmc
522197.7 1.41039414562075 hpsmc
569560.685204082 1.41039414562075 hpsmc
620453.409183673 1.2384395837585 hpsmc
675139.471020408 1.2384395837585 hpsmc
733902.833673469 1.12497460352891 hpsmc
797047.823979592 1.12497460352891 hpsmc
864899.132653061 1.06299912202381 hpsmc
937808.602244898 1.06299912202381 hpsmc
1016152.9644898 1.04598915625 hpsmc
1100338.36561224 1.04598915625 hpsmc
1190799.235 1.0699968480017 hpsmc
1288003.94183673 1.0699968480017 hpsmc
1392454.79510204 1.13473229485544 hpsmc
1504691.43755102 1.13473229485544 hpsmc
1625296.50234694 1.24390530505952 hpsmc
1754891.0877551 1.24390530505952 hpsmc
1894147.20173469 1.4067479744898 hpsmc
2043784.36795918 1.4067479744898 hpsmc
2204576.41377551 1.64139452465986 hpsmc
2377354.86418367 1.64139452465986 hpsmc
2563013.46714286 1.97622475297619 hpsmc
2762512.71887755 1.97622475297619 hpsmc
2976884.38918367 2.44642527147109 hpsmc
3207236.04673469 2.44642527147109 hpsmc
3454760.10969388 3.08373921704932 hpsmc
3720737.23969388 3.08373921704932 hpsmc
4006540.86714286 3.89398349362245 hpsmc
4313650.76714286 3.89398349362245 hpsmc
4643655.32214286 4.83655054953231 hpsmc
4998260.57255102 4.83655054953231 hpsmc
5379300.39867347 6.00742165625 hpsmc
5788746.70265306 6.00742165625 hpsmc
6228715.06510204 6.00742165625 hpsmc
6701481.715 6.00742165625 hpsmc
