0 14336269.0209201 100000
34561.3103061224 14336269.0209201 100000
71619.0080612245 14336269.0209201 100000
111345.588367347 14336269.0209201 100000
153942.295510204 94221.9510635253 100000
199605.582244898 94221.9510635253 100000
248565.442040816 535.464017409226 100000
301056.659897959 535.464017409226 100000
357337.978469388 129.184706395621 100000
417672.931938775 129.184706395621 100000
482363.386734694 57.3234465325255 100000
551720.792346939 57.3234465325255 100000
626080.555918367 28.1991159591837 100000
705802.042244898 28.1991159591837 100000
791278.156836735 16.9187548388605 100000
882916.179795918 16.9187548388605 100000
981166.515 11.4455291734694 100000
1086503.52397959 11.4455291734694 100000
1199435.10897959 8.49435559289966 100000
1320517.08755102 8.49435559289966 100000
1450329.23489796 6.94450506930272 100000
1589508.82459184 6.94450506930272 100000
1738721.87938775 6.13428718983843 100000
1898706.295 6.13428718983843 100000
2070223.92479592 5.62525693877551 100000
2254118.07816327 5.62525693877551 100000
2451275.18826531 5.18998631207483 100000
2662653.56122449 5.18998631207483 100000
2889278.58459184 4.79440553061224 100000
3132247.51887755 4.79440553061224 100000
3392748.66367347 4.48870587755102 100000
3672037.4 4.48870587755102 100000
3971469.73102041 4.31272693346088 100000
4292502.28204082 4.31272693346088 100000
4636692.3005102 4.26725730442177 100000
5005707.23908163 4.26725730442177 100000
5401343.92173469 4.3171790639881 100000
5825518.96071428 4.3171790639881 100000
6280287.92265306 4.42839248596939 100000
6767859.70316326 4.42839248596939 100000
7290601.31836735 4.60182592942177 100000
7851052.27948979 4.60182592942177 100000
8451929.38438775 4.85795320535714 100000
9096145.88367347 4.85795320535714 100000
9786835.43836734 5.19562634289966 100000
10527342.5368367 5.19562634289966 100000
11321265.6185714 5.57543500276361 100000
12172452.2826531 5.57543500276361 100000
13085042.4115306 5.92646453188775 100000
14063458.5879592 5.92646453188775 100000
15112444.4272449 6.16591129187925 100000
16237102.9094898 6.16591129187925 100000
17442882.005 6.22392874170918 100000
18735636.9641837 6.22392874170918 100000
20121644.6921429 5.93549856356292 100000
21607622.9147959 5.93549856356292 100000
23200787.6772449 5.93549856356292 100000
24908877.3014286 5.93549856356292 100000
0 58518.8032454558 10000
32611.4710204082 58518.8032454558 10000
67600.9551020408 58518.8032454558 10000
105138.630204082 58518.8032454558 10000
145408.109387755 155.592905707483 10000
188606.440816327 155.592905707483 10000
234957.542857143 147.279124615646 10000
284680.855510204 147.279124615646 10000
338022.688979592 87.1738648503401 10000
395251.745306122 87.1738648503401 10000
456650.161632653 33.0137403673469 10000
522517.988571429 33.0137403673469 10000
593182.146938775 18.5896095578231 10000
668991.949387755 18.5896095578231 10000
750323.57877551 13.8558259931973 10000
837580.088163265 13.8558259931973 10000
931186.92244898 10.734739829932 10000
1031609.83183673 10.734739829932 10000
1139350.39346939 8.49755276190476 10000
1254932.57632653 8.49755276190476 10000
1378934.08979592 7.06295443197279 10000
1511968.47020408 7.06295443197279 10000
1654689.55918367 6.14078395578231 10000
1807800.46040816 6.14078395578231 10000
1972062.49632653 5.48093384693878 10000
2148290.72979592 5.48093384693878 10000
2337349.48571429 4.9816985170068 10000
2540174.74285714 4.9816985170068 10000
2757774.13387755 4.62779553741497 10000
2991213.51020408 4.62779553741497 10000
3241657.24734694 4.40135808843537 10000
3510341.37469388 4.40135808843537 10000
3798587.01061224 4.27843623469388 10000
4107827.23265306 4.27843623469388 10000
4439589.16408163 4.22400541156463 10000
4795507.40897959 4.22400541156463 10000
5177346.44408163 4.21224036734694 10000
5586987.18367347 4.21224036734694 10000
6026467.28489796 4.25172463945578 10000
6497945.32081633 4.25172463945578 10000
7003763.47755102 4.36782631292517 10000
7546411.72734694 4.36782631292517 10000
8128581.56897959 4.57869210544218 10000
8753143.63591837 4.57869210544218 10000
9423192.48 4.88573083673469 10000
10142033.1363265 4.88573083673469 10000
10913225.9069388 5.27552606462585 10000
11740577.4040816 5.27552606462585 10000
12628180.8555102 5.73161045918367 10000
13580420.5828571 5.73161045918367 10000
14602003.3502041 6.19256507823129 10000
15697985.2342857 6.19256507823129 10000
16873780.5812245 6.4771839829932 10000
18135197.8334694 6.4771839829932 10000
19488479.835102 6.23917741836735 10000
20940308.3102041 6.23917741836735 10000
22497866.56 6.23917741836735 10000
24168852.8979592 6.23917741836735 10000
0 14151133.3872721 20000
32550.5142857143 14151133.3872721 20000
67476.6857142857 14151133.3872721 20000
104952.342857143 14151133.3872721 20000
145164.685714286 9522.73342428571 20000
188314.285714286 9522.73342428571 20000
234615.085714286 246.139985 20000
284294.4 246.139985 20000
337606.285714286 61.9079128571428 20000
394809.257142857 61.9079128571428 20000
456188.571428571 33.8221092857143 20000
522051.771428571 33.8221092857143 20000
592724.228571428 22.3934564285714 20000
668558.057142857 22.3934564285714 20000
749927.657142857 14.8470492857143 20000
837243.085714286 14.8470492857143 20000
930932.228571428 10.4378578571429 20000
1031463.08571429 10.4378578571429 20000
1139334.85714286 8.03791857142857 20000
1255086.85714286 8.03791857142857 20000
1379289.6 6.69573357142857 20000
1512562.62857143 6.69573357142857 20000
1655565.6 5.91604928571429 20000
1809016.11428571 5.91604928571429 20000
1973671.88571429 5.39430357142857 20000
2150348.57142857 5.39430357142857 20000
2339928.68571429 4.99445142857143 20000
2543357.14285714 4.99445142857143 20000
2761636.8 4.69105 20000
2995855.2 4.69105 20000
3247180.11428571 4.48178714285714 20000
3516859.54285714 4.48178714285714 20000
3806230.62857143 4.35795285714286 20000
4116737.48571428 4.35795285714286 20000
4449913.37142857 4.30999214285714 20000
4807425.25714286 4.30999214285714 20000
5191042.62857143 4.32747714285714 20000
5602673.14285714 4.32747714285714 20000
6044362.62857143 4.38701714285714 20000
6518308.45714286 4.38701714285714 20000
7026868.45714286 4.47097857142857 20000
7572560.91428571 4.47097857142857 20000
8158104.68571428 4.59138642857143 20000
8786410.28571428 4.59138642857143 20000
9460597.71428571 4.782115 20000
10184018.7428571 4.782115 20000
10960270.2857143 5.070585 20000
11793207.7714286 5.070585 20000
12686967.4285714 5.44040714285714 20000
13645997.4857143 5.44040714285714 20000
14675062.6285714 5.82405571428571 20000
15779279.6571429 5.82405571428571 20000
16964130.8571429 6.13093928571428 20000
18235504.1142857 6.13093928571428 20000
19599724.1142857 6.25831142857143 20000
21063570.1714286 6.25831142857143 20000
22634311.8857143 6.25831142857143 20000
24319758.1714286 6.25831142857143 20000
0 423031.741172046 30000
32523.72 423031.741172046 30000
67421.7918367347 423031.741172046 30000
104872.403265306 423031.741172046 30000
145053.742040816 844.022004556122 30000
188166.269387755 844.022004556122 30000
234428.265306122 161.818713311224 30000
284071.373877551 161.818713311224 30000
337336.148571429 67.857757877551 30000
394489.871020408 67.857757877551 30000
455813.186938775 35.7204083265306 30000
521617.924897959 35.7204083265306 30000
592229.27755102 21.0221922806122 30000
667990.256326531 21.0221922806122 30000
749288.419591837 14.1588268622449 30000
836520.235102041 14.1588268622449 30000
930117.808163265 10.625270872449 30000
1030553.33632653 10.625270872449 30000
1138316.83591837 8.43233644387755 30000
1253951.77959184 8.43233644387755 30000
1378032.82285714 6.96591618367347 30000
1511165.80408163 6.96591618367347 30000
1654023.38204082 5.98216200510204 30000
1807313.85306122 5.98216200510204 30000
1971790.06040816 5.34714539285714 30000
2148280.57714286 5.34714539285714 30000
2337654.06857143 4.94183321428571 30000
2540854.92979592 4.94183321428571 30000
2758889.92163265 4.65860748979592 30000
2992845.98938775 4.65860748979592 30000
3243881.35346939 4.44715802040816 30000
3513247.78285714 4.44715802040816 30000
3802277.23102041 4.30133176020408 30000
4112413.01877551 4.30133176020408 30000
4445192.0155102 4.22883161734694 30000
4802266.91265306 4.22883161734694 30000
5185410.67836735 4.2300009744898 30000
5596529.92163265 4.2300009744898 30000
6037664.8922449 4.30005103571429 30000
6511011.75428571 4.30005103571429 30000
7018913.67673469 4.43890755612245 30000
7563900.92571429 4.43890755612245 30000
8148677.50040816 4.64406477040816 30000
8776147.86122449 4.64406477040816 30000
9449434.74857143 4.90329083163265 30000
10171874.7281633 4.90329083163265 30000
10947062.7379592 5.21165773469388 30000
11778852.0881633 5.21165773469388 30000
12671367.8253061 5.58920232142857 30000
13629051.2791837 5.58920232142857 30000
14656651.1534694 6.05490344387755 30000
15759281.4367347 6.05490344387755 30000
16942416.9477551 6.59275204591837 30000
18211933.4277551 6.59275204591837 30000
19574138.7232653 7.32347033163265 30000
21035799.5142857 7.32347033163265 30000
22604181.4065306 7.32347033163265 30000
24287071.204898 7.32347033163265 30000
0 9948072.28290498 40000
33140.7694897959 9948072.28290498 40000
68685.6273469388 9948072.28290498 40000
106808.252959184 9948072.28290498 40000
147691.466734694 1558.0320348395 40000
191540.941632653 1558.0320348395 40000
238571.491632653 158.067181908801 40000
289011.642244898 158.067181908801 40000
343108.201020408 74.8919231530612 40000
401126.25755102 74.8919231530612 40000
463353.753979592 36.9294653577806 40000
530092.343979592 36.9294653577806 40000
601671.104285714 21.7003253979592 40000
678441.964183673 21.7003253979592 40000
760775.135 14.4312145752551 40000
849081.962653061 14.4312145752551 40000
943787.504591837 10.7855756766582 40000
1045362.52336735 10.7855756766582 40000
1154305.20459184 8.71458228422619 40000
1271145.72744898 8.71458228422619 40000
1396455.40571429 7.27900407291667 40000
1530855.82877551 7.27900407291667 40000
1674996.00908163 6.19837358843537 40000
1829593.51673469 6.19837358843537 40000
1995397.91540816 5.41984430654762 40000
2173227.32642857 5.41984430654762 40000
2363950.14673469 4.89593053061224 40000
2568498.76040816 4.89593053061224 40000
2787883.25020408 4.56600634715136 40000
3023173.1155102 4.56600634715136 40000
3275529.26591837 4.37599690731293 40000
3546176.59816327 4.37599690731293 40000
3836454.27173469 4.27572181781463 40000
4147774.57428571 4.27572181781463 40000
4481673.1972449 4.23141643452381 40000
4839781.8127551 4.23141643452381 40000
5223855.49673469 4.24501370238095 40000
5635781.86989796 4.24501370238095 40000
6077576.5272449 4.33283415157313 40000
6551401.32010204 4.33283415157313 40000
7059587.20867347 4.48975500191326 40000
7604620.5505102 4.48975500191326 40000
8189175.09408163 4.68617267793367 40000
8816116.54928572 4.68617267793367 40000
9488516.29897959 4.88750365242347 40000
10209674.2515306 4.88750365242347 40000
10983123.4113265 5.07334250170068 40000
11812652.7313265 5.07334250170068 40000
12702329.9656122 5.26748444451531 40000
13656524.5219388 5.26748444451531 40000
14679902.8912245 5.53875374702381 40000
15777488.0641837 5.53875374702381 40000
16954659.5313265 5.9811124815051 40000
18217185.2765306 5.9811124815051 40000
19571262.9116326 6.88514035607993 40000
21023519.6764286 6.88514035607993 40000
22581085.5668367 6.88514035607993 40000
24251584.1938775 6.88514035607993 40000
0 8130437.72887616 50000
33412.3821428571 8130437.72887616 50000
69259.5076530612 8130437.72887616 50000
107720.199489796 8130437.72887616 50000
148977.865816327 3767.44957414328 50000
193248.01122449 3767.44957414328 50000
240741.555102041 204.764123823342 50000
291696.928061225 204.764123823342 50000
346366.316326531 68.625670056335 50000
405015.661734694 68.625670056335 50000
467943.00255102 39.3704154315476 50000
535450.962244898 39.3704154315476 50000
607883.431122449 24.1006541687925 50000
685593.469897959 24.1006541687925 50000
768961.650510204 16.0469820121173 50000
858409.811734694 16.0469820121173 50000
954373.547959183 11.4539162159864 50000
1057329.72040816 11.4539162159864 50000
1167787.28673469 8.78356022640306 50000
1286296.47142857 8.78356022640306 50000
1413439.59540816 7.13794958652211 50000
1549849.41683673 7.13794958652211 50000
1696199.96071429 6.04793194621599 50000
1853211.10408163 6.04793194621599 50000
2021666.91683673 5.32358433142007 50000
2202397.32091837 5.32358433142007 50000
2396296.43112245 4.88371997236394 50000
2604327.14030612 4.88371997236394 50000
2827516.53418367 4.63905157206633 50000
3066965.06173469 4.63905157206633 50000
3323869.46122449 4.50909924638605 50000
3599490.66377551 4.50909924638605 50000
3895195.06020408 4.4381718707483 50000
4212445.33061224 4.4381718707483 50000
4552818.78520408 4.40491003613946 50000
4917993.60867347 4.40491003613946 50000
5309776.37142857 4.41881848852041 50000
5730111.2 4.41881848852041 50000
6181070.60663265 4.48981273171769 50000
6664896.75612245 4.48981273171769 50000
7183978.53979592 4.60663035820578 50000
7740883.67193878 4.60663035820578 50000
8338367.86020408 4.75380585671769 50000
8979393.14642857 4.75380585671769 50000
9667127.90663265 4.93481634034864 50000
10404983.5326531 4.93481634034864 50000
11196600.6765306 5.18096537946429 50000
12045904.2729592 5.18096537946429 50000
12957094.3688775 5.53419803890306 50000
13934682.805102 5.53419803890306 50000
14983511.5571429 5.97611618728741 50000
16108761.9056122 5.97611618728741 50000
17316014.0438775 6.42191265412415 50000
18611237.9076531 6.42191265412415 50000
20000839.0270408 6.91106795705782 50000
21491704.3785714 6.91106795705782 50000
23091206.9704082 6.91106795705782 50000
24807265.45 6.91106795705782 50000
0 10472638.0808831 60000
33847.5979591837 10472638.0808831 60000
70141.6714285714 10472638.0808831 60000
109050.942857143 10472638.0808831 60000
150776.941836735 10785.611433023 60000
195511.824489796 10785.611433023 60000
243480.554081633 399.881216281888 60000
294912.780612245 399.881216281888 60000
350056.901020408 97.0040818877551 60000
409184.745918367 97.0040818877551 60000
472582.206122449 44.0170506505102 60000
540563.292857143 44.0170506505102 60000
613446.704081633 24.9580925127551 60000
691598.005102041 24.9580925127551 60000
775392.134693878 15.7118582079082 60000
865236.83877551 15.7118582079082 60000
961572.670408163 10.9967297130102 60000
1064863.61632653 10.9967297130102 60000
1175615.84387755 8.396578125 60000
1294368.32755102 8.396578125 60000
1421692.84897959 6.94696132015306 60000
1558217.43061224 6.94696132015306 60000
1704598.21530612 6.12173474489796 60000
1861552.27346939 6.12173474489796 60000
2029838.85612245 5.52974156887755 60000
2210278.14183673 5.52974156887755 60000
2403755.92346939 5.04252620535714 60000
2611200.1744898 5.04252620535714 60000
2833627.91632653 4.68401052933673 60000
3072117.09795918 4.68401052933673 60000
3327834.71632653 4.46475922193877 60000
3602018.06938775 4.46475922193877 60000
3895998.18979592 4.34581380102041 60000
4211213.90510204 4.34581380102041 60000
4549197.77755102 4.28003352678571 60000
4911585.47755102 4.28003352678571 60000
5300148.59081633 4.25509619260204 60000
5716771.18469388 4.25509619260204 60000
6163477.92857143 4.29249242984694 60000
6642452.84081633 4.29249242984694 60000
7156015.85510204 4.41224826530612 60000
7706669.6877551 4.41224826530612 60000
8297090.46428571 4.61863058035714 60000
8930151.15306122 4.61863058035714 60000
9608930.93877551 4.91416825892857 60000
10336733.9693878 4.91416825892857 60000
11117098.7295918 5.29554153061224 60000
11953816.7877551 5.29554153061224 60000
12850965.6030612 5.7255396747449 60000
13812908.5255102 5.7255396747449 60000
14844318.2295918 6.10122051658163 60000
15950218.894898 6.10122051658163 60000
17135986.2061224 6.25555078443877 60000
18407394.2204082 6.25555078443877 60000
19770615.3673469 5.98017582908163 60000
21232290.75 5.98017582908163 60000
22799530.144898 5.98017582908163 60000
24479954.1826531 5.98017582908163 60000
0 7828.92444714881 70000
34057.5542857143 7828.92444714881 70000
70582.7742857143 7828.92444714881 70000
109745.194285714 7828.92444714881 70000
151737.895 305.574051494048 70000
196772.794285714 305.574051494048 70000
245061.81 383.363651739583 70000
296845.115714286 383.363651739583 70000
352372.303571429 142.800642004464 70000
411916.512142857 142.800642004464 70000
475765.007857143 57.8785440252976 70000
544233.312857143 57.8785440252976 70000
617651.077142857 28.1235795773809 70000
696380.915714286 28.1235795773809 70000
780804.280714286 16.6589216160714 70000
871330.88 16.6589216160714 70000
968408.095714286 11.63520278125 70000
1072502.14714286 11.63520278125 70000
1184131.05571429 8.84604001785714 70000
1303826.97071429 8.84604001785714 70000
1432183.26214286 7.13177171875 70000
1569821.55571429 7.13177171875 70000
1717410.57 6.06003640029762 70000
1875680.24428571 6.06003640029762 70000
2045388.77357143 5.36969435863095 70000
2227379.12 5.36969435863095 70000
2422527.21071429 4.90739947767857 70000
2631789.03071429 4.90739947767857 70000
2856181.78571429 4.60691761607143 70000
3096807.44857143 4.60691761607143 70000
3354838.63142857 4.44119000297619 70000
3631528.00428571 4.44119000297619 70000
3928227.13214286 4.37437701190476 70000
4246386.475 4.37437701190476 70000
4587550.67857143 4.3662240610119 70000
4953396.24857143 4.3662240610119 70000
5345698.58571429 4.39709931547619 70000
5766369.66 4.39709931547619 70000
6217467.42928571 4.47095661309524 70000
6701191.13 4.47095661309524 70000
7219895.405 4.59605682589286 70000
7776113.85 4.59605682589286 70000
8372563.72285714 4.77059472767857 70000
9012145.94357143 4.77059472767857 70000
9697987.47785714 4.98697659523809 70000
10433427.2092857 4.98697659523809 70000
11222058.3228571 5.23318393898809 70000
12067728.305 5.23318393898809 70000
12974553.0714286 5.47612421577381 70000
13946964.06 5.47612421577381 70000
14989703.5214286 5.63319851636905 70000
16107857.4842857 5.63319851636905 70000
17306879.3014286 5.57399887053571 70000
18592613.1964286 5.57399887053571 70000
19971341.3564286 5.14776926934524 70000
21449774.5135714 5.14776926934524 70000
23035136.7121429 5.14776926934524 70000
24735155.89 5.14776926934524 70000
0 871939.572596105 80000
34412.1814285714 871939.572596105 80000
71308.5502040816 871939.572596105 80000
110879.465510204 871939.572596105 80000
153305.768571429 1641.67942190434 80000
198801.613469388 1641.67942190434 80000
247585.913265306 309.197298960459 80000
299901.375918367 309.197298960459 80000
355995.468367347 156.625335298469 80000
416148.970408163 156.625335298469 80000
480652.179795918 62.5543279285714 80000
549814.430204082 62.5543279285714 80000
623983.127142857 29.4956300395408 80000
703510.435102041 29.4956300395408 80000
788791.349387755 16.6928347653061 80000
880239.90122449 16.6928347653061 80000
978298.675714286 11.1086778558673 80000
1083443.57081633 11.1086778558673 80000
1196198.07428571 8.45352416709184 80000
1317104.70979592 8.45352416709184 80000
1446748.83183673 7.07806009056122 80000
1585772.90265306 7.07806009056122 80000
1734843.17938775 6.22666872704082 80000
1894697.30387755 6.22666872704082 80000
2066110.98979592 5.58636785204082 80000
2249917.05857143 5.58636785204082 80000
2447010.19836735 5.09385312244898 80000
2658361.24102041 5.09385312244898 80000
2884988.60816326 4.74025102423469 80000
3128005.90102041 4.74025102423469 80000
3388598.1055102 4.51096735331633 80000
3668026.35122449 4.51096735331633 80000
3967665.98326531 4.38392242729592 80000
4288968.49040816 4.38392242729592 80000
4633499.57693877 4.3391582755102 80000
5002948.68061224 4.3391582755102 80000
5399109.93673469 4.35540820790816 80000
5823915.49102041 4.35540820790816 80000
6279440.25857143 4.42622777295918 80000
6767897.16489796 4.42622777295918 80000
7291679.97673469 4.56161082780612 80000
7853334.74816327 4.56161082780612 80000
8455597.89244898 4.76235053571429 80000
9101410.45897959 4.76235053571429 80000
9793918.1332653 5.02348962627551 80000
10536504.5497959 5.02348962627551 80000
11332781.7740816 5.35484349489796 80000
12186637.892449 5.35484349489796 80000
13102232.2530612 5.77480361479592 80000
14084028.7787755 5.77480361479592 80000
15136819.7620408 6.29532692219388 80000
16265735.3828571 6.29532692219388 80000
17476277.0216326 6.88386397959184 80000
18774350.5720408 6.88386397959184 80000
20166290.2359184 7.2647806377551 80000
21658868.0412245 7.2647806377551 80000
23259379.5036735 7.2647806377551 80000
24975615.0728571 7.2647806377551 80000
0 7826680.20467107 90000
34546.8555102041 7826680.20467107 90000
71587.3763265306 7826680.20467107 90000
111294.200816327 7826680.20467107 90000
153859.149387755 3797.38030309524 90000
199493.224489796 3797.38030309524 90000
248417.019591837 325.249714988946 90000
300865.514693878 325.249714988946 90000
357088.076326531 152.172118869898 90000
417362.844081633 152.172118869898 90000
481982.344081633 62.8016719413265 90000
551253.488979592 62.8016719413265 90000
625521.555510204 31.7069443767007 90000
705131.820408163 31.7069443767007 90000
790482.311020408 18.1075468112245 90000
881985.44122449 18.1075468112245 90000
980072.806938775 11.6390729192177 90000
1085233.55020408 11.6390729192177 90000
1197966.40408163 8.50775461564626 90000
1318822.8522449 8.50775461564626 90000
1448387.94693878 6.90522498384354 90000
1587285.1044898 6.90522498384354 90000
1736190.49183673 6.0015710297619 90000
1895823.4355102 6.0015710297619 90000
2066956.01265306 5.42047508078231 90000
2250417.84653061 5.42047508078231 90000
2447100.90204082 5.04127011139456 90000
2657949.89469388 5.04127011139456 90000
2883991.06367347 4.77939529166667 90000
3126312.98979592 4.77939529166667 90000
3386100.16408163 4.56592515306122 90000
3664599.41918367 4.56592515306122 90000
3963163.08897959 4.39478538265306 90000
4283234.62204082 4.39478538265306 90000
4626372.55918367 4.30359076360544 90000
4994226.55591837 4.30359076360544 90000
5388580.54204082 4.31692827636054 90000
5811352.72163265 4.31692827636054 90000
6264576.39102041 4.42054126870748 90000
6750457.48489796 4.42054126870748 90000
7271341.0077551 4.5781137414966 90000
7829754.19346939 4.5781137414966 90000
8428392.11877551 4.76485890136054 90000
9070165.65836735 4.76485890136054 90000
9758172.71183673 4.97817918027211 90000
10495746.1587755 4.97817918027211 90000
11286458.6542857 5.20507674744898 90000
12134137.0155102 5.20507674744898 90000
13042890.9946939 5.41269236734694 90000
14017108.4836735 5.41269236734694 90000
15061517.8555102 5.60968793027211 90000
16181168.782449 5.60968793027211 90000
17381489.7820408 5.91389311819728 90000
18668283.4216327 5.91389311819728 90000
20047783.8644898 6.63058211819728 90000
21526671.2563265 6.63058211819728 90000
23112105.2938776 6.63058211819728 90000
24811758.7934694 6.63058211819728 90000
0 96162.7447481633 hpsmc
8124.10775510204 96162.7447481633 hpsmc
16856.3853061225 96162.7447481633 hpsmc
26243.4481632653 96162.7447481633 hpsmc
36334.08 341.099370176871 hpsmc
47181.4008163265 341.099370176871 hpsmc
58840.6987755102 46.9360754013605 hpsmc
71373.7665306122 46.9360754013605 hpsmc
84846.7330612245 17.693619292517 hpsmc
99328.9795918367 17.693619292517 hpsmc
114896.391836735 7.64200084353741 hpsmc
131630.275918367 7.64200084353741 hpsmc
149618.44244898 4.43509540136054 hpsmc
168955.206530612 4.43509540136054 hpsmc
189740.303673469 3.2813231292517 hpsmc
212083.226122449 3.2813231292517 hpsmc
236099.970612245 2.68994304761905 hpsmc
261917.374693878 2.68994304761905 hpsmc
289668.780408163 2.26003466666667 hpsmc
319499.454693877 2.26003466666667 hpsmc
351566.589387755 1.89984854421769 hpsmc
386036.048979592 1.89984854421769 hpsmc
423088.875102041 1.60397556462585 hpsmc
462919.118367347 1.60397556462585 hpsmc
505732.754285714 1.37674979591837 hpsmc
551755.271836735 1.37674979591837 hpsmc
601227.337142857 1.21471346938776 hpsmc
654405.87755102 1.21471346938776 hpsmc
711570.586122449 1.10902680272109 hpsmc
773018.50122449 1.10902680272109 hpsmc
839071.595102041 1.05101036734694 hpsmc
910073.521632653 1.05101036734694 hpsmc
986397.204897959 1.03460234013605 hpsmc
1068440.50285714 1.03460234013605 hpsmc
1156631.6277551 1.0564262585034 hpsmc
1251431.31428571 1.0564262585034 hpsmc
1353336.07183673 1.11603493877551 hpsmc
1462876.01632653 1.11603493877551 hpsmc
1580625.71102041 1.21746206802721 hpsmc
1707199.83020408 1.21746206802721 hpsmc
1843258.57959184 1.37156427210884 hpsmc
1989513.11673469 1.37156427210884 hpsmc
2146727.71918367 1.59826832653061 hpsmc
2315724.12081633 1.59826832653061 hpsmc
2497384.76408163 1.92806628571429 hpsmc
2692659.3044898 1.92806628571429 hpsmc
2902566.77877551 2.40171961904762 hpsmc
3128204.27755102 2.40171961904762 hpsmc
3370751.28163265 3.06539213605442 hpsmc
3631473.99836735 3.06539213605442 hpsmc
3911735.11836735 3.95621589115646 hpsmc
4212998.15183673 3.95621589115646 hpsmc
4536837.18530612 5.06791902040816 hpsmc
4884945.55428571 5.06791902040816 hpsmc
5259139.0955102 6.54987216326531 hpsmc
5661374.57632653 6.54987216326531 hpsmc
6093752.94693878 6.54987216326531 hpsmc
6558533.43346939 6.54987216326531 hpsmc
