0 11279991.481001 100000
34136.7418367347 11279991.481001 100000
70719.656122449 11279991.481001 100000
109920.404081633 11279991.481001 100000
151929.720408163 4212.07015134566 100000
196943.108163265 4212.07015134566 100000
245179.912244898 826.422970625 100000
296873.782653061 826.422970625 100000
352263.137755102 267.153443048469 100000
411619.774489796 267.153443048469 100000
475229.794897959 80.8379329506803 100000
543388.837755102 80.8379329506803 100000
616430.68877551 33.7246257546769 100000
694698.670408163 33.7246257546769 100000
778574.252040816 17.7076897704082 100000
868448.439795918 17.7076897704082 100000
964764.691836735 11.2793941454082 100000
1067971.23469388 11.2793941454082 100000
1178568.74693878 8.44026849064626 100000
1297081.74897959 8.44026849064626 100000
1424082.44489796 6.93151732568027 100000
1560171.64897959 6.93151732568027 100000
1706007.39591837 5.97477421981293 100000
1862281.09897959 5.97477421981293 100000
2029746.16020408 5.3238722087585 100000
2209198.89693878 5.3238722087585 100000
2401497.61530612 4.8701918579932 100000
2607567.37857143 4.8701918579932 100000
2828385.70204082 4.54428388392857 100000
3065015.93163265 4.54428388392857 100000
3318588.17040816 4.3145677869898 100000
3590308.81530612 4.3145677869898 100000
3881489.16734694 4.17512284438776 100000
4193512.05306122 4.17512284438776 100000
4527874.73979592 4.12560136267007 100000
4886174.63061224 4.12560136267007 100000
5270123.56938776 4.15087370960884 100000
5681562.14591837 4.15087370960884 100000
6122459.69591837 4.23406185161565 100000
6594919.06938776 4.23406185161565 100000
7101205.24081633 4.36951328656463 100000
7643735.77244898 4.36951328656463 100000
8225109.4244898 4.55637368197279 100000
8848101.38673469 4.55637368197279 100000
9515696.65714286 4.82217042517007 100000
10231090.0418367 4.82217042517007 100000
10997695.6918367 5.23237916028912 100000
11819185.25 5.23237916028912 100000
12699492.6193878 5.78405939413265 100000
13642818.7316327 5.78405939413265 100000
14653679.2306122 6.30259947491497 100000
15736914.0091837 6.30259947491497 100000
16897696.7459184 6.54895518707483 100000
18141582.5887755 6.54895518707483 100000
19474522.4602041 6.29685756590136 100000
20902891.6673469 6.29685756590136 100000
22433518.5122449 6.29685756590136 100000
24073731.9755102 6.29685756590136 100000
0 9523611.43413525 10000
31033.7497959184 9523611.43413525 10000
64337.5373469388 9523611.43413525 10000
100072.598979592 9523611.43413525 10000
138425.629387755 5111.26970290434 10000
179583.323265306 5111.26970290434 10000
223749.34755102 129.527903480867 10000
271148.584489796 129.527903480867 10000
322014.40244898 45.7164565365646 10000
376597.142040816 45.7164565365646 10000
435172.602244898 32.7027048903061 10000
498033.554285714 32.7027048903061 10000
565493.984693878 22.8299588728741 10000
637884.852244898 22.8299588728741 10000
715571.060204082 14.5642369353741 10000
798942.970204082 14.5642369353741 10000
888407.916122449 9.9762325127551 10000
984415.662448979 9.9762325127551 10000
1087449.91816327 7.76071809438776 10000
1198015.60755102 7.76071809438776 10000
1316668.57163265 6.54624789540816 10000
1444002.83897959 6.54624789540816 10000
1580646.38265306 5.76434010884354 10000
1727286.57857143 5.76434010884354 10000
1884648.99020408 5.21946032993197 10000
2053522.82693878 5.21946032993197 10000
2234748.21489796 4.81813745578231 10000
2429224.68306122 4.81813745578231 10000
2637928.1355102 4.50408020748299 10000
2861893.87918367 4.50408020748299 10000
3102242.0822449 4.25914949829932 10000
3360165.04489796 4.25914949829932 10000
3636956.90081633 4.08801269557823 10000
3933988.15877551 4.08801269557823 10000
4252748.13326531 4.00195811011905 10000
4594819.48612245 4.00195811011905 10000
4961907.92795918 4.01130168452381 10000
5355846.46122449 4.01130168452381 10000
5778599.62326531 4.12065774787415 10000
6232267.72938775 4.12065774787415 10000
6719120.81734694 4.31910041751701 10000
7241577.43204082 4.31910041751701 10000
7802247.05612245 4.56762004931973 10000
8403921.62387755 4.56762004931973 10000
9049600.97959184 4.82224792134354 10000
9742509.84979592 4.82224792134354 10000
10486089.3571429 5.08265696428571 10000
11284060.6663265 5.08265696428571 10000
12140386.7965306 5.39535289710884 10000
13059348.9965306 5.39535289710884 10000
14045517.0432653 5.79454540093537 10000
15103817.1308163 5.79454540093537 10000
16239514.8981633 6.20236546258503 10000
17458279.075102 6.20236546258503 10000
18766181.4822449 6.29389182908163 10000
20169739.4616327 6.29389182908163 10000
21675954.0642857 6.29389182908163 10000
23292327.022449 6.29389182908163 10000
0 9474509.98901764 20000
31549.7946938775 9474509.98901764 20000
65391.5942857143 9474509.98901764 20000
101690.353673469 9474509.98901764 20000
140628.391428571 1344.80919394792 20000
182396.707959184 1344.80919394792 20000
227203.667346939 189.893166497874 20000
275261.974591837 189.893166497874 20000
326819.062040816 73.5743429747024 20000
382118.021122449 73.5743429747024 20000
441436.670612245 32.8335218216412 20000
505070.192959184 32.8335218216412 20000
573322.452448979 19.3934778543792 20000
646540.72255102 19.3934778543792 20000
725076.617653061 13.1935792833758 20000
809320.820408163 13.1935792833758 20000
899690.058979592 10.0232799895833 20000
996622.766122449 10.0232799895833 20000
1100605.12469388 8.21726803358843 20000
1212140.68122449 8.21726803358843 20000
1331785.07326531 6.91851951955782 20000
1460124.32479592 6.91851951955782 20000
1597787.86897959 5.96165450127551 20000
1745457.23 5.96165450127551 20000
1903861.68214286 5.27630488329082 20000
2073778.24979592 5.27630488329082 20000
2256040.38928571 4.78215463222789 20000
2451551.01163265 4.78215463222789 20000
2661273.80071429 4.44535362840136 20000
2886233.21326531 4.44535362840136 20000
3127544.86530612 4.23452064944728 20000
3386393.82755102 4.23452064944728 20000
3664056.33 4.10391326806973 20000
3961895.42102041 4.10391326806973 20000
4281382.67193878 4.02661779039116 20000
4624089.49520408 4.02661779039116 20000
4991700.16714286 4.0110447457483 20000
5386029.19163265 4.0110447457483 20000
5809021.30010204 4.08097874936225 20000
6262747.11061225 4.08097874936225 20000
6749455.21887755 4.24675661309524 20000
7271533.13 4.24675661309524 20000
7831555.00857143 4.48535338244048 20000
8432277.3377551 4.48535338244048 20000
9076656.28295918 4.75425518813775 20000
9767869.39642857 4.75425518813775 20000
10509315.6172449 5.03390076679422 20000
11304645.6577551 5.03390076679422 20000
12157783.7081633 5.34956692431973 20000
13072923.0956122 5.34956692431973 20000
14054569.6933673 5.69589081781463 20000
15107559.2844898 5.69589081781463 20000
16237079.2664286 5.92680054421769 20000
17448690.3556122 5.92680054421769 20000
18748352.6329592 5.75164448809524 20000
20142473.2939796 5.75164448809524 20000
21637915.3306122 5.75164448809524 20000
23242040.9404082 5.75164448809524 20000
0 7360117.89047904 30000
31761.3397959184 7360117.89047904 30000
65831.8030612245 7360117.89047904 30000
102394.376938775 7360117.89047904 30000
141614.62122449 6058.48889980718 30000
183697.307244898 6058.48889980718 30000
228847.206326531 227.759158965986 30000
277290.873979592 227.759158965986 30000
329263.579387755 64.3239109440901 30000
385022.375918367 64.3239109440901 30000
444850.457959184 37.792091357568 30000
509035.376734694 37.792091357568 30000
577903.895 23.2236280701531 30000
651787.132346939 23.2236280701531 30000
731059.776734694 14.6063859204932 30000
816109.586632653 14.6063859204932 30000
907359.175204081 10.3337722859269 30000
1005261.65346939 10.3337722859269 30000
1110300.63030612 8.17162851913265 30000
1222994.56928571 8.17162851913265 30000
1343905.50234694 6.90987044727891 30000
1473630.31612245 6.90987044727891 30000
1612809.46561224 5.97571926764456 30000
1762135.68785714 5.97571926764456 30000
1922349.64510204 5.24363454506803 30000
2094235.56795918 5.24363454506803 30000
2278656.11010204 4.7176917372449 30000
2476521.85040816 4.7176917372449 30000
2688808.72030612 4.38254207142857 30000
2916566.71744898 4.38254207142857 30000
3160932.97622449 4.19193954102891 30000
3423109.98357143 4.19193954102891 30000
3704400.43367347 4.10501157142857 30000
4006194.15744898 4.10501157142857 30000
4329985.54989796 4.1025790042517 30000
4677382.28377551 4.1025790042517 30000
5050100.9527551 4.16874846215986 30000
5449988.85561224 4.16874846215986 30000
5879028.35306122 4.28842532121599 30000
6339341.22459183 4.28842532121599 30000
6833210.45265306 4.45196100340136 30000
7363080.22265306 4.45196100340136 30000
7931577.70714286 4.65248441411565 30000
8541513.06581633 4.65248441411565 30000
9195909.94336735 4.87928499638605 30000
9898009.82632653 4.87928499638605 30000
10651289.4704082 5.10772846917517 30000
11459478.3278571 5.10772846917517 30000
12326584.6884694 5.31396115136054 30000
13256895.6795918 5.31396115136054 30000
14255020.8344898 5.49965316369047 30000
15325909.5196939 5.49965316369047 30000
16474859.6486735 5.6680358267432 30000
17707561.2502041 5.6680358267432 30000
19030122.6093878 5.76784369494048 30000
20449092.0518367 5.76784369494048 30000
21971497.1552041 5.76784369494048 30000
23604879.6038775 5.76784369494048 30000
0 9874891.06458683 40000
31952.6145918367 9874891.06458683 40000
66219.9970408163 9874891.06458683 40000
102969.69244898 9874891.06458683 40000
142382.473163265 4177.90336932207 40000
184652.33877551 4177.90336932207 40000
229986.516122449 272.911984616709 40000
278605.459285714 272.911984616709 40000
330747.258673469 103.422009110969 40000
386667.641020408 103.422009110969 40000
446639.969387755 52.0447169215561 40000
510959.652244898 52.0447169215561 40000
579939.734387755 26.3215008711735 40000
653919.715102041 26.3215008711735 40000
733256.73 15.1609486894133 40000
818347.596428572 15.1609486894133 40000
909602.358979592 10.2515281473214 40000
1007470.74397959 10.2515281473214 40000
1112433.34132653 7.92687659885204 40000
1225001.6044898 7.92687659885204 40000
1345726.66867347 6.59956850127551 40000
1475199.35081633 6.59956850127551 40000
1614054.55867347 5.7214080382653 40000
1762975.69989796 5.7214080382653 40000
1922685.86387755 5.13198730867347 40000
2093974.27622449 5.13198730867347 40000
2277669.84428571 4.73307564795918 40000
2474680.83887755 4.73307564795918 40000
2685968.43979592 4.45827044961735 40000
2912564.37214286 4.45827044961735 40000
3155584.13357143 4.27076506760204 40000
3416218.17612245 4.27076506760204 40000
3695736.31530612 4.14653000701531 40000
3995509.7755102 4.14653000701531 40000
4317006.78091837 4.07116226785714 40000
4661805.7827551 4.07116226785714 40000
5031591.05020408 4.04644385395408 40000
5428170.30673469 4.04644385395408 40000
5853492.36642857 4.08894556377551 40000
6309633.90673469 4.08894556377551 40000
6798834.74112245 4.22310105803571 40000
7323484.59183673 4.22310105803571 40000
7886153.95346939 4.45941864795918 40000
8489598.50204081 4.45941864795918 40000
9136776.73132653 4.77530179017857 40000
9830854.36193877 4.77530179017857 40000
10575226.3867347 5.13905102487245 40000
11373547.9343878 5.13905102487245 40000
12229716.6330612 5.53855056313775 40000
13147934.337551 5.53855056313775 40000
14132689.4929592 5.9457108807398 40000
15188810.0436735 5.9457108807398 40000
16321467.842449 6.26836380038265 40000
17536205.104898 6.26836380038265 40000
18838969.6821429 6.33296603188775 40000
20236145.9243878 6.33296603188775 40000
21734572.3172449 6.33296603188775 40000
23341585.572551 6.33296603188775 40000
0 6695862.34642145 50000
32266.8816326531 6695862.34642145 50000
66871.6204081633 6695862.34642145 50000
103987.885714286 6695862.34642145 50000
143789.346938776 2129.94501309524 50000
186476.391836735 2129.94501309524 50000
232253.86122449 194.823172687075 50000
281353.314285714 194.823172687075 50000
334006.310204082 83.6380174914966 50000
390480.032653061 83.6380174914966 50000
451041.665306122 45.428998792517 50000
515989.563265306 45.428998792517 50000
585648.8 23.9395643707483 50000
660353.355102041 23.9395643707483 50000
740468.379591837 14.663364702381 50000
826394.648979592 14.663364702381 50000
918541.844897959 10.265428664966 50000
1017368.63265306 10.265428664966 50000
1123355.94285714 7.95898415816326 50000
1237024.78367347 7.95898415816326 50000
1358927.33469388 6.68258837585034 50000
1489664.75918367 6.68258837585034 50000
1629878.29795918 5.8538087414966 50000
1780249.26938776 5.8538087414966 50000
1941512.42857143 5.27004024659864 50000
2114469.32653061 5.27004024659864 50000
2299952.68571429 4.86851328231293 50000
2498879.83673469 4.86851328231293 50000
2712217.09387755 4.57746862244898 50000
2941015.37959184 4.57746862244898 50000
3186396.86530612 4.34700414965986 50000
3449554.97142857 4.34700414965986 50000
3731781.08571429 4.17869698979592 50000
4034460.11020408 4.17869698979592 50000
4359070.46122449 4.09487738945578 50000
4707201.88163265 4.09487738945578 50000
5080559.89387755 4.10373712585034 50000
5480974.70612245 4.10373712585034 50000
5910401.2122449 4.19040482993197 50000
6370945.71020408 4.19040482993197 50000
6864861.44897959 4.33814441326531 50000
7394566.44081633 4.33814441326531 50000
7962652.36734694 4.53426465136054 50000
8571906.84489796 4.53426465136054 50000
9225308.97142857 4.76330043367347 50000
9926056.04489796 4.76330043367347 50000
10677581.3755102 5.00219789115646 50000
11483563.1918367 5.00219789115646 50000
12347946.9061224 5.18760295068027 50000
13274962.9265306 5.18760295068027 50000
14269153.3755102 5.22053704931973 50000
15335385.4489796 5.22053704931973 50000
16478882.5877551 5.0667487244898 50000
17705233.3836735 5.0667487244898 50000
19020449.4693878 4.70933489795918 50000
20430965.5183673 4.70933489795918 50000
21943692.6816327 4.70933489795918 50000
23566031.9469388 4.70933489795918 50000
0 7137919.30479984 60000
32550.4928571429 7137919.30479984 60000
67451.1042857143 7137919.30479984 60000
104877.417857143 7137919.30479984 60000
145009.519285714 639.254959111607 60000
188045.502857143 639.254959111607 60000
234187.965 418.869982584821 60000
283671.017142857 418.869982584821 60000
336728.770714286 124.28412975 60000
393622.35 124.28412975 60000
454630.887857143 48.8832354017857 60000
520051.525714286 48.8832354017857 60000
590199.413571429 23.6484526830357 60000
665416.714285714 23.6484526830357 60000
746077.105714286 14.22882553125 60000
832567.772142857 14.22882553125 60000
925307.412857143 10.3572452991071 60000
1024755.24642857 10.3572452991071 60000
1131393.00214286 8.22546189732143 60000
1245742.92857143 8.22546189732143 60000
1368354.28714286 6.82988202678571 60000
1499834.86714286 6.82988202678571 60000
1640819.47071429 5.91833879017857 60000
1791996.92571429 5.91833879017857 60000
1954105.58357143 5.30639440178571 60000
2127933.31928571 5.30639440178571 60000
2314326.53571429 4.87026807142857 60000
2514199.16785714 4.87026807142857 60000
2728519.17642857 4.54285911160714 60000
2958335.56071429 4.54285911160714 60000
3204764.85214286 4.30986383928571 60000
3469013.625 4.30986383928571 60000
3752369.49214286 4.17248282589286 60000
4056205.60714286 4.17248282589286 60000
4382012.17928571 4.10979048660714 60000
4731373.96285714 4.10979048660714 60000
5105992.76785714 4.0926166875 60000
5507696.46428571 4.0926166875 60000
5938438.98214286 4.12173054464286 60000
6400327.32428571 4.12173054464286 60000
6895608.06 4.22243785267857 60000
7426698.84 4.22243785267857 60000
7996183.89428571 4.41004589732143 60000
8606841.045 4.41004589732143 60000
9261650.71071428 4.69711378125 60000
9963795.90642857 4.69711378125 60000
10716711.7671429 5.11363703125 60000
11524058.535 5.11363703125 60000
12389775.585 5.66274838839286 60000
13318081.425 5.66274838839286 60000
14313505.2107143 6.24936822321429 60000
15380891.2478571 6.24936822321429 60000
16525448.5157143 6.69010925 60000
17752759.6714286 6.69010925 60000
19068799.0585714 6.89986220982143 60000
20479986.7328571 6.89986220982143 60000
21993197.4664286 6.89986220982143 60000
23615814.7735714 6.89986220982143 60000
0 11819050.4924227 70000
33066.9518367347 11819050.4924227 70000
68516.7771428571 11819050.4924227 70000
106523.608979592 11819050.4924227 70000
147275.327755102 244764.478959003 70000
190968.97877551 244764.478959003 70000
237810.772244898 958.960429493197 70000
288038.995510204 958.960429493197 70000
341887.353469388 118.084153984694 70000
399621.628163265 118.084153984694 70000
461521.348979592 52.3369039906462 70000
527888.95755102 52.3369039906462 70000
599040.642857143 27.7502895161565 70000
675333.835918367 27.7502895161565 70000
757125.967755102 15.9161914005102 70000
844824.87632653 15.9161914005102 70000
938847.564489796 10.7826265569728 70000
1039656.85959184 10.7826265569728 70000
1147738.50122449 8.24203092176871 70000
1263619.47102041 8.24203092176871 70000
1387863.41020408 6.78663557908163 70000
1521070.61959184 6.78663557908163 70000
1663887.2244898 5.8816782797619 70000
1817014.33959184 5.8816782797619 70000
1981185.15673469 5.28124380867347 70000
2157206.18693878 5.28124380867347 70000
2345925.18326531 4.84718087585034 70000
2548263.21795918 4.84718087585034 70000
2765200.93510204 4.52266711394558 70000
2997792.29795918 4.52266711394558 70000
3247164.58897959 4.29692422108843 70000
3514532.15714286 4.29692422108843 70000
3801191.8355102 4.17431507057823 70000
4108536.68857143 4.17431507057823 70000
4438056.0122449 4.15301622959184 70000
4791353.66367347 4.15301622959184 70000
5170143.47877551 4.22214438180272 70000
5576267.60204081 4.22214438180272 70000
6011691.90408163 4.35810946173469 70000
6478538.05877551 4.35810946173469 70000
6979065.21346939 4.52865293792517 70000
7515711.23102041 4.52865293792517 70000
8091078.94244898 4.6959505127551 70000
8707963.64163265 4.6959505127551 70000
9369362.25020408 4.83087499489796 70000
10078482.482449 4.83087499489796 70000
10838770.34 4.93154567091837 70000
11653919.2767347 4.93154567091837 70000
12527879.3636735 5.03701837159864 70000
13464907.6959184 5.03701837159864 70000
14469545.4804082 5.25061777465986 70000
15546673.0253061 5.25061777465986 70000
16701523.4873469 5.7368728920068 70000
17939705.7840816 5.7368728920068 70000
19267227.5061224 6.8451572712585 70000
20690536.1591837 6.8451572712585 70000
22216546.6587755 6.8451572712585 70000
23852668.824898 6.8451572712585 70000
0 12343734.2565611 80000
32923.6690816327 12343734.2565611 80000
68224.7285714286 12343734.2565611 80000
106076.245204082 12343734.2565611 80000
146664.948877551 301483.939645395 80000
190186.678265306 301483.939645395 80000
236855.489591837 1113.12596544494 80000
286899.102244898 1113.12596544494 80000
340558.89877551 112.794166397321 80000
398099.033673469 112.794166397321 80000
459797.324591837 47.8716630858844 80000
525954.361122449 47.8716630858844 80000
596893.504795918 27.4550923560799 80000
672965.443469388 27.4550923560799 80000
754529.97377551 17.0223278605442 80000
841992.43622449 17.0223278605442 80000
935780.943265306 11.3897836875 80000
1036341.82489796 11.3897836875 80000
1144176.06377551 8.29194606632653 80000
1259807.4144898 8.29194606632653 80000
1383791.51234694 6.61819907801871 80000
1516743.19969388 6.61819907801871 80000
1659300.09081633 5.6742168210034 80000
1812163.56142857 5.6742168210034 80000
1976080.53112245 5.11327755080782 80000
2151843.46336735 5.11327755080782 80000
2340308.58306122 4.77758122002551 80000
2542400.43091837 4.77758122002551 80000
2759102.75469388 4.56351550722789 80000
2991467.61795918 4.56351550722789 80000
3240624.50887755 4.40071512159864 80000
3507798.5577551 4.40071512159864 80000
3794278.65632653 4.26592422066327 80000
4101472.11040816 4.26592422066327 80000
4430868.20479592 4.17183816028912 80000
4784074.63836735 4.17183816028912 80000
5162817.52408163 4.14815534396259 80000
5568932.28020408 4.14815534396259 80000
6004404.61979592 4.22556095918367 80000
6471356.88755102 4.22556095918367 80000
6972061.72295918 4.40840065093537 80000
7508960.27785714 4.40840065093537 80000
8084666.77081633 4.65764900914116 80000
8701991.25908163 4.65764900914116 80000
9363939.63857143 4.91395666836735 80000
10073736.4158163 4.91395666836735 80000
10834838.3711224 5.13086887351191 80000
11650957.3305102 5.13086887351191 80000
12526073.8288776 5.29599389455782 80000
13464441.6643878 5.29599389455782 80000
14470647.1055102 5.45695354846939 80000
15549581.5646939 5.45695354846939 80000
16706505.3597959 5.67806907397959 80000
17947061.3772449 5.67806907397959 80000
19277288.7352041 5.95960614370748 80000
20703672.8818367 5.95960614370748 80000
22233163.8128571 5.95960614370748 80000
23873217.0610204 5.95960614370748 80000
0 6513748.46855038 90000
33170.0375510204 6513748.46855038 90000
68730.3771428571 6513748.46855038 90000
106860.291428571 6513748.46855038 90000
147739.053061224 2239.2919705 90000
191568.918367347 2239.2919705 90000
238561.337142857 388.393197321429 90000
288941.549387755 388.393197321429 90000
342962.375510204 169.332128096939 90000
400876.635918367 169.332128096939 90000
462969.328163265 65.685442622449 90000
529548.433469388 65.685442622449 90000
600926.529795918 30.9718215612245 90000
677457.565714286 30.9718215612245 90000
759509.28 17.7266082602041 90000
847481.588571428 17.7266082602041 90000
941801.987755102 11.4506672295918 90000
1042930.15102041 11.4506672295918 90000
1151353.3322449 8.33122730102041 90000
1267600.15591837 8.33122730102041 90000
1392236.02040816 6.66838725510204 90000
1525863.09795918 6.66838725510204 90000
1669134.12489796 5.75213353571428 90000
1822743.20816327 5.75213353571428 90000
1987435.01877551 5.21530195918367 90000
2164013.98530612 5.21530195918367 90000
2353330.50367347 4.83437630102041 90000
2556308.51755102 4.83437630102041 90000
2773931.72816326 4.53469792857143 90000
3007261.98122449 4.53469792857143 90000
3257425.47673469 4.31643921938775 90000
3525644.94612245 4.31643921938775 90000
3813212.07183673 4.18215710714286 90000
4121533.45469388 4.18215710714286 90000
4452098.43673469 4.1245542755102 90000
4806520.47183673 4.1245542755102 90000
5186514.14204082 4.13935001530612 90000
5593927.33469388 4.13935001530612 90000
6030736.64571428 4.2327116122449 90000
6499070.36326531 4.2327116122449 90000
7001194.67755102 4.41451246938775 90000
7539550.45469388 4.41451246938775 90000
8116748.64 4.67389280102041 90000
8735602.43510204 4.67389280102041 90000
9399108.91102041 4.96593867857143 90000
10110490.3787755 4.96593867857143 90000
10873203.5828571 5.23774934693877 90000
11690953.4914286 5.23774934693877 90000
12567711.6832653 5.47366717857143 90000
13507730.1379592 5.47366717857143 90000
14515582.6065306 5.72191000510204 90000
15596155.4179592 5.72191000510204 90000
16754698.0432653 6.06611924489796 90000
17996841.482449 6.06611924489796 90000
19328612.0546939 6.6704653622449 90000
20756481.962449 6.6704653622449 90000
22287378.484898 6.6704653622449 90000
23928748.3322449 6.6704653622449 90000
0 2821014.18250367 hpsmc
8278.79183673469 2821014.18250367 hpsmc
17175.9673469388 2821014.18250367 hpsmc
26735.9346938775 2821014.18250367 hpsmc
37008.6530612245 3612.60805523809 hpsmc
48047.4122448979 3612.60805523809 hpsmc
59909.9428571428 91.2288023129252 hpsmc
72656.1959183673 91.2288023129252 hpsmc
86353.893877551 21.0972243537415 hpsmc
101072.979591837 21.0972243537415 hpsmc
116888.946938776 7.1237725170068 hpsmc
133885.06122449 7.1237725170068 hpsmc
152149.028571429 4.07203891156463 hpsmc
171774.106122449 4.07203891156463 hpsmc
192863.542857143 3.15623619047619 hpsmc
215525.028571429 3.15623619047619 hpsmc
239876.244897959 2.70964040816327 hpsmc
266043.755102041 2.70964040816327 hpsmc
294163.004081633 2.32234108843537 hpsmc
324378.318367347 2.32234108843537 hpsmc
356847.346938776 1.95295306122449 hpsmc
391738.840816327 1.95295306122449 hpsmc
429230.432653061 1.63821020408163 hpsmc
469518.628571429 1.63821020408163 hpsmc
512812.146938775 1.39657428571429 hpsmc
559333.028571428 1.39657428571429 hpsmc
609323.297959184 1.22616258503401 hpsmc
663041.632653061 1.22616258503401 hpsmc
720765.583673469 1.11667333333333 hpsmc
782794.906122449 1.11667333333333 hpsmc
849449.33877551 1.05706925170068 hpsmc
921075.265306122 1.05706925170068 hpsmc
998042.383673469 1.03951646258503 hpsmc
1080748.14693878 1.03951646258503 hpsmc
1169622.20408163 1.06056639455782 hpsmc
1265124.17959184 1.06056639455782 hpsmc
1367748.11428571 1.12054285714286 hpsmc
1478024.68571429 1.12054285714286 hpsmc
1596524.53877551 1.22351659863946 hpsmc
1723861.61632653 1.22351659863946 hpsmc
1860695.37959184 1.37896367346939 hpsmc
2007733.02857143 1.37896367346939 hpsmc
2165735.05306122 1.60446231292517 hpsmc
2335519.67346939 1.60446231292517 hpsmc
2517966.17142857 1.9283874829932 hpsmc
2714018.22040816 1.9283874829932 hpsmc
2924691.65714286 2.39132176870748 hpsmc
3151074.48163265 2.39132176870748 hpsmc
3394339.06938776 3.04033088435374 hpsmc
3655745.50204082 3.04033088435374 hpsmc
3936646.00816326 3.90125945578231 hpsmc
4238492.73469388 3.90125945578231 hpsmc
4562851.06938775 4.92588068027211 hpsmc
4911396.31020408 4.92588068027211 hpsmc
5285934.75918367 6.12368217687075 hpsmc
5688403.72244898 6.12368217687075 hpsmc
6120884.83265306 6.12368217687075 hpsmc
6585618.48163265 6.12368217687075 hpsmc
