0 4218664.97254012 100000
12399.252244898 4218664.97254012 100000
25651.4489795918 4218664.97254012 100000
39814.2946938775 4218664.97254012 100000
54950.9036734694 107587.566878974 100000
71127.9967346939 107587.566878974 100000
88417.7044897959 3660.40069504592 100000
106895.764081633 3660.40069504592 100000
126645.125714286 1665.45379811224 100000
147752.346122449 1665.45379811224 100000
170311.195102041 487.67307452551 100000
194420.852244898 487.67307452551 100000
220187.710204082 77.6887455187075 100000
247727.177959184 77.6887455187075 100000
277160.074285714 15.5206368673469 100000
308616.234285714 15.5206368673469 100000
342234.509387755 5.52108368537415 100000
378166.373877551 5.52108368537415 100000
416568.711836735 3.10260060884354 100000
457609.226938776 3.10260060884354 100000
501473.655510204 2.24689486904762 100000
548353.143673469 2.24689486904762 100000
598456.870204082 1.85373795068027 100000
652006.636734694 1.85373795068027 100000
709236.867755102 1.64177538435374 100000
770401.823673469 1.64177538435374 100000
835773.79755102 1.5141455255102 100000
905639.508571428 1.5141455255102 100000
980310.921632653 1.43337051020408 100000
1060114.4277551 1.43337051020408 100000
1145407.07346939 1.38154165986395 100000
1236562.13469388 1.38154165986395 100000
1333987.14938775 1.34511570068027 100000
1438109.49142857 1.34511570068027 100000
1549392.6 1.32380335884354 100000
1668326.96326531 1.32380335884354 100000
1795439.13469388 1.32508067176871 100000
1931291.73306122 1.32508067176871 100000
2076483.44244898 1.34807606122449 100000
2231659.83183673 1.34807606122449 100000
2397507.94530612 1.3889613452381 100000
2574756.30204082 1.3889613452381 100000
2764194.7322449 1.46060357312925 100000
2966658.1477551 1.46060357312925 100000
3183040.96816326 1.59153566156463 100000
3414304.33387755 1.59153566156463 100000
3661468.89306122 1.79950850340136 100000
3925627.4244898 1.79950850340136 100000
4207950.24734694 2.05482832993197 100000
4509683.41795918 2.05482832993197 100000
4832164.95918367 2.2469098962585 100000
5176821.25387755 2.2469098962585 100000
5545174.25795918 2.23166854761905 100000
5938854.12326531 2.23166854761905 100000
6359604.60734694 1.91161901020408 100000
6809286.68 1.91161901020408 100000
7289885.73632653 1.91161901020408 100000
7803533.23591837 1.91161901020408 100000
0 39.8618189834184 10000
9511.90653061224 39.8618189834184 10000
19720.5036734694 39.8618189834184 10000
30675.1836734694 39.8618189834184 10000
42431.837755102 163.317900288265 10000
55048.9567346939 163.317900288265 10000
68588.9308163265 76.7653864017857 10000
83120.6491836735 76.7653864017857 10000
98715.6006122449 30.7281828520408 10000
115451.772857143 30.7281828520408 10000
133412.352857143 14.3159684923469 10000
152687.026530612 14.3159684923469 10000
173373.278571429 8.20466928061224 10000
195572.493061224 8.20466928061224 10000
219396.45244898 5.07003540943877 10000
244963.438163265 5.07003540943877 10000
272402.13 3.24016646811224 10000
301849.006530612 3.24016646811224 10000
333450.944693877 2.30366621683673 10000
367363.92 2.30366621683673 10000
403760.805306122 1.86118589923469 10000
442819.672653061 1.86118589923469 10000
484736.79122449 1.62763694387755 10000
529722.727959184 1.62763694387755 10000
577999.747959184 1.48889997704082 10000
629809.613265306 1.48889997704082 10000
685410.983265306 1.41398840561224 10000
745082.014285714 1.41398840561224 10000
809119.059795918 1.36827620790816 10000
877843.169387755 1.36827620790816 10000
951596.189387755 1.3262927997449 10000
1030745.96204082 1.3262927997449 10000
1115688.92510204 1.29051591709184 10000
1206846.21244898 1.29051591709184 10000
1304676.65204082 1.27167970790816 10000
1409665.0677551 1.27167970790816 10000
1522336.57714286 1.27290368239796 10000
1643253.99183673 1.27290368239796 10000
1773019.11734694 1.29179134183673 10000
1912281.85163265 1.29179134183673 10000
2061734.98591837 1.32757905612245 10000
2222125.90285714 1.32757905612245 10000
2394253.97693877 1.37887496045918 10000
2578978.37326531 1.37887496045918 10000
2777220.64714286 1.434882625 10000
2989969.94326531 1.434882625 10000
3218289.49469388 1.48188107908163 10000
3463316.62285714 1.48188107908163 10000
3726275.7355102 1.52445210331633 10000
4008478.32673469 1.52445210331633 10000
4311332.0755102 1.57778435459184 10000
4636348.64448979 1.57778435459184 10000
4985150.17897959 1.63066438520408 10000
5359478.4055102 1.63066438520408 10000
5761198.53122449 1.61012760969388 10000
6192317.44102041 1.61012760969388 10000
6654984.99734694 1.61012760969388 10000
7151510.93755102 1.61012760969388 10000
0 4233615.30744748 110000
12705.4007142857 4233615.30744748 110000
26276.6978571429 4233615.30744748 110000
40773.48 4233615.30744748 110000
56260.9221428571 9315354.42745467 110000
72804.1992857143 9315354.42745467 110000
90475.935 6871520.03070603 110000
109352.477142857 6871520.03070603 110000
129519.484285714 75590.5993234464 110000
151060.752857143 75590.5993234464 110000
174071.252142857 953.551449910714 110000
198651.537857143 953.551449910714 110000
224909.614285714 61.9287069598214 110000
252960.934285714 61.9287069598214 110000
282922.812857143 12.41738540625 110000
314931.186428571 12.41738540625 110000
349121.991428571 5.24109417857143 110000
385646.061428571 5.24109417857143 110000
424663.540714286 3.29846407589286 110000
466340.16 3.29846407589286 110000
510862.133571429 2.48013763839286 110000
558421.262142857 2.48013763839286 110000
609226.105714286 2.01770161607143 110000
663496.397142857 2.01770161607143 110000
721468.628571428 1.70607976785714 110000
783396.051428571 1.70607976785714 110000
849550.538571429 1.48994317410714 110000
920216.997857143 1.48994317410714 110000
995704.545 1.35958153571429 110000
1076342.77928571 1.35958153571429 110000
1162483.64571429 1.30552508035714 110000
1254499.57285714 1.30552508035714 110000
1352794.64571429 1.30478410267857 110000
1457797.15714286 1.30478410267857 110000
1569961.47 1.33461330357143 110000
1689779.19 1.33461330357143 110000
1817771.71714286 1.37864910267857 110000
1954497.69428571 1.37864910267857 110000
2100551.145 1.42318923214286 110000
2256568.92214286 1.42318923214286 110000
2423230.70785714 1.46081615625 110000
2601264.6 1.46081615625 110000
2791445.25 1.49876895535714 110000
2994601.31142857 1.49876895535714 110000
3211617.30214286 1.55751180357143 110000
3443439.19071429 1.55751180357143 110000
3691078.12071429 1.64897017410714 110000
3955612.27285714 1.64897017410714 110000
4238196.17571429 1.75596191964286 110000
4540056.98142857 1.75596191964286 110000
4862514.94928571 1.85692497767857 110000
5206972.27285714 1.85692497767857 110000
5574931.70142857 1.95670867857143 110000
5967994.67785714 1.95670867857143 110000
6387876.23571429 2.06809197767857 110000
6836403.13714286 2.06809197767857 110000
7315532.49428571 2.06809197767857 110000
7827349.90714286 2.06809197767857 110000
0 4249905.52969436 120000
13074.3714285714 4249905.52969436 120000
27031.3355102041 4249905.52969436 120000
41930.8930612245 4249905.52969436 120000
57836.9159183673 3586624.46916566 120000
74817.1469387755 3586624.46916566 120000
92943.2 321375.757448184 120000
112296.366530612 321375.757448184 120000
132954.066938775 9614.85934085884 120000
155009.205714286 9614.85934085884 120000
178552.751836735 653.390220187075 120000
203687.287346939 653.390220187075 120000
230519.265306122 76.6514783469388 120000
259164.816326531 76.6514783469388 120000
289743.942040816 16.1439696428571 120000
322388.257142857 16.1439696428571 120000
357239.053877551 6.13866416326531 120000
394443.431020408 6.13866416326531 120000
434160.100408163 3.4497404829932 120000
476559.386938775 3.4497404829932 120000
521823.228571428 2.41434333163265 120000
570145.176326531 2.41434333163265 120000
621728.45877551 1.90960259353741 120000
676799.530612245 1.90960259353741 120000
735588.71755102 1.64819177891156 120000
798347.635918367 1.64819177891156 120000
865347.257142857 1.51966986904762 120000
936872.10122449 1.51966986904762 120000
1013229.91428571 1.44439465136054 120000
1094743.92653061 1.44439465136054 120000
1181764.46530612 1.38714387244898 120000
1274661.21306122 1.38714387244898 120000
1373834.82040816 1.34948206972789 120000
1479705.29306122 1.34948206972789 120000
1592729.41142857 1.33956257993197 120000
1713387.18204082 1.33956257993197 120000
1842193.45061224 1.35676039455782 120000
1979701.77306122 1.35676039455782 120000
2126498.60897959 1.39099069897959 120000
2283209.12816327 1.39099069897959 120000
2450506.88816326 1.43371708673469 120000
2629104.15673469 1.43371708673469 120000
2819765.46040816 1.48239113605442 120000
3023305.64897959 1.48239113605442 120000
3240591.83102041 1.53549266496599 120000
3472556.92244898 1.53549266496599 120000
3720191.9044898 1.59290876870748 120000
3984551.63020408 1.59290876870748 120000
4266768.37306122 1.65401443877551 120000
4568047.95591837 1.65401443877551 120000
4889679.42857143 1.70084572108843 120000
5233035.0677551 1.70084572108843 120000
5599581.99020408 1.6947528962585 120000
5990889.89469388 1.6947528962585 120000
6408629.12653061 1.57505368707483 120000
6854584.22612245 1.57505368707483 120000
7330661.67102041 1.57505368707483 120000
7838897.61795918 1.57505368707483 120000
0 3307808.47454084 130000
13070.7232653061 3307808.47454084 130000
27031.2375510204 3307808.47454084 130000
41944.8254081633 3307808.47454084 130000
57872.8517346939 8611238.81431776 130000
74888.1873469388 8611238.81431776 130000
93061.7854081633 3332774.13263982 130000
112476.105 3332774.13263982 130000
133211.68755102 30277.5332916845 130000
155362.498061224 30277.5332916845 130000
179022.501530612 981.527371961735 130000
204293.333571429 981.527371961735 130000
231288.135714286 96.4669739343112 130000
260121.967142857 96.4669739343112 130000
290923.310612245 18.9087423475765 130000
323820.648877551 18.9087423475765 130000
358963.558877551 6.44358195812075 130000
396499.699897959 6.44358195812075 130000
436593.990102041 3.40991873703231 130000
479420.935918367 3.40991873703231 130000
525168.467346939 2.40223999468537 130000
574032.185 2.40223999468537 130000
626228.783673469 1.95973755569728 130000
681980.711122449 1.95973755569728 130000
741533.426938775 1.70571244685374 130000
805145.814285714 1.70571244685374 130000
873092.09755102 1.54390247959184 130000
945671.430612245 1.54390247959184 130000
1023196.39091837 1.4436731462585 130000
1106004.48540816 1.4436731462585 130000
1194458.1505102 1.38293947576531 130000
1288940.91683673 1.38293947576531 130000
1389863.16214286 1.34711931462585 130000
1497662.11132653 1.34711931462585 130000
1612809.50704082 1.33663214944728 130000
1735805.85673469 1.33663214944728 130000
1867186.18561224 1.35798202019558 130000
2007520.03663265 1.35798202019558 130000
2157417.22346939 1.41684597895408 130000
2317533.58346939 1.41684597895408 130000
2488561.38938776 1.51588876445578 130000
2671246.60826531 1.51588876445578 130000
2866383.14846939 1.64443943643707 130000
3074820.53030612 1.64443943643707 130000
3297463.88602041 1.77414869047619 130000
3535283.54806122 1.77414869047619 130000
3789311.21377551 1.86383093197279 130000
4060651.45132653 1.86383093197279 130000
4350487.45265306 1.86711491284014 130000
4660077.19816327 1.86711491284014 130000
4990768.79795918 1.78012537585034 130000
5344000.49183673 1.78012537585034 130000
5721306.4022449 1.69190933992347 130000
6124328.04020408 1.69190933992347 130000
6554820.05826531 1.84406712011054 130000
7014652.16816327 1.84406712011054 130000
7505826.39969388 1.84406712011054 130000
8030477.10071428 1.84406712011054 130000
0 3455168.36189418 140000
13721.3265306122 3455168.36189418 140000
28360.1387755102 3455168.36189418 140000
43981.9714285714 3455168.36189418 140000
60648.2632653061 3460643.13167562 140000
78432.7408163265 3460643.13167562 140000
97409.1306122449 64076.4062994452 140000
117655.255102041 64076.4062994452 140000
139259.176530612 4071.63358628189 140000
162308.957142857 4071.63358628189 140000
186904.946938776 482.573665389031 140000
213147.495918367 482.573665389031 140000
241149.241836735 76.5313088456633 140000
271024.870408163 76.5313088456633 140000
302905.451020408 17.7436164987245 140000
336920.005102041 17.7436164987245 140000
373211.889795918 6.63448750637755 140000
411936.75 6.63448750637755 140000
453256.374489796 3.64970219387755 140000
497344.839795918 3.64970219387755 140000
544386.462244898 2.53331697704082 140000
594579.893877551 2.53331697704082 140000
648136.074489796 2.00512697066327 140000
705280.279591837 2.00512697066327 140000
766252.120408163 1.71389864158163 140000
831309.639795918 1.71389864158163 140000
900725.216326531 1.54306897959184 140000
974791.708163265 1.54306897959184 140000
1053822.45306122 1.44134940688776 140000
1138145.1244898 1.44134940688776 140000
1228118.11530612 1.38353722576531 140000
1324120.29795918 1.38353722576531 140000
1426553.07244898 1.36010089285714 140000
1535848.55816327 1.36010089285714 140000
1652467.54591837 1.36845485969388 140000
1776899.49795918 1.36845485969388 140000
1909668.69183673 1.40455014030612 140000
2051330.1244898 1.40455014030612 140000
2202485.89591837 1.45888932397959 140000
2363766.77755102 1.45888932397959 140000
2535852.69183673 1.51595485331633 140000
2719468.61632653 1.51595485331633 140000
2915386.63163265 1.55655137755102 140000
3124430.01734694 1.55655137755102 140000
3347479.39591837 1.56574586096939 140000
3585472.73265306 1.56574586096939 140000
3839409.43163265 1.54697290178571 140000
4110360.5755102 1.54697290178571 140000
4399464.82959184 1.53041856505102 140000
4707936.63367347 1.53041856505102 140000
5037076.44183674 1.55088962372449 140000
5388268.6744898 1.55088962372449 140000
5762987.8622449 1.60066783163265 140000
6162812.98163265 1.60066783163265 140000
6589425.40714286 1.61049803571429 140000
7044619.15102041 1.61049803571429 140000
7530311.10306122 1.61049803571429 140000
8048541.03061225 1.61049803571429 140000
0 3574432.91803371 150000
13853.5771428571 3574432.91803371 150000
28644.0914285714 3574432.91803371 150000
44437.0057142857 3574432.91803371 150000
61297.7828571429 6192666.25347971 150000
79302.1142857143 6192666.25347971 150000
98525.6914285714 11753557.9701185 150000
119050.342857143 11753557.9701185 150000
140966.08 159354.019437071 150000
164364.96 159354.019437071 150000
189347.222857143 3082.13499161905 150000
216023.337142857 3082.13499161905 150000
244503.771428571 220.897161928571 150000
274913.314285714 220.897161928571 150000
307382.891428571 32.8931167142857 150000
342051.611428571 32.8931167142857 150000
379066.765714286 8.52207066666667 150000
418589.965714286 8.52207066666667 150000
460786.914285714 3.76811621428571 150000
505843.771428571 3.76811621428571 150000
553950.788571429 2.45996716666667 150000
605316.628571429 2.45996716666667 150000
660160.182857143 1.95863078571429 150000
718716.708571428 1.95863078571429 150000
781237.828571429 1.7039564047619 150000
847995.622857143 1.7039564047619 150000
919270.354285714 1.56509928571429 150000
995375.017142857 1.56509928571429 150000
1076630.78857143 1.48619864285714 150000
1163391.57714286 1.48619864285714 150000
1256025.61142857 1.4338240952381 150000
1354931.80571429 1.4338240952381 150000
1460537.71428571 1.40426352380952 150000
1573293.39428571 1.40426352380952 150000
1693685.72571429 1.40379045238095 150000
1822230.22857143 1.40379045238095 150000
1959479.24571429 1.4324475 150000
2106021.94285714 1.4324475 150000
2262488.4 1.4858449047619 150000
2429549.61142857 1.4858449047619 150000
2607925.66857143 1.55857430952381 150000
2798379.62285714 1.55857430952381 150000
3001729.76 1.65206345238095 150000
3218851.64571429 1.65206345238095 150000
3450676.08 1.77596554761905 150000
3698197.28 1.77596554761905 150000
3962481.06285714 1.92176530952381 150000
4244662.8 1.92176530952381 150000
4545951.50857143 2.05132295238095 150000
4867642.12571429 2.05132295238095 150000
5211117.55428571 2.14150485714286 150000
5577852.75428571 2.14150485714286 150000
5969420.88 2.20878328571429 150000
6387505.55428571 2.20878328571429 150000
6833900.86857143 2.31052347619048 150000
7310525.70285714 2.31052347619048 150000
7819425.77142857 2.31052347619048 150000
8362787.94285714 2.31052347619048 150000
0 5789914.26534719 160000
14353.4 5789914.26534719 160000
29667.85 5789914.26534719 160000
46001.4 5789914.26534719 160000
63427.15 11154849.0425599 160000
82018.2 11154849.0425599 160000
101847.65 4966162.02884187 160000
123001.5 4966162.02884187 160000
145567.9 143579.678608854 160000
169641.45 143579.678608854 160000
195321.05 3489.37760770833 160000
222716.35 3489.37760770833 160000
251941.3 182.342785520833 160000
283116.3 182.342785520833 160000
316372.5 24.0236072916667 160000
351849.65 24.0236072916667 160000
389696.1 7.475093125 160000
430066.65 7.475093125 160000
473135.45 4.05361 160000
519078.8 4.05361 160000
568088.05 2.79307395833333 160000
620371.75 2.79307395833333 160000
676144.9 2.130891875 160000
735641.85 2.130891875 160000
799112 1.76500666666667 160000
866817.65 1.76500666666667 160000
939044.75 1.563076875 160000
1016094.3 1.563076875 160000
1098288.8 1.45098572916667 160000
1185970.1 1.45098572916667 160000
1279503.7 1.39482145833333 160000
1379285.2 1.39482145833333 160000
1485727.4 1.37796635416667 160000
1599275.35 1.37796635416667 160000
1720404.2 1.39241614583333 160000
1849621.35 1.39241614583333 160000
1987464.3 1.43178354166667 160000
2134511.4 1.43178354166667 160000
2291375.4 1.48525583333333 160000
2458714.2 1.48525583333333 160000
2637222.25 1.54348052083333 160000
2827649.9 1.54348052083333 160000
3030792.65 1.61097708333333 160000
3247497.6 1.61097708333333 160000
3478669.9 1.70150552083333 160000
3725274.9 1.70150552083333 160000
3988346.75 1.81041197916667 160000
4268981.95 1.81041197916667 160000
4568354.4 1.8999146875 160000
4887713.25 1.8999146875 160000
5228393.65 1.9262925 160000
5591818.9 1.9262925 160000
5979511.2 1.885200625 160000
6393085.2 1.885200625 160000
6834271.65 1.80781854166667 160000
7304913.1 1.80781854166667 160000
7806978.95 1.80781854166667 160000
8342563.3 1.80781854166667 160000
0 5424749.73548379 170000
14769.8571428571 5424749.73548379 170000
30513.1821428571 5424749.73548379 170000
47297.1107142857 5424749.73548379 170000
65186.5407142857 7507841.93097395 170000
84259.7971428571 7507841.93097395 170000
104588.491428571 5245319.91135088 170000
126262.137857143 5245319.91135088 170000
149363.537142857 151347.167317744 170000
173991.155 151347.167317744 170000
200243.457142857 3825.11587869048 170000
228227.860714286 3825.11587869048 170000
258058.496428571 250.719346022321 170000
289860.684285714 250.719346022321 170000
323759.744285714 38.8528784776786 170000
359896.661428571 38.8528784776786 170000
398416.896428571 10.5471605803571 170000
439481.575 10.5471605803571 170000
483256.298571428 4.49195273660714 170000
529920.095714286 4.49195273660714 170000
579663.184285714 2.68419775 170000
632686.971428571 2.68419775 170000
689213.005 1.98115161755952 170000
749469.546428571 1.98115161755952 170000
813700.522142857 1.66091426041667 170000
882172.237142857 1.66091426041667 170000
955164.423571428 1.50857679761905 170000
1032972.47857143 1.50857679761905 170000
1115914.17785714 1.43844328720238 170000
1204331.91357143 1.43844328720238 170000
1298583.74285714 1.41322543452381 170000
1399056.815 1.41322543452381 170000
1506160.65785714 1.41970123363095 170000
1620333.89142857 1.41970123363095 170000
1742041.99 1.45149279166667 170000
1871781.75785714 1.45149279166667 170000
2010083.56714286 1.49685602083333 170000
2157513.59571429 1.49685602083333 170000
2314676.065 1.54294655357143 170000
2482206.52642857 1.54294655357143 170000
2660796.47785714 1.58347507886905 170000
2851173.22285714 1.58347507886905 170000
3054113.29785714 1.61307540178571 170000
3270446.94785714 1.61307540178571 170000
3501058.12642857 1.62037641071429 170000
3746888.97142857 1.62037641071429 170000
4008944.28071429 1.5999839375 170000
4288293.75 1.5999839375 170000
4586080.92428571 1.56261638541667 170000
4903520.96 1.56261638541667 170000
5241911.81428571 1.51764478125 170000
5602636.48285714 1.51764478125 170000
5987165.23785714 1.45956772619048 170000
6397075.76857143 1.45956772619048 170000
6834035.27857143 1.35466351041667 170000
7299836.29142857 1.35466351041667 170000
7796378.74785714 1.35466351041667 170000
8325690.14642857 1.35466351041667 170000
0 3994672.43966566 180000
15150.4718367347 3994672.43966566 180000
31299.1412244898 3994672.43966566 180000
48508.2514285714 3994672.43966566 180000
66846.9616326531 6787919.83078242 180000
86393.652244898 6787919.83078242 180000
107222.093061224 12541820.6430426 180000
129422.191020408 12541820.6430426 180000
153079.24244898 924805.574704939 180000
178292.375510204 924805.574704939 180000
205160.718367347 9696.34277942857 180000
233797.231020408 9696.34277942857 180000
264314.873469388 340.582151591837 180000
296838.132244898 340.582151591837 180000
331500.715102041 36.5802421496599 180000
368440.940408163 36.5802421496599 180000
407806.347755102 9.58575582312925 180000
449762.919183673 9.58575582312925 180000
494474.331428571 4.37970221768707 180000
542125.008979592 4.37970221768707 180000
592908.59755102 2.74616229931973 180000
647027.964081633 2.74616229931973 180000
704704.417959184 2.07390621768708 180000
766173.100408163 2.07390621768708 180000
831682.984489796 1.74491982312925 180000
901496.875102041 1.74491982312925 180000
975898.324897959 1.56569187755102 180000
1055191.63428571 1.56569187755102 180000
1139694.9355102 1.47194276190476 180000
1229751.71918367 1.47194276190476 180000
1325728.52897959 1.43862628571429 180000
1428014.96163265 1.43862628571429 180000
1537021.36163265 1.44388046258503 180000
1653194.95836735 1.44388046258503 180000
1777001.42367347 1.46301450340136 180000
1908947.92489796 1.46301450340136 180000
2049564.68244898 1.47896914285714 180000
2199423.4122449 1.47896914285714 180000
2359132.71510204 1.49075982312925 180000
2529338.07673469 1.49075982312925 180000
2710728.78367347 1.51031650340136 180000
2904042.53387755 1.51031650340136 180000
3110063.13142857 1.55361303401361 180000
3329622.79183673 1.55361303401361 180000
3563613.66857143 1.62909740136054 180000
3812983.24244898 1.62909740136054 180000
4078743.54285714 1.73054047619048 180000
4361968.84244898 1.73054047619048 180000
4663811.79428571 1.84252072108844 180000
4985491.90530612 1.84252072108844 180000
5328313.97877551 1.95021693877551 180000
5693668.11428571 1.95021693877551 180000
6083036.62367347 2.03556129251701 180000
6497994.03102041 2.03556129251701 180000
6940227.82040816 2.06350832653061 180000
7411524.60408163 2.06350832653061 180000
7913797.78612245 2.06350832653061 180000
8449082.95183674 2.06350832653061 180000
0 5592934.75440469 190000
15286.4081632653 5592934.75440469 190000
31582.6457142857 5592934.75440469 190000
48955.8802040816 5592934.75440469 190000
67473.2791836735 12247639.7788833 190000
87213.5908163265 12247639.7788833 190000
108257.879387755 12919041.443223 190000
130691.841428571 12919041.443223 190000
154603.489591837 179318.660991769 190000
180097.049387755 179318.660991769 190000
207269.797959184 2891.77259365561 190000
236237.541428571 2891.77259365561 190000
267118.402040816 197.591026235969 190000
300035.134285714 197.591026235969 190000
335126.705510204 35.2168010701531 190000
372532.083061224 35.2168010701531 190000
412408.763265306 10.9294247678571 190000
454916.558571429 10.9294247678571 190000
500229.178163265 4.90448096556122 190000
548534.227959184 4.90448096556122 190000
600026.262244898 2.90275766326531 190000
654918.364285714 2.90275766326531 190000
713432.881836735 2.08286479209184 190000
775808.375510204 2.08286479209184 190000
842301.934897959 1.71087622576531 190000
913184.54632653 1.71087622576531 190000
988743.408979592 1.53961827168367 190000
1069293.5155102 1.53961827168367 190000
1155156.80693878 1.46833960331633 190000
1246687.65 1.46833960331633 190000
1344261.25653061 1.45015804209184 190000
1448275.99959184 1.45015804209184 190000
1559153.41346939 1.46328273596939 190000
1677349.77428571 1.46328273596939 190000
1803349.15163265 1.49472409821429 190000
1937663.40857143 1.49472409821429 190000
2080843.7822449 1.5377943252551 190000
2233473.9355102 1.5377943252551 190000
2396179.22142857 1.59189026020408 190000
2569622.05102041 1.59189026020408 190000
2754513.47387755 1.64851462882653 190000
2951608.54591837 1.64851462882653 190000
3161713.2777551 1.69065358163265 190000
3385684.63469388 1.69065358163265 190000
3624439.80122449 1.70999320408163 190000
3878951.54877551 1.70999320408163 190000
4150264.44857143 1.71581246173469 190000
4439483.29102041 1.71581246173469 190000
4747793.93081633 1.72696845153061 190000
5076451.70632653 1.72696845153061 190000
5426802.28469388 1.75329504336735 190000
5800279.34571429 1.75329504336735 190000
6198404.58183673 1.79247611479592 190000
6622808.54326531 1.79247611479592 190000
7075226.00571429 1.86919284566327 190000
7557502.91877551 1.86919284566327 190000
8071612.61877551 1.86919284566327 190000
8619655.82877551 1.86919284566327 190000
0 5336989.63106443 200000
15605.2891836735 5336989.63106443 200000
32225.712244898 5336989.63106443 200000
49930.7005102041 5336989.63106443 200000
68792.0794897959 8638299.12099894 200000
88879.2805102041 8638299.12099894 200000
110276.1 10679965.6697534 200000
133068.728571429 10679965.6697534 200000
157348.145204082 1784872.86155502 200000
183207.723061224 1784872.86155502 200000
210752.80622449 21889.3572747494 200000
240093.527142857 21889.3572747494 200000
271347.200816327 704.503689130102 200000
304638.324795918 704.503689130102 200000
340098.579183673 60.8862755089286 200000
377871.615 60.8862755089286 200000
418103.47744898 12.3925590516582 200000
460959.365204082 12.3925590516582 200000
506609.265306122 4.72782941517857 200000
555232.741530612 4.72782941517857 200000
607026.116938775 2.75636879655612 200000
662197.685510204 2.75636879655612 200000
720962.92377551 2.06562685522959 200000
783556.461734694 2.06562685522959 200000
850232.082857143 1.7466018807398 200000
921253.147346939 1.7466018807398 200000
996902.168877551 1.58080466135204 200000
1077483.20877551 1.58080466135204 200000
1163317.08765306 1.50032018686224 200000
1254743.77959184 1.50032018686224 200000
1352129.59469388 1.46544989923469 200000
1455862.39071429 1.46544989923469 200000
1566358.75561224 1.45523970344388 200000
1684054.43081633 1.45523970344388 200000
1809421.0705102 1.45662134693878 200000
1942961.45326531 1.45662134693878 200000
2085202.2994898 1.46212796938775 200000
2236715.81908163 1.46212796938775 200000
2398105.34632653 1.4806978565051 200000
2570012.52244898 1.4806978565051 200000
2753126.87234694 1.53518049872449 200000
2948173.83367347 1.53518049872449 200000
3155933.91030612 1.63907809438776 200000
3377235.48979592 1.63907809438776 200000
3612959.63173469 1.78025013711735 200000
3864049.6444898 1.78025013711735 200000
4131503.90265306 1.92067399744898 200000
4416390.21214286 1.92067399744898 200000
4719845.81020408 1.99351204783163 200000
5043079.75959184 1.99351204783163 200000
5387380.13112245 1.92638512308673 200000
5754121.18622449 1.92638512308673 200000
6144768.16530612 1.71251469068878 200000
6560874.89357143 1.71251469068878 200000
7004102.9344898 1.38434193941326 200000
7476219.19561224 1.38434193941326 200000
7979105.50530612 1.38434193941326 200000
8514770.58367347 1.38434193941326 200000
0 3577524.65498495 20000
9956.22204081633 3577524.65498495 20000
20629.7232653061 3577524.65498495 20000
32073.0212244898 3577524.65498495 20000
44340.0155102041 354747.493980529 20000
57490.133877551 354747.493980529 20000
71588.3322448979 1515.67583071088 20000
86702.3306122449 1515.67583071088 20000
102905.377142857 80.9066791054422 20000
120274.866122449 80.9066791054422 20000
138896.484081633 16.3959707908163 20000
158860.063673469 16.3959707908163 20000
180260.965714286 6.63630374659864 20000
203202.843265306 6.63630374659864 20000
227799.023673469 4.07907907312925 20000
254166.980408163 4.07907907312925 20000
282433.86122449 3.18294077380952 20000
312736.488163265 3.18294077380952 20000
345224.121632653 2.66787719557823 20000
380050.168163265 2.66787719557823 20000
417386.000816327 2.21430867517007 20000
457412.666938776 2.21430867517007 20000
500322.270204082 1.84218842687075 20000
546322.116734694 1.84218842687075 20000
595636.097142857 1.5749046122449 20000
648503.304489796 1.5749046122449 20000
705179.416326531 1.39985474659864 20000
765938.076734694 1.39985474659864 20000
831075.04244898 1.29915291836735 20000
900902.654693877 1.29915291836735 20000
975762.27755102 1.25606203741497 20000
1056014.62367347 1.25606203741497 20000
1142048.04653061 1.25385077210884 20000
1234279.92244898 1.25385077210884 20000
1333155.26857143 1.27176259693878 20000
1439155.03510204 1.27176259693878 20000
1552790.57714286 1.28975792006803 20000
1674613.32897959 1.28975792006803 20000
1805210.65795918 1.30374532482993 20000
1945218.30285714 1.30374532482993 20000
2095312.08163265 1.32396343027211 20000
2256217.56571429 1.32396343027211 20000
2428716.99020408 1.35831866156463 20000
2613642.34367347 1.35831866156463 20000
2811890.57061224 1.40723426870748 20000
3024419.42530612 1.40723426870748 20000
3252261.2922449 1.46510722789116 20000
3496516.27591837 1.46510722789116 20000
3758367.40326531 1.5325767329932 20000
4039083.3877551 1.5325767329932 20000
4340022.7755102 1.64767769897959 20000
4662642.23755102 1.64767769897959 20000
5008503.48 1.88223593877551 20000
5379281.53632653 1.88223593877551 20000
5776770.2955102 2.3465152755102 20000
6202896.32244898 2.3465152755102 20000
6659720.24 2.3465152755102 20000
7149454.6955102 2.3465152755102 20000
0 4323231.98782337 210000
16205.2546938775 4323231.98782337 210000
33452.4375510204 4323231.98782337 210000
51812.0171428571 4323231.98782337 210000
71354.4620408163 8548147.76557128 210000
92152.7575510204 8548147.76557128 210000
114289.955918367 9171544.04782566 210000
137854.142857143 9171544.04782566 210000
162935.920816327 258842.00915875 210000
189633.44244898 258842.00915875 210000
218047.377142857 6046.95857481633 210000
248293.494693877 6046.95857481633 210000
280485.048163265 376.860419886054 210000
314750.391020408 376.860419886054 210000
351220.393469388 54.4906198231292 210000
390041.026122449 54.4906198231292 210000
431360.77632653 14.3198009523809 210000
475340.715102041 14.3198009523809 210000
522151.980408163 5.76014507142857 210000
571975.777142857 5.76014507142857 210000
625010.927346939 3.17590945578231 210000
681458.769795918 3.17590945578231 210000
741543.293877551 2.17621000340136 210000
805493.522448979 2.17621000340136 210000
873563.645714286 1.72428310034014 210000
946017.920816326 1.72428310034014 210000
1023135.70530612 1.51600757482993 210000
1105219.00734694 1.51600757482993 210000
1192587.4522449 1.43672518877551 210000
1285580.79918367 1.43672518877551 210000
1384561.45795918 1.42624928061224 210000
1489917.00571429 1.42624928061224 210000
1602057.67020408 1.45073501190476 210000
1721416.32979592 1.45073501190476 210000
1848461.09714286 1.49396517346939 210000
1983685.2522449 1.49396517346939 210000
2127617.30938775 1.54476651190476 210000
2280818.50040816 1.54476651190476 210000
2443882.77469388 1.59436191496599 210000
2617444.34938775 1.59436191496599 210000
2802185.25959184 1.63803250510204 210000
2998817.74122449 1.63803250510204 210000
3208114.43183673 1.66795018877551 210000
3430885.72 1.66795018877551 210000
3667999.87918367 1.67197696428571 210000
3920383.0677551 1.67197696428571 210000
4189016.8122449 1.65133449659864 210000
4474948.07428571 1.65133449659864 210000
4779289.25061224 1.63071300170068 210000
5103225.72326531 1.63071300170068 210000
5448020.89306122 1.65025439795918 210000
5815018.69632653 1.65025439795918 210000
6205646.12163265 1.74818683673469 210000
6621423.27673469 1.74818683673469 210000
7063973.4555102 1.95013382312925 210000
7535020.62122449 1.95013382312925 210000
8036394.44 1.95013382312925 210000
8570052.93142857 1.95013382312925 210000
0 5344521.32899978 220000
16342.9255102041 5344521.32899978 220000
33740.4780612245 5344521.32899978 220000
52263.4719387755 5344521.32899978 220000
71982.7214285714 12762330.4953962 220000
92974.0989795918 12762330.4953962 220000
115326.12244898 10561392.9067323 220000
139119.72244898 10561392.9067323 220000
164451.004081633 1336565.11626285 220000
191418.601530612 1336565.11626285 220000
220131.265306122 15076.0874289211 220000
250697.745918367 15076.0874289211 220000
283239.439285714 565.77729025085 220000
317882.799489796 565.77729025085 220000
354764.396938776 65.8483338190901 220000
394030.918367347 65.8483338190901 220000
435834.108673469 15.0388572555272 220000
480338.358163265 15.0388572555272 220000
527718.173469388 5.48654754251701 220000
578160.706632653 5.48654754251701 220000
631863.226020408 2.97991677827381 220000
689033.116326531 2.97991677827381 220000
749897.994897959 2.1450722002551 220000
814698.124489796 2.1450722002551 220000
883681.355102041 1.81315658056973 220000
957125.885714286 1.81315658056973 220000
1035314.97346939 1.64046772534014 220000
1118554.6372449 1.64046772534014 220000
1207173.65765306 1.51863448660714 220000
1301521.04795918 1.51863448660714 220000
1401963.525 1.43299345982143 220000
1508895.6255102 1.43299345982143 220000
1622739.70612245 1.39543659757653 220000
1743938.35612245 1.39543659757653 220000
1872967.04285714 1.40789759353741 220000
2010334.11173469 1.40789759353741 220000
2156578.25714286 1.46264167304422 220000
2312273.58061225 1.46264167304422 220000
2478027.06173469 1.55030069621599 220000
2654491.20357143 1.55030069621599 220000
2842358.9744898 1.66185954081633 220000
3042366.3372449 1.66185954081633 220000
3255297.30714286 1.78565808673469 220000
3481986.48112245 1.78565808673469 220000
3723324.09591837 1.89757521789966 220000
3980256.02806122 1.89757521789966 220000
4253788.85204082 1.96835262117347 220000
4544997.42755102 1.96835262117347 220000
4855024.8994898 1.99182566007653 220000
5185082.69795918 1.99182566007653 220000
5536470.77091837 1.99643069621599 220000
5910562.40969388 1.99643069621599 220000
6308827.01071429 2.01832832801871 220000
6732827.54642857 2.01832832801871 220000
7184223.09438775 2.02791776254252 220000
7664789.06989796 2.02791776254252 220000
8176404.58061225 2.02791776254252 220000
8721082.7755102 2.02791776254252 220000
0 4821062.66378957 230000
16654.5006122449 4821062.66378957 230000
34390.0963265306 4821062.66378957 230000
53278.5185714286 4821062.66378957 230000
73396.6224489796 8668078.97414135 230000
94821.2630612245 8668078.97414135 230000
117639.542857143 109588.560618866 230000
141938.564285714 109588.560618866 230000
167820.800816327 1845.77828269558 230000
195383.602244898 1845.77828269558 230000
224739.689387755 2089.42310497576 230000
256001.783061225 2089.42310497576 230000
289297.975102041 813.282392349915 230000
324756.357346939 813.282392349915 230000
362522.954489796 100.783393670918 230000
402741.229387755 100.783393670918 230000
445577.701428571 17.243232042517 230000
491196.328163265 17.243232042517 230000
539781.561836735 5.58303214455782 230000
591522.978367347 5.58303214455782 230000
646630.648367347 2.97026823044218 230000
705319.766122449 2.97026823044218 230000
767823.45877551 2.135579125 230000
834390.224489796 2.135579125 230000
905283.932448979 1.78718534056122 230000
980788.946530612 1.78718534056122 230000
1061199.87795918 1.6232598125 230000
1146839.51816327 1.6232598125 230000
1238043.4677551 1.55626778188775 230000
1335178.06938775 1.55626778188775 230000
1438627.59857143 1.53699529761905 230000
1548801.94918367 1.53699529761905 230000
1666139.19530612 1.53390508205782 230000
1791103.02938775 1.53390508205782 230000
1924190.4477551 1.53662703358844 230000
2065929.18877551 1.53662703358844 230000
2216880.29469388 1.55059438095238 230000
2377648.35897959 1.55059438095238 230000
2548863.59346939 1.58698847406463 230000
2731210.00857143 1.58698847406463 230000
2925412.60408163 1.65376168112245 230000
3132237.36918367 1.65376168112245 230000
3352506.65346939 1.7452672869898 230000
3587094.04326531 1.7452672869898 230000
3836934.60897959 1.83967097066327 230000
4103014.6577551 1.83967097066327 230000
4386392.22816327 1.9142577797619 230000
4688189.40469388 1.9142577797619 230000
5009607.68877551 1.97266232015306 230000
5351917.75142857 1.97266232015306 230000
5716482.48979592 2.04819914370748 230000
6104746.77979592 2.04819914370748 230000
6518250.28530612 2.14938102040816 230000
6958632.58183673 2.14938102040816 230000
7427643.40387755 2.19679101147959 230000
7927145.20673469 2.19679101147959 230000
8459115.72836735 2.19679101147959 230000
9025668.48408163 2.19679101147959 230000
0 5172634.93615301 240000
16973.2853061225 5172634.93615301 240000
35035.5528571429 5172634.93615301 240000
54255.6920408163 5172634.93615301 240000
74705.2418367347 18976652.3548912 240000
96466.3395918367 18976652.3548912 240000
119621.122653061 7328556.44888229 240000
144257.02755102 7328556.44888229 240000
170474.73877551 3495619.44035024 240000
198369.641632653 3495619.44035024 240000
228053.018979592 33538.3985665234 240000
259636.153673469 33538.3985665234 240000
293246.226122449 978.620452117347 240000
329005.11755102 978.620452117347 240000
367058.555510204 86.0097530080782 240000
407546.968367347 86.0097530080782 240000
450631.98122449 17.5034686326531 240000
496475.219183673 17.5034686326531 240000
545256.854489796 6.11876314838435 240000
597162.358571429 6.11876314838435 240000
652393.100408163 3.21504785459184 240000
711163.696938775 3.21504785459184 240000
773696.713877551 2.2295873707483 240000
840238.563265306 2.2295873707483 240000
911040.956326531 1.81001898341837 240000
986382.100204082 1.81001898341837 240000
1066548.15081633 1.60376481887755 240000
1151849.11040816 1.60376481887755 240000
1242616.17795918 1.50808695365646 240000
1339199.09959184 1.50808695365646 240000
1441966.16857143 1.48263983205782 240000
1551320.12285714 1.48263983205782 240000
1667679.59795918 1.4958049914966 240000
1791492.37489796 1.4958049914966 240000
1923238.02979592 1.5202309162415 240000
2063422.63469388 1.5202309162415 240000
2212589.35591837 1.54235500807823 240000
2371310.50530612 1.54235500807823 240000
2540200.78816327 1.56366766241497 240000
2719912.00408163 1.56366766241497 240000
2911135.69653061 1.59217285459184 240000
3114608.45204082 1.59217285459184 240000
3331119.84897959 1.63438416454082 240000
3561499.20959184 1.63438416454082 240000
3806639.44632653 1.70185491666667 240000
4067481.16428571 1.70185491666667 240000
4345036.50755102 1.82644093282313 240000
4640373.26163265 1.82644093282313 240000
4954630.75102041 2.04705809311224 240000
5289019.83918367 2.04705809311224 240000
5644830.87734694 2.35758473639456 240000
6023436.35408163 2.35758473639456 240000
6426298.84408163 2.67395152168367 240000
6854968.35857143 2.67395152168367 240000
7311100.89244898 2.88053136522109 240000
7796455.77469388 2.88053136522109 240000
8312906.26673469 2.88053136522109 240000
8862439.56244898 2.88053136522109 240000
0 5508754.93036737 250000
17348.9059183673 5508754.93036737 250000
35800.1959183673 5508754.93036737 250000
55424.8155102041 5508754.93036737 250000
76299.1675510204 15615922.5977433 250000
98496.9262244898 15615922.5977433 250000
122108.137755102 10933901.8318762 250000
147222.848367347 10933901.8318762 250000
173931.104285714 10259252.7881657 250000
202339.32377551 10259252.7881657 250000
232551.196428571 150693.622253798 250000
264686.783877551 150693.622253798 250000
298863.419081633 3066.58106784184 250000
335214.807040816 3066.58106784184 250000
373874.652755102 166.747706520196 250000
414995.761938775 166.747706520196 250000
458728.211632653 22.5348294332483 250000
505243.908265306 22.5348294332483 250000
554714.758265306 6.54732124085884 250000
607334.49744898 6.54732124085884 250000
663296.861632653 3.21389414434524 250000
722817.416020408 3.21389414434524 250000
786122.640510204 2.16138793983844 250000
853452.658367347 2.16138793983844 250000
925063.964897959 1.7536274829932 250000
1001226.69877551 1.7536274829932 250000
1082232.82806122 1.58818459970238 250000
1168390.69285714 1.58818459970238 250000
1260025.00530612 1.52748866921769 250000
1357485.03561224 1.52748866921769 250000
1461144.61204082 1.51532901806973 250000
1571391.20622449 1.51532901806973 250000
1688647.76255102 1.52633466772959 250000
1813361.78346939 1.52633466772959 250000
1946002.60081633 1.54758989710884 250000
2087077.74785714 1.54758989710884 250000
2237122.04459184 1.57034589689626 250000
2396705.78377551 1.57034589689626 250000
2566437.45959184 1.59100422895408 250000
2746958.31030612 1.59100422895408 250000
2938958.69030612 1.61572714753401 250000
3143164.42673469 1.61572714753401 250000
3360353.19153061 1.65440609396258 250000
3591351.7727551 1.65440609396258 250000
3837038.80326531 1.71082141794218 250000
4098344.76071429 1.71082141794218 250000
4376265.61091837 1.78383048745748 250000
4671854.62183673 1.78383048745748 250000
4986238.73561224 1.87388239668367 250000
5320610.38255102 1.87388239668367 250000
5676241.1244898 1.96860715922619 250000
6054484.38346939 1.96860715922619 250000
6456772.71306122 2.00199361607143 250000
6884642.35642857 2.00199361607143 250000
7339714.14561224 1.81588103125 250000
7823718.05959184 1.81588103125 250000
8338495.95295918 1.81588103125 250000
8886004.28459183 1.81588103125 250000
0 4162144.26719149 260000
17912.2626530612 4162144.26719149 260000
36959.9690816327 4162144.26719149 260000
57211.0760204082 4162144.26719149 260000
78742.0347959184 11622699.9347441 260000
101634.959795918 11622699.9347441 260000
125977.628469388 21406957.4919347 260000
151860.649795918 21406957.4919347 260000
179380.295816327 15019310.7825103 260000
208641.333163265 15019310.7825103 260000
239754.191530612 219342.93097878 260000
272834.963673469 219342.93097878 260000
308008.236938776 3155.16778324809 260000
345407.093265306 3155.16778324809 260000
385170.277653061 154.155109839286 260000
427450.692755102 154.155109839286 260000
472404.072755102 21.3952753679847 260000
520203.141020408 21.3952753679847 260000
571023.45244898 6.59282969515306 260000
625060.382653061 6.59282969515306 260000
682514.970306122 3.36867196938776 260000
743608.074795918 3.36867196938776 260000
808560.555510204 2.27420280144558 260000
877627.250204082 2.27420280144558 260000
951060.165102041 1.8153591647534 260000
1029139.62173469 1.8153591647534 260000
1112157.2677551 1.62428983864796 260000
1200427.40306122 1.62428983864796 260000
1294281.31673469 1.55141331951531 260000
1394072.95010204 1.55141331951531 260000
1500178.89673469 1.52477333567177 260000
1612995.57091837 1.52477333567177 260000
1732950.53377551 1.52155836862245 260000
1860493.99867347 1.52155836862245 260000
1996104.49428571 1.53785146768707 260000
2140297.35918367 1.53785146768707 260000
2293607.75265306 1.56864436309524 260000
2456618.97 1.56864436309524 260000
2629945.45336735 1.60673434885204 260000
2814232.79173469 1.60673434885204 260000
3010180.37316327 1.64693618452381 260000
3218524.39561224 1.64693618452381 260000
3440046.36153061 1.68906700042517 260000
3675584.40397959 1.68906700042517 260000
3926024.79204082 1.7383120369898 260000
4192304.76234694 1.7383120369898 260000
4475432.33979592 1.80051722512755 260000
4776469.34836735 1.80051722512755 260000
5096554.06336735 1.88251363244048 260000
5436884.2222449 1.88251363244048 260000
5798748.17142857 2.00264721768707 260000
6183502.21408163 2.00264721768707 260000
6592596.09387755 2.18588264243197 260000
7027570.16346939 2.18588264243197 260000
7490063.87908163 2.46817444642857 260000
7981812.96897959 2.46817444642857 260000
8504672.08571428 2.46817444642857 260000
9060609.14306122 2.46817444642857 260000
0 6917160.39783669 270000
18261.8357142857 6917160.39783669 270000
37661.7278571429 6917160.39783669 270000
58261.4314285714 6917160.39783669 270000
80143.2864285714 10401867.5691222 270000
103383.751428571 10401867.5691222 270000
128068.107142857 36727863.0461271 270000
154284.575 36727863.0461271 270000
182130.198571429 7063492.36079914 270000
211702.021428571 7063492.36079914 270000
243114.731428571 81124.7160154673 270000
276474.194285714 81124.7160154673 270000
311906.860714286 1981.99835936012 270000
349542.122142857 1981.99835936012 270000
389512.310714286 140.827553977679 270000
431967.402857143 140.827553977679 270000
477057.375 22.6757682127976 270000
524946.907142857 22.6757682127976 270000
575812.442142857 6.93829677976191 270000
629833.363571429 6.93829677976191 270000
687212.580714286 3.41480644047619 270000
748155.943571429 3.41480644047619 270000
812881.065 2.2872508125 270000
881626.142857143 2.2872508125 270000
954644.078571429 1.82576084375 270000
1032193.655 1.82576084375 270000
1114560.12142857 1.6111560922619 270000
1202040.49 1.6111560922619 270000
1294955.29857143 1.5131200297619 270000
1393642.72928571 1.5131200297619 270000
1498455.66785714 1.4764652514881 270000
1609779.34785714 1.4764652514881 270000
1728016.64714286 1.47694924404762 270000
1853596.91 1.47694924404762 270000
1986975.94714286 1.49971527380952 270000
2128638.97642857 1.49971527380952 270000
2279097.68214286 1.53017004613095 270000
2438901.97785714 1.53017004613095 270000
2608631.18428571 1.56142738839286 270000
2788899.91071429 1.56142738839286 270000
2980366.87714286 1.6003489672619 270000
3183723.15142857 1.6003489672619 270000
3399706.85285714 1.6567004047619 270000
3629106.09285714 1.6567004047619 270000
3872753.09357143 1.7274735952381 270000
4131530.06928571 1.7274735952381 270000
4406378.04857143 1.80036042410714 270000
4698293.93357143 1.80036042410714 270000
5008342.26285714 1.87562433035714 270000
5337643.44857143 1.87562433035714 270000
5687397.30214286 1.97325604464286 270000
6058871.27142857 1.97325604464286 270000
6453415.14428571 2.10469984672619 270000
6872461.04857143 2.10469984672619 270000
7317532.27428572 2.27988064732143 270000
7790243.27357143 2.27988064732143 270000
8292314.36428571 2.27988064732143 270000
8825562.90785714 2.27988064732143 270000
0 4756418.50408876 280000
18766.1041836735 4756418.50408876 280000
38692.747755102 4756418.50408876 280000
59846.7680612245 4756418.50408876 280000
82310.192755102 15994797.9931855 280000
106162.011428571 15994797.9931855 280000
131487.289795918 19534017.7478037 280000
158374.131632653 19534017.7478037 280000
186922.792959184 17614458.274653 280000
217236.567857143 17614458.274653 280000
249421.788469388 154307.264924824 280000
283593.901122449 154307.264924824 280000
319880.504387755 2577.14461399872 280000
358406.15877551 2577.14461399872 280000
399310.615102041 151.580007718325 280000
442742.738367347 151.580007718325 280000
488857.469693878 23.0515933469388 280000
537818.864387755 23.0515933469388 280000
589809.206122449 7.25382688265306 280000
645007.740510204 7.25382688265306 280000
703614.979591837 3.70813727402211 280000
765846.625714286 3.70813727402211 280000
831918.38122449 2.45234833758503 280000
902073.291020408 2.45234833758503 280000
976560.476122449 1.87733828720238 280000
1055650.32397959 1.87733828720238 280000
1139625.37428571 1.60121016836735 280000
1228786.39510204 1.60121016836735 280000
1323455.42091837 1.48577017113095 280000
1423972.71459184 1.48577017113095 280000
1530699.80540816 1.45674402784864 280000
1644019.48908163 1.45674402784864 280000
1764335.8277551 1.47385843941327 280000
1892089.34030612 1.47385843941327 280000
2027729.65979592 1.51713182397959 280000
2171751.99020408 1.51713182397959 280000
2324666.72581633 1.57412078911565 280000
2487029.83183673 1.57412078911565 280000
2659421.57795918 1.63740107270408 280000
2842461.72867347 1.63740107270408 280000
3036809.54326531 1.70525110671769 280000
3243163.77581633 1.70525110671769 280000
3462262.67520408 1.77395559545068 280000
3694893.09928571 1.77395559545068 280000
3941896.59102041 1.82936856632653 280000
4204157.22622449 1.82936856632653 280000
4482616.80387755 1.85075525148809 280000
4778277.88418367 1.85075525148809 280000
5092203.78857143 1.83559659183673 280000
5425518.59969388 1.83559659183673 280000
5779422.35173469 1.81080474638605 280000
6155187.99234694 1.81080474638605 280000
6554164.42071428 1.80224121130952 280000
6977788.63979592 1.80224121130952 280000
7427576.64214286 1.83781184481293 280000
7905150.75244898 1.83781184481293 280000
8412224.4372449 1.83781184481293 280000
8950617.49520408 1.83781184481293 280000
0 6569998.80462098 290000
18883.9432653061 6569998.80462098 290000
38940.3293877551 6569998.80462098 290000
60239.2004081633 6569998.80462098 290000
82856.6889795918 10028811.8369057 290000
106881.108979592 10028811.8369057 290000
132391.638367347 10733286.663648 290000
159485.726938776 10733286.663648 290000
188260.824489796 4588836.73620483 290000
218817.426122449 4588836.73620483 290000
251271.253469388 50429.785501301 290000
285738.028163265 50429.785501301 290000
322339.56244898 1732.69900964541 290000
361212.895102041 1732.69900964541 290000
402495.064897959 144.37837565051 290000
446338.337142857 144.37837565051 290000
492901.067755102 23.7492765918367 290000
542350.748571428 23.7492765918367 290000
594867.052653061 7.27281277040816 290000
650638.788979592 7.27281277040816 290000
709869.993061224 3.57404739795918 290000
772773.836326531 3.57404739795918 290000
839575.671428571 2.37125933418367 290000
910525.213469388 2.37125933418367 290000
985869.132244898 1.87830040561224 290000
1065890.64122449 1.87830040561224 290000
1150869.90857143 1.65822628316327 290000
1241120.60081633 1.65822628316327 290000
1336968.56571429 1.56269249234694 290000
1438757.92285714 1.56269249234694 290000
1546860.19959184 1.52161892602041 290000
1661665.19510204 1.52161892602041 290000
1783593.16163265 1.50434950255102 290000
1913076.53265306 1.50434950255102 290000
2050593.42122449 1.51025612755102 290000
2196637.16693878 1.51025612755102 290000
2351734.6077551 1.54674904591837 290000
2516452.17061224 1.54674904591837 290000
2691383.69020408 1.60684308673469 290000
2877162.59020408 1.60684308673469 290000
3074461.88326531 1.67109904591837 290000
3283994.17102041 1.67109904591837 290000
3506523.82530612 1.72779249489796 290000
3742848.71632653 1.72779249489796 290000
3993830.66571429 1.77700591071429 290000
4260374.12938775 1.77700591071429 290000
4543447.51469388 1.82793865561224 290000
4844074.0444898 1.82793865561224 290000
5163343.93836735 1.90608882397959 290000
5502408.32204082 1.90608882397959 290000
5862503.58979592 2.02029414795918 290000
6244923.99673469 2.02029414795918 290000
6651061.2477551 2.10770712244898 290000
7082383.18040816 2.10770712244898 290000
7540448.99142857 2.08083864030612 290000
8026924.46326531 2.08083864030612 290000
8543563.6922449 2.08083864030612 290000
9092239.54163265 2.08083864030612 290000
0 8671975.31770933 300000
19178.7612244898 8671975.31770933 300000
39546.543877551 8671975.31770933 300000
61180.5571428571 8671975.31770933 300000
84158.0102040816 17673145.0001183 300000
108562.288979592 17673145.0001183 300000
134482.956122449 11416763.8552927 300000
162012.662653061 11416763.8552927 300000
191253.324693878 7264281.97675288 300000
222306.858367347 7264281.97675288 300000
255290.621632653 228941.273338499 300000
290321.97244898 228941.273338499 300000
327527.533877551 6080.77354204464 300000
367046.28244898 6080.77354204464 300000
409017.194693878 319.026635468537 300000
453594.688979592 319.026635468537 300000
500942.44877551 36.9447552402211 300000
551227.245918367 36.9447552402211 300000
604637.470816326 8.89424059523809 300000
661361.513877551 8.89424059523809 300000
721609.384081633 3.78014233035714 300000
785597.267142857 3.78014233035714 300000
853559.878979592 2.34478500127551 300000
925744.288979592 2.34478500127551 300000
1002409.92 1.81882317389456 300000
1083837.81346939 1.81882317389456 300000
1170321.36428571 1.59961986734694 300000
1262172.49755102 1.59961986734694 300000
1359730.93367347 1.52328572108844 300000
1463345.65816327 1.52328572108844 300000
1573396.54020408 1.52547331462585 300000
1690278.89081633 1.52547331462585 300000
1814421.99306122 1.56163938307823 300000
1946273.66020408 1.56163938307823 300000
2086312.58918367 1.60306211011905 300000
2235048.36061224 1.60306211011905 300000
2393021.43877551 1.64180825212585 300000
2560800.08326531 1.64180825212585 300000
2739001.96755102 1.68338539753401 300000
2928269.47204082 1.68338539753401 300000
3129288.21428571 1.72997470578231 300000
3342790.13734694 1.72997470578231 300000
3569550.42142857 1.7705288295068 300000
3810393.66061225 1.7705288295068 300000
4066190.7744898 1.78815825977891 300000
4337874.45 1.78815825977891 300000
4626426.78795918 1.7738874289966 300000
4932900.92163265 1.7738874289966 300000
5258405.57489796 1.72891951360544 300000
5604123.59244898 1.72891951360544 300000
5971308.85142857 1.65791280102041 300000
6361298.61489796 1.65791280102041 300000
6775504.26673469 1.56606604294218 300000
7215429.84183673 1.56606604294218 300000
7682675.1144898 1.42724393069728 300000
8178938.68673469 1.42724393069728 300000
8706014.9 1.42724393069728 300000
9265824.71877551 1.42724393069728 300000
0 3394682.78653641 30000
10269.1882653061 3394682.78653641 30000
21276.6841836735 3394682.78653641 30000
33076.7540816327 3394682.78653641 30000
45725.0923469388 6809913.01146113 30000
59281.6775510204 6809913.01146113 30000
73813.6285714286 39928.5249588425 30000
89392.3484693878 39928.5249588425 30000
106089.240306122 238.081339381378 30000
123987.131632653 238.081339381378 30000
143173.134183673 20.035181307398 30000
163738.643877551 20.035181307398 30000
185782.196938775 7.60870425382653 30000
209410.897959184 7.60870425382653 30000
234738.991836735 4.79350765943878 30000
261889.291836735 4.79350765943878 30000
290991.751530612 3.3066043622449 30000
322186.320918367 3.3066043622449 30000
355624.374489796 2.44263327168367 30000
391467.283163265 2.44263327168367 30000
429886.414285714 1.9963224872449 30000
471070.271938776 1.9963224872449 30000
515214.500510204 1.76607141581633 30000
562533.309183673 1.76607141581633 30000
613255.187755102 1.62962016581633 30000
667624.334693877 1.62962016581633 30000
725903.513265306 1.52373240114796 30000
788372.623469388 1.52373240114796 30000
855334.414285714 1.42916202168367 30000
927111.62755102 1.42916202168367 30000
1004051.28214286 1.35243348214286 30000
1086523.24591837 1.35243348214286 30000
1174924.51989796 1.30055320790816 30000
1269684.9505102 1.30055320790816 30000
1371258.66122449 1.27285774553571 30000
1480135.47704082 1.27285774553571 30000
1596843.78061224 1.26495878188776 30000
1721943.37193878 1.26495878188776 30000
1856039.74897959 1.27651120216837 30000
1999778.39540816 1.27651120216837 30000
2153854.77704082 1.31530091517857 30000
2319010.05765306 1.31530091517857 30000
2496041.09540816 1.38762329081633 30000
2685803.29897959 1.38762329081633 30000
2889212.05561225 1.48890555803571 30000
3107248.44336735 1.48890555803571 30000
3340962.0872449 1.60122257334184 30000
3591484.01173469 1.60122257334184 30000
3860020.92857143 1.69229717793367 30000
4147868.08928571 1.69229717793367 30000
4456414.99744898 1.73486530293367 30000
4787149.69285714 1.73486530293367 30000
5141668.74795918 1.76285530293367 30000
5521680.12397959 1.76285530293367 30000
5929020.30765306 1.95917206951531 30000
6365651.45510204 1.95917206951531 30000
6833681.38469388 1.95917206951531 30000
7335367.86122449 1.95917206951531 30000
0 7799523.32057777 40000
10486.7624489796 7799523.32057777 40000
21721.6326530612 7799523.32057777 40000
33754.6808163265 7799523.32057777 40000
46646.2857142857 279353.56201515 40000
60453.8808163265 279353.56201515 40000
75246.6808163265 299.368265278912 40000
91092.427755102 299.368265278912 40000
108066.226938776 33.4750792244898 40000
126249.074285714 33.4750792244898 40000
145726.383673469 19.0442941632653 40000
166590.932244898 19.0442941632653 40000
188941.387755102 9.91131406122449 40000
212882.308571429 9.91131406122449 40000
238530.034285714 5.5931056462585 40000
266002.377142857 5.5931056462585 40000
295433.348571429 3.71002110884354 40000
326958.432653061 3.71002110884354 40000
360727.84 2.72952563265306 40000
396903.56244898 2.72952563265306 40000
435654.955102041 2.18355485034014 40000
477166.099591837 2.18355485034014 40000
521632.85877551 1.84294553741497 40000
569267.294693877 1.84294553741497 40000
620291.777959184 1.60680561904762 40000
674952.241632653 1.60680561904762 40000
733503.454693878 1.43988346258503 40000
796225.22122449 1.43988346258503 40000
863412.071836735 1.32814591156463 40000
935385.044897959 1.32814591156463 40000
1012482.85061224 1.26459172789116 40000
1095070.70693878 1.26459172789116 40000
1183540.33959184 1.24222887755102 40000
1278309.98204082 1.24222887755102 40000
1379827.32081633 1.24858276190476 40000
1488575.38612245 1.24858276190476 40000
1605066.66122449 1.27307482312925 40000
1729853.39102041 1.27307482312925 40000
1863527.58204082 1.311959 40000
2006719.52979592 1.311959 40000
2160109.6 1.36420750340136 40000
2324422.33795918 1.36420750340136 40000
2500436.77714286 1.42685355102041 40000
2688984.96653061 1.42685355102041 40000
2890959.33387755 1.48738572789116 40000
3107317.10367347 1.48738572789116 40000
3339083.24244898 1.52472975510204 40000
3587353.40408163 1.52472975510204 40000
3853302.76571429 1.54862355102041 40000
4138191.91836735 1.54862355102041 40000
4443366.86693878 1.63184072108844 40000
4770275.22938775 1.63184072108844 40000
5120463.29142857 1.90622359863946 40000
5495589.26040816 1.90622359863946 40000
5897429.15591837 2.82214017006803 40000
6327882.70040816 2.82214017006803 40000
6788992.46367347 2.82214017006803 40000
7282936.49959184 2.82214017006803 40000
0 3209619.16459269 50000
10697.2755102041 3209619.16459269 50000
22159.0695918367 3209619.16459269 50000
34440.7387755102 3209619.16459269 50000
47600.6318367347 163462.000410023 50000
61701.5859183673 163462.000410023 50000
76809.4304081633 677.972051962585 50000
92998.9714285714 677.972051962585 50000
110345.015102041 75.5539717227891 50000
128932.840408163 75.5539717227891 50000
148847.726326531 31.9245849761905 50000
170186.920816327 31.9245849761905 50000
193053.656326531 12.5545619183673 50000
217552.661428571 12.5545619183673 50000
243805.122040816 5.80203454634354 50000
271935.216326531 5.80203454634354 50000
302074.603061224 3.6368430212585 50000
334369.902244898 3.6368430212585 50000
368975.214489796 2.64303121683673 50000
406053.617142857 2.64303121683673 50000
445783.14877551 2.0855198877551 50000
488353.816938775 2.0855198877551 50000
533967.598163265 1.78593383503401 50000
582842.926326531 1.78593383503401 50000
635213.196530612 1.63599431335034 50000
691328.26122449 1.63599431335034 50000
751454.430204082 1.5359442414966 50000
815880.455102041 1.5359442414966 50000
884911.544897959 1.43763029506803 50000
958879.83877551 1.43763029506803 50000
1038136.9255102 1.34784424659864 50000
1123059.82795918 1.34784424659864 50000
1214055.49142857 1.28790272406463 50000
1311556.29530612 1.28790272406463 50000
1416029.02979592 1.260932 50000
1527970.40755102 1.260932 50000
1647917.53653061 1.26412684481293 50000
1776438.94326531 1.26412684481293 50000
1914151.03020408 1.30146756760204 50000
2061709.09897959 1.30146756760204 50000
2219816.32714286 1.36846580102041 50000
2389229.75265306 1.36846580102041 50000
2570754.28938775 1.45266009183673 50000
2765259.1844898 1.45266009183673 50000
2973670.5377551 1.56243495960884 50000
3196983.27061224 1.56243495960884 50000
3436262.6222449 1.72422501785714 50000
3692650.13408163 1.72422501785714 50000
3967369.63428571 1.92647272066327 50000
4261731.72612245 1.92647272066327 50000
4577139.77244898 2.09145138988095 50000
4915098.87244898 2.09145138988095 50000
5277221.84612245 2.16084341921769 50000
5665238.21102041 2.16084341921769 50000
6080995.67836735 2.08447260204082 50000
6526479.60265306 2.08447260204082 50000
7003815.97387755 2.08447260204082 50000
7515281.89040816 2.08447260204082 50000
0 1632778.26859104 60000
11049.4362244898 1632778.26859104 60000
22881.3265306122 1632778.26859104 60000
35553.3418367347 1632778.26859104 60000
49123.1530612245 209.207305978954 60000
63654.6658163265 209.207305978954 60000
79216.4617346939 379.580434571641 60000
95880.2397959184 379.580434571641 60000
113727.051020408 388.877194435587 60000
132837.946428571 388.877194435587 60000
153303.329081633 87.4788858843537 60000
175221.395408163 87.4788858843537 60000
198691.900510204 20.095077556335 60000
223825.510204082 20.095077556335 60000
250742.242346939 7.4001432557398 60000
279565.232142857 7.4001432557398 60000
310433.201530612 3.81652564306973 60000
343487.989795918 3.81652564306973 60000
378887.022959184 2.53406859587585 60000
416795.520408163 2.53406859587585 60000
457391.170918367 2.04421649128401 60000
500864.132653061 2.04421649128401 60000
547418.591836735 1.83504900616497 60000
597274.321428571 1.83504900616497 60000
650663.56377551 1.69211215454932 60000
707837.265306122 1.69211215454932 60000
769065.076530612 1.54942534013605 60000
834632.234693877 1.54942534013605 60000
904847.357142857 1.42094193771258 60000
980040.882653061 1.42094193771258 60000
1060563.5127551 1.33021740008503 60000
1146794.00510204 1.33021740008503 60000
1239139.17346939 1.28832805059524 60000
1338029.21173469 1.28832805059524 60000
1443930.16326531 1.29097130102041 60000
1557337.68622449 1.29097130102041 60000
1678784.84693878 1.31762461734694 60000
1808842.11989796 1.31762461734694 60000
1948117.3877551 1.34775247661565 60000
2097266.85204082 1.34775247661565 60000
2256988.79846939 1.37765302933673 60000
2428032.94897959 1.37765302933673 60000
2611203.57908163 1.42059448341837 60000
2807357.95918367 1.42059448341837 60000
3017417.26530612 1.4958134672619 60000
3242368.1377551 1.4958134672619 60000
3483265.79846939 1.61475973639456 60000
3741238.72704082 1.61475973639456 60000
4017501.13010204 1.77371520514456 60000
4313346.70663265 1.77371520514456 60000
4630164.23469388 1.97368002232143 60000
4969440.68877551 1.97368002232143 60000
5332767.4744898 2.21264090136054 60000
5721849.78061225 2.21264090136054 60000
6138515.93112245 2.31975099383503 60000
6584717.38520408 2.31975099383503 60000
7062549 2.31975099383503 60000
7574255.26530612 2.31975099383503 60000
0 7871103.33326557 70000
11428.6697959184 7871103.33326557 70000
23656.8895918367 7871103.33326557 70000
36741.7701020408 7871103.33326557 70000
50743.6855102041 1143490.02816786 70000
65726.2734693877 1143490.02816786 70000
81758.0668367347 2776.63242848597 70000
98912.4936734693 2776.63242848597 70000
117267.877244898 236.096138184736 70000
136909.067755102 236.096138184736 70000
157925.810612245 67.683382860119 70000
180416.009897959 67.683382860119 70000
204479.201428571 21.9467432470238 70000
230229.606632653 21.9467432470238 70000
257781.446938775 8.53575715880102 70000
287265.261122449 8.53575715880102 70000
318811.587959184 4.53339070939626 70000
352568.915306122 4.53339070939626 70000
388690.62622449 2.95918146237245 70000
427341.525918367 2.95918146237245 70000
468699.473469388 2.16435669409014 70000
512955.381836734 2.16435669409014 70000
560309.954387755 1.73831076551871 70000
610980.211836735 1.73831076551871 70000
665199.492244898 1.5263824232568 70000
723217.451020408 1.5263824232568 70000
785298.429183673 1.43652483333333 70000
851726.348571428 1.43652483333333 70000
922807.975306122 1.39237281207483 70000
998868.024591836 1.39237281207483 70000
1080254.05591837 1.35682479187925 70000
1167341.36826531 1.35682479187925 70000
1260526.47316327 1.32695044919218 70000
1360240.14857143 1.32695044919218 70000
1466936.01673469 1.31176171875 70000
1581105.22979592 1.31176171875 70000
1703269.94285714 1.32338102954932 70000
1833991.47265306 1.32338102954932 70000
1973867.03408163 1.36598630229592 70000
2123541.16234694 1.36598630229592 70000
2283695.92255102 1.42522507057823 70000
2455068.85877551 1.42522507057823 70000
2638444.83540816 1.47817146194728 70000
2834662.56408163 1.47817146194728 70000
3044624.39408163 1.5170815355017 70000
3269291.41714286 1.5170815355017 70000
3509691.62612245 1.54433490433673 70000
3766931.33714286 1.54433490433673 70000
4042185.39918367 1.54276435969388 70000
4336720.03836735 1.54276435969388 70000
4651881.43581633 1.47539071407313 70000
4989115.30846939 1.47539071407313 70000
5349970.17255102 1.33956239859694 70000
5736097.34357143 1.33956239859694 70000
6149267.25367347 1.16155714073129 70000
6591375.97857143 1.16155714073129 70000
7064448.50102041 1.16155714073129 70000
7570653.39642857 1.16155714073129 70000
0 4371487.81922429 80000
11559.4459183673 4371487.81922429 80000
23934.0020408163 4371487.81922429 80000
37177.8994897959 4371487.81922429 80000
51353.5862244898 7298505.81759003 80000
66525.1535714286 7298505.81759003 80000
82766.5530612245 821741.385791667 80000
100148.449489796 821741.385791667 80000
118753.01122449 2561.05108689094 80000
138667.336734694 2561.05108689094 80000
159981.81122449 110.366921347789 80000
182796.680102041 110.366921347789 80000
207215.475510204 22.1450426179847 80000
233351.589795918 22.1450426179847 80000
261328.275510204 8.71988517431973 80000
291270.428571429 8.71988517431973 80000
323321.021938776 4.6721481462585 80000
357624.671938776 4.6721481462585 80000
394342.428571429 2.95297363307823 80000
433641.915306123 2.95297363307823 80000
475707.189285714 2.15790908694728 80000
520730.524489796 2.15790908694728 80000
568922.271938776 1.78025299957483 80000
620502.642857143 1.78025299957483 80000
675713.212244898 1.59991397534014 80000
734805.415306123 1.59991397534014 80000
798055.337755102 1.50200351828231 80000
865755.498979592 1.50200351828231 80000
938218.13877551 1.42707623830782 80000
1015776.86071429 1.42707623830782 80000
1098791.5622449 1.36885310267857 80000
1187646.79132653 1.36885310267857 80000
1282751.74642857 1.33528732461735 80000
1384546.85 1.33528732461735 80000
1493502.10510204 1.32415693452381 80000
1610123.66887755 1.32415693452381 80000
1734947.27908163 1.32878917623299 80000
1868553.04438776 1.32878917623299 80000
2011555.58418367 1.35174838754252 80000
2164618.81887755 1.35174838754252 80000
2328449.39642857 1.40630133609694 80000
2503804.90918367 1.40630133609694 80000
2691493.89387755 1.50584146577381 80000
2892387.33520408 1.50584146577381 80000
3107413.73571429 1.64684238414116 80000
3337564.04591837 1.64684238414116 80000
3583904.81122449 1.79579651573129 80000
3847574.88520408 1.79579651573129 80000
4129792.00306122 1.90039684736395 80000
4431862.64183674 1.90039684736395 80000
4755182.02040816 1.92936119685374 80000
5101245.60306123 1.92936119685374 80000
5471652.38622449 1.88018685267857 80000
5868116.40204082 1.88018685267857 80000
6292468.36173469 1.71899305803571 80000
6746672.08928571 1.71899305803571 80000
7232826.16479592 1.71899305803571 80000
7753178.71479592 1.71899305803571 80000
0 4468026.12242489 90000
11864.32 4468026.12242489 90000
24552.1714285714 4468026.12242489 90000
38121.6457142857 4468026.12242489 90000
52632.5428571428 93293.2825718214 90000
68151.4971428571 93293.2825718214 90000
84746.8514285714 4117.12573086905 90000
102497.2 4117.12573086905 90000
121477.72 1006.0771435 90000
141777.257142857 1006.0771435 90000
163486.365714286 203.434577511905 90000
186702.434285714 203.434577511905 90000
211531.394285714 38.2349845119048 90000
238082.594285714 38.2349845119048 90000
266479.051428571 10.2959831309524 90000
296847.2 10.2959831309524 90000
329325.434285714 4.71618751190476 90000
364057.274285714 4.71618751190476 90000
401199.908571429 3.06335110714286 90000
440924.194285714 3.06335110714286 90000
483404.405714286 2.32361086904762 90000
528835.32 2.32361086904762 90000
577421.965714286 1.87778763095238 90000
629381.331428571 1.87778763095238 90000
684949.2 1.59878503571429 90000
744375.022857143 1.59878503571429 90000
807927.045714286 1.4482456547619 90000
875894.017142857 1.4482456547619 90000
948578.354285714 1.38084607142857 90000
1026309.81142857 1.38084607142857 90000
1109440.35428571 1.3490524047619 90000
1198342.45142857 1.3490524047619 90000
1293417.61714286 1.32374775 90000
1395096.41142857 1.32374775 90000
1503833.31428571 1.30041151190476 90000
1620122.10285714 1.30041151190476 90000
1744485.6 1.29527155952381 90000
1877484.21714286 1.29527155952381 90000
2019719.37142857 1.3313366547619 90000
2171830.06857143 1.3313366547619 90000
2334503.15428571 1.4214068452381 90000
2508471.60571429 1.4214068452381 90000
2694521.36571429 1.55232613095238 90000
2893489.63428571 1.55232613095238 90000
3106275.12 1.67445339285714 90000
3333834.62285714 1.67445339285714 90000
3577196.70285714 1.72777505952381 90000
3837456.55428571 1.72777505952381 90000
4115787.96571429 1.70364860714286 90000
4413448.44571428 1.70364860714286 90000
4731777.51428571 1.66088804761905 90000
5072210.37142857 1.66088804761905 90000
5436281.31428571 1.66939886904762 90000
5825633.98857143 1.66939886904762 90000
6242023.09714286 1.73426051190476 90000
6687326.36 1.73426051190476 90000
7163549.64 1.73426051190476 90000
7672842.32 1.73426051190476 90000
0 96162.7447481633 hpsmc
8124.10775510204 96162.7447481633 hpsmc
16856.3853061225 96162.7447481633 hpsmc
26243.4481632653 96162.7447481633 hpsmc
36334.08 341.099370176871 hpsmc
47181.4008163265 341.099370176871 hpsmc
58840.6987755102 46.9360754013605 hpsmc
71373.7665306122 46.9360754013605 hpsmc
84846.7330612245 17.693619292517 hpsmc
99328.9795918367 17.693619292517 hpsmc
114896.391836735 7.64200084353741 hpsmc
131630.275918367 7.64200084353741 hpsmc
149618.44244898 4.43509540136054 hpsmc
168955.206530612 4.43509540136054 hpsmc
189740.303673469 3.2813231292517 hpsmc
212083.226122449 3.2813231292517 hpsmc
236099.970612245 2.68994304761905 hpsmc
261917.374693878 2.68994304761905 hpsmc
289668.780408163 2.26003466666667 hpsmc
319499.454693877 2.26003466666667 hpsmc
351566.589387755 1.89984854421769 hpsmc
386036.048979592 1.89984854421769 hpsmc
423088.875102041 1.60397556462585 hpsmc
462919.118367347 1.60397556462585 hpsmc
505732.754285714 1.37674979591837 hpsmc
551755.271836735 1.37674979591837 hpsmc
601227.337142857 1.21471346938776 hpsmc
654405.87755102 1.21471346938776 hpsmc
711570.586122449 1.10902680272109 hpsmc
773018.50122449 1.10902680272109 hpsmc
839071.595102041 1.05101036734694 hpsmc
910073.521632653 1.05101036734694 hpsmc
986397.204897959 1.03460234013605 hpsmc
1068440.50285714 1.03460234013605 hpsmc
1156631.6277551 1.0564262585034 hpsmc
1251431.31428571 1.0564262585034 hpsmc
1353336.07183673 1.11603493877551 hpsmc
1462876.01632653 1.11603493877551 hpsmc
1580625.71102041 1.21746206802721 hpsmc
1707199.83020408 1.21746206802721 hpsmc
1843258.57959184 1.37156427210884 hpsmc
1989513.11673469 1.37156427210884 hpsmc
2146727.71918367 1.59826832653061 hpsmc
2315724.12081633 1.59826832653061 hpsmc
2497384.76408163 1.92806628571429 hpsmc
2692659.3044898 1.92806628571429 hpsmc
2902566.77877551 2.40171961904762 hpsmc
3128204.27755102 2.40171961904762 hpsmc
3370751.28163265 3.06539213605442 hpsmc
3631473.99836735 3.06539213605442 hpsmc
3911735.11836735 3.95621589115646 hpsmc
4212998.15183673 3.95621589115646 hpsmc
4536837.18530612 5.06791902040816 hpsmc
4884945.55428571 5.06791902040816 hpsmc
5259139.0955102 6.54987216326531 hpsmc
5661374.57632653 6.54987216326531 hpsmc
6093752.94693878 6.54987216326531 hpsmc
6558533.43346939 6.54987216326531 hpsmc
