0 16545508.3595209 1000000
65566.62 16545508.3595209 1000000
135149.49 16545508.3595209 1000000
208984.23 16545508.3595209 1000000
287338.59 27672046.9263945 1000000
370501.74 27672046.9263945 1000000
458752.14 51568162.2530563 1000000
552400.38 51568162.2530563 1000000
651778.47 34724451.8936516 1000000
757250.55 34724451.8936516 1000000
869170.05 445900.586116125 1000000
987943.95 445900.586116125 1000000
1113989.94 11120.54723325 1000000
1247757.84 11120.54723325 1000000
1389708.18 669.0683146875 1000000
1540355.04 669.0683146875 1000000
1700212.5 93.3713641875 1000000
1869869.61 93.3713641875 1000000
2049904.71 26.7057196875 1000000
2240960.4 26.7057196875 1000000
2443722.12 12.6358365 1000000
2658886.02 12.6358365 1000000
2887223.22 8.1539469375 1000000
3129547.68 8.1539469375 1000000
3386694.78 6.357679125 1000000
3659596.29 6.357679125 1000000
3949194.69 5.580579375 1000000
4256528.85 5.580579375 1000000
4582680.48 5.2676019375 1000000
4928784.84 5.2676019375 1000000
5296095 5.1813195 1000000
5685874.74 5.1813195 1000000
6099527.07 5.20318575 1000000
6538497.84 5.20318575 1000000
7004350.71 5.2726445625 1000000
7498713.6 5.2726445625 1000000
8023342.95 5.367852 1000000
8580091.59 5.367852 1000000
9170919.45 5.491374 1000000
9797925.69 5.491374 1000000
10463305.86 5.6561295 1000000
11169426.87 5.6561295 1000000
11918773.44 5.8749928125 1000000
12714001.65 5.8749928125 1000000
13557906.81 6.142854375 1000000
14453466.3 6.142854375 1000000
15403860.99 6.416137875 1000000
16412443.11 6.416137875 1000000
17482757.67 6.60958725 1000000
18618606.72 6.60958725 1000000
19823985.09 6.642565125 1000000
21103155.36 6.642565125 1000000
22460637.15 6.50873475 1000000
23901217.83 6.50873475 1000000
25429995.36 6.1973415 1000000
27052367.58 6.1973415 1000000
28774053.63 6.1973415 1000000
30601136.79 6.1973415 1000000
0 11565418.5348571 100000
34938.4424489796 11565418.5348571 100000
72388.4497959184 11565418.5348571 100000
112529.766530612 11565418.5348571 100000
155561.568979592 1640450.45391977 100000
201687.891428571 1640450.45391977 100000
251132.2 3168.13690622449 100000
304127.676734694 3168.13690622449 100000
360941.509387755 179.952096705782 100000
421836.027755102 179.952096705782 100000
487112.425306122 60.9494841513605 100000
557081.611428571 60.9494841513605 100000
632083.643265306 30.0831450221088 100000
712478.009795918 30.0831450221088 100000
798658.205714286 17.2364743758503 100000
891032.299591837 17.2364743758503 100000
990052.081632653 11.6315938469388 100000
1096193.63183673 11.6315938469388 100000
1209967.03591837 8.90019617517007 100000
1331926.10122449 8.90019617517007 100000
1462653.78285714 7.25399573979592 100000
1602781.6155102 7.25399573979592 100000
1752989.71346939 6.14714010204082 100000
1914001.91265306 6.14714010204082 100000
2086590.62857143 5.43348565646258 100000
2271591.43020408 5.43348565646258 100000
2469898.18204082 4.98937710034014 100000
2682467.90204082 4.98937710034014 100000
2910325.61959184 4.69781858333333 100000
3154569.23346939 4.69781858333333 100000
3416379.2277551 4.49164881972789 100000
3697018.67183673 4.49164881972789 100000
3997842.93632653 4.35232659863946 100000
4320299.69306122 4.35232659863946 100000
4665943.48897959 4.30355471258503 100000
5036450.32 4.30355471258503 100000
5433603.05714286 4.36086851020408 100000
5859315.73632653 4.36086851020408 100000
6315648.1322449 4.49310620748299 100000
6804796.04244898 4.49310620748299 100000
7329125.29306123 4.6507672244898 100000
7891162.02285714 4.6507672244898 100000
8493621.83102041 4.81361006462585 100000
9139404.91918367 4.81361006462585 100000
9831634.95510204 5.0032728877551 100000
10573649.3567347 5.0032728877551 100000
11369028.44 5.25640292346939 100000
12221609.9926531 5.25640292346939 100000
13135508.7061224 5.60008329421769 100000
14115130.7493878 5.60008329421769 100000
15165207.7746939 6.02640969557823 100000
16290806.6334694 6.02640969557823 100000
17497353.6661224 6.46168283843537 100000
18790678.4236735 6.46168283843537 100000
20177013.6677551 6.77300717687075 100000
21663048.8081633 6.77300717687075 100000
23255959.0506122 6.77300717687075 100000
24963434.5444898 6.77300717687075 100000
0 466363.650636667 150000
36519.6906122449 466363.650636667 150000
75646.47 466363.650636667 150000
117569.479897959 466363.650636667 150000
162488.085918367 51592.0190196084 150000
210611.87755102 51592.0190196084 150000
262176.003979592 7966.95634733546 150000
317425.838265306 7966.95634733546 150000
376622.089285714 415.654734450893 150000
440045.913673469 415.654734450893 150000
507998.915816327 68.1018873596939 150000
580808.259795918 68.1018873596939 150000
658821.55744898 31.6006316766582 150000
742406.868367347 31.6006316766582 150000
831957.811836735 19.778495817602 150000
927914.014591837 19.778495817602 150000
1030720.21530612 13.2120613622449 150000
1140872.27204082 13.2120613622449 150000
1258891.60255102 9.65393897704082 150000
1385345.63204082 9.65393897704082 150000
1520832.45734694 7.59499913647959 150000
1665996.1827551 7.59499913647959 150000
1821526.92 6.36452352359694 150000
1988176.12408163 6.36452352359694 150000
2166725.92163265 5.61015045854592 150000
2358030.00642857 5.61015045854592 150000
2563003.4155102 5.09123542346939 150000
2782617.4172449 5.09123542346939 150000
3017925.07102041 4.73767030803571 150000
3270035.66755102 4.73767030803571 150000
3540160.73632653 4.5337785 150000
3829583.37397959 4.5337785 150000
4139683.80397959 4.44291378826531 150000
4471934.26469388 4.44291378826531 150000
4827919.45714286 4.43518198086735 150000
5209336.545 4.43518198086735 150000
5618000.26653061 4.49278714094388 150000
6055858.27040816 4.49278714094388 150000
6525001.33959184 4.60599528507653 150000
7027653.16744898 4.60599528507653 150000
7566216.36520408 4.78165428125 150000
8143252.01418367 4.78165428125 150000
8761510.33744898 5.01728270918367 150000
9423935.81173469 5.01728270918367 150000
10133682.5032653 5.26306046556123 150000
10894134.5155102 5.26306046556123 150000
11708911.1011225 5.44676011543367 150000
12581897.3335714 5.44676011543367 150000
13517244.1071429 5.54282196492347 150000
14519414.1443878 5.54282196492347 150000
15593171.7722449 5.61945844706633 150000
16743639.1533674 5.61945844706633 150000
17976296.2861224 5.87763265497449 150000
19297011.6762245 5.87763265497449 150000
20712078.1203061 7.25358552551021 150000
22228228.0417347 7.25358552551021 150000
23852694.8338776 7.25358552551021 150000
25593207.7481633 7.25358552551021 150000
0 14384904.5121365 200000
37734.4653061224 14384904.5121365 200000
78138.3183673469 14384904.5121365 200000
121393.07755102 14384904.5121365 200000
167706.955102041 12740390.1415806 200000
217293.502040816 12740390.1415806 200000
270387.624489796 57736.3995265306 200000
327234.906122449 57736.3995265306 200000
388096.946938775 1444.9137877551 200000
453262.040816327 1444.9137877551 200000
523034.497959184 178.851904795918 200000
597734.644897959 178.851904795918 200000
677720.179591837 51.2194336734694 200000
763354.13877551 51.2194336734694 200000
855042.269387755 23.0100890816326 200000
953211.673469388 23.0100890816326 200000
1058316.14693878 13.4267979591837 200000
1170857.53469388 13.4267979591837 200000
1291343.02040816 9.3024937755102 200000
1420354.53061224 9.3024937755102 200000
1558479.33061224 7.30574724489796 200000
1706363.4122449 7.30574724489796 200000
1864706.15510204 6.25656663265306 200000
2034238.97142857 6.25656663265306 200000
2215752 5.6281037755102 200000
2410094.10612245 5.6281037755102 200000
2618172.88163265 5.16801255102041 200000
2840959.98367347 5.16801255102041 200000
3079496.47346939 4.80162795918367 200000
3334887.47755102 4.80162795918367 200000
3608334.22040816 4.5524406122449 200000
3901101.99183673 4.5524406122449 200000
4214568.19591837 4.4428956122449 200000
4550190.31836735 4.4428956122449 200000
4909527.28163265 4.44851244897959 200000
5294271.47755102 4.44851244897959 200000
5706200.71836735 4.51560306122449 200000
6147252.97959184 4.51560306122449 200000
6619473.0122449 4.60218020408163 200000
7125071.06938775 4.60218020408163 200000
7666406.88979592 4.70518520408163 200000
8246000.3755102 4.70518520408163 200000
8866563.62448979 4.85512693877551 200000
9530984.91428571 4.85512693877551 200000
10242371.4122449 5.09840826530612 200000
11004038.4979592 5.09840826530612 200000
11819536.4571429 5.47233387755102 200000
12692677.1755102 5.47233387755102 200000
13627528.8 5.95735051020408 200000
14628453.1102041 5.95735051020408 200000
15700126.8734694 6.47374357142857 200000
16847547.1836735 6.47374357142857 200000
18076063.4938775 6.97498785714286 200000
19391414.9877551 6.97498785714286 200000
20799735.9183673 7.62757530612245 200000
22307592.9795918 7.62757530612245 200000
23922028.0163265 7.62757530612245 200000
25650574.0408163 7.62757530612245 200000
0 11479407.6376041 250000
39217.9930612245 11479407.6376041 250000
81197.5818367347 11479407.6376041 250000
126144.357959184 11479407.6376041 250000
174263.913061225 4825738.61672579 250000
225778.508367347 4825738.61672579 250000
280927.074693878 32496.22308921 250000
339965.21244898 32496.22308921 250000
403176.304693878 1566.24711263095 250000
470843.734489796 1566.24711263095 250000
543289.780612245 234.404153934949 250000
620847.834897959 234.404153934949 250000
703879.071836735 68.3911563320578 250000
792772.448571429 68.3911563320578 250000
887939.148367347 29.5259103558673 250000
989818.137142857 29.5259103558673 250000
1098892.83306122 16.2252893337585 250000
1215663.32387755 16.2252893337585 250000
1340674.14959184 10.4549017495748 250000
1474508.74591837 10.4549017495748 250000
1617783.8877551 7.74595416284014 250000
1771177.47183673 7.74595416284014 250000
1935389.62102041 6.3117788835034 250000
2111198.24959184 6.3117788835034 250000
2299409.0544898 5.47681755017007 250000
2500911.08061225 5.47681755017007 250000
2716626.71204082 4.99559884693878 250000
2947567.23734694 4.99559884693878 250000
3194810.62346939 4.72582928571429 250000
3459495.95918367 4.72582928571429 250000
3742867.90734694 4.58008611819728 250000
4046237.80918367 4.58008611819728 250000
4371017.02346939 4.52854929676871 250000
4718716.92653061 4.52854929676871 250000
5090954.46877551 4.56735240221088 250000
5489468.84428572 4.56735240221088 250000
5916104.82122449 4.68608851573129 250000
6372846.08102041 4.68608851573129 250000
6861826.33142857 4.87065794090136 250000
7385318.19346939 4.87065794090136 250000
7945755.42755102 5.10705359013606 250000
8545744.04653061 5.10705359013606 250000
9188073.42877551 5.36955335714286 250000
9875738.54428572 5.36955335714286 250000
10611939.9546939 5.62181984693878 250000
11400094.9263265 5.62181984693878 250000
12243870.7693878 5.83255127040816 250000
13147201.507551 5.83255127040816 250000
14114282.3214286 5.98418667559524 250000
15149614.0008163 5.98418667559524 250000
16258019.6142857 6.06227908290816 250000
17444644.5091837 6.06227908290816 250000
18715022.99 6.04285437797619 250000
20075050.5357143 6.04285437797619 250000
21531067.1477551 5.80085589370748 250000
23089846.2369388 5.80085589370748 250000
24758627.9626531 5.80085589370748 250000
26545191.4677551 5.80085589370748 250000
0 12038321.2637634 300000
41073.5784693878 12038321.2637634 300000
85011.661122449 12038321.2637634 300000
132020.115816327 12038321.2637634 300000
182310.692346939 24909046.350866 300000
236112.786326531 24909046.350866 300000
293673.439183673 2462453.49998354 300000
355257.338163265 2462453.49998354 300000
421135.05244898 13485.348040342 300000
491612.442857143 13485.348040342 300000
567013.016020408 605.087982102041 300000
647677.924387755 605.087982102041 300000
733977.730102041 108.483329487457 300000
826300.641122449 108.483329487457 300000
925076.038979592 36.0584659128401 300000
1030745.06908163 36.0584659128401 300000
1143790.05040816 16.8111447062075 300000
1264728.59357143 16.8111447062075 300000
1394119.4827551 10.2837856904762 300000
1532539.14795918 10.2837856904762 300000
1680622.83857143 7.65346844834184 300000
1839052.8594898 7.65346844834184 300000
2008540.92530612 6.38946431356292 300000
2189863.45193878 6.38946431356292 300000
2383849.7927551 5.67952655739796 300000
2591382.23857143 5.67952655739796 300000
2813407.78153061 5.2392511860119 300000
3050932.23316327 5.2392511860119 300000
3305043.75214286 4.95427125233844 300000
3576901.08040816 4.95427125233844 300000
3867745.30704082 4.76816916028911 300000
4178893.98632653 4.76816916028911 300000
4511770.54744898 4.65116759481292 300000
4867892.53061225 4.65116759481292 300000
5248877.46897959 4.6052517102466 300000
5656466.41642857 4.6052517102466 300000
6092518.06561224 4.6502853039966 300000
6559020.51183673 4.6502853039966 300000
7058097.135 4.78673402954932 300000
7592024.24540816 4.78673402954932 300000
8163231.08377551 4.99202594685374 300000
8774323.34897959 4.99202594685374 300000
9428089.08 5.24769421896259 300000
10127504.5378571 5.24769421896259 300000
10875763.6153061 5.55139832440476 300000
11676266.0729592 5.55139832440476 300000
12532670.4767347 5.9075497172619 300000
13448870.670102 5.9075497172619 300000
14429054.5934694 6.32535118090986 300000
15477674.8744898 6.32535118090986 300000
16599525.2932653 6.80866273767007 300000
17799711.3726531 6.80866273767007 300000
19083697.4337755 7.3104043692602 300000
20457347.7695918 7.3104043692602 300000
21926914.8810204 7.74653787542517 300000
23499098.2963265 7.74653787542517 300000
25181068.0988775 7.74653787542517 300000
26980482.5729592 7.74653787542517 300000
0 11282740.1509076 350000
42484.7441836735 11282740.1509076 350000
87898.832755102 11282740.1509076 350000
136439.611020408 11282740.1509076 350000
188322.925408163 32131575.4786071 350000
243783.123469388 32131575.4786071 350000
303066.886836735 2313956.38535651 350000
366427.064183673 2313956.38535651 350000
434159.673469388 24927.7378805138 350000
506554.565612245 24927.7378805138 350000
583932.426734694 1292.77353713946 350000
666650.945204082 1292.77353713946 350000
755061.642346939 173.875565911777 350000
849565.375816326 173.875565911777 350000
950575.337346939 42.988347306335 350000
1058547.88795918 42.988347306335 350000
1173957.88979592 17.6999467589286 350000
1297323.37428571 17.6999467589286 350000
1429180.87397959 10.6368863039966 350000
1570122.42479592 10.6368863039966 350000
1720777.06489796 7.91774807206633 350000
1881810.83469388 7.91774807206633 350000
2053939.11091837 6.54100760182823 350000
2237920.43959184 6.54100760182823 350000
2434581.20418367 5.72867984630102 350000
2644784.79040816 5.72867984630102 350000
2869474.7555102 5.22083688307823 350000
3109643.99306122 5.22083688307823 350000
3366359.40112245 4.88069888605442 350000
3640755.71520408 4.88069888605442 350000
3934060.17642857 4.66146058503401 350000
4247567.86336735 4.66146058503401 350000
4582672.5272449 4.56952028486394 350000
4940866.59193878 4.56952028486394 350000
5323734.98693877 4.59336617602041 350000
5732979.8155102 4.59336617602041 350000
6170420.35469388 4.69531506951531 350000
6637993.05530612 4.69531506951531 350000
7137776.21010204 4.84508422534013 350000
7671996.12081633 4.84508422534013 350000
8243014.76408163 5.02582991326531 350000
8853372.96071428 5.02582991326531 350000
9505778.04163265 5.2222116192602 350000
10203128.5160204 5.2222116192602 350000
10948526.4054082 5.42903875063775 350000
11745271.0766327 5.42903875063775 350000
12596902.4111224 5.65249119621599 350000
13507206.9719388 5.65249119621599 350000
14480224.1708163 5.88599077912415 350000
15520270.9363265 5.88599077912415 350000
16631972.5490816 6.10140037563775 350000
17820256.4746939 6.10140037563775 350000
19090401.700102 6.22946925659013 350000
20448051.0676531 6.22946925659013 350000
21899229.7762245 6.04245374383503 350000
23450388.5505102 6.04245374383503 350000
25108403.6410204 6.04245374383503 350000
26880638.4944898 6.04245374383503 350000
0 14911244.8803246 400000
43910.8432653061 14911244.8803246 400000
90819.2546938775 14911244.8803246 400000
140943.472653061 14911244.8803246 400000
194488.897959184 25014922.7073815 400000
251705.862857143 25014922.7073815 400000
312831.862040816 22542630.6233606 400000
378136.484081633 22542630.6233606 400000
447914.992653061 114461.959612383 400000
522462.651428571 114461.959612383 400000
602106.817959184 2428.07027610204 400000
687206.943673469 2428.07027610204 400000
778122.48 214.061068362245 400000
875257.809795918 214.061068362245 400000
979042.991020408 49.5719625612245 400000
1089920.91918367 49.5719625612245 400000
1208385.84 20.302894505102 400000
1334957.67428571 20.302894505102 400000
1470182.01795918 11.6115247806122 400000
1614662.23591837 11.6115247806122 400000
1769020.94938775 8.13337754591837 400000
1933944.96734694 8.13337754591837 400000
2110146.77387755 6.50702030102041 400000
2298396.62204082 6.50702030102041 400000
2499528.95265306 5.6690892755102 400000
2714423.13795918 5.6690892755102 400000
2944016.31918367 5.21236665306122 400000
3189309.82530612 5.21236665306122 400000
3451388.42938775 4.96216813265306 400000
3731394.67346939 4.96216813265306 400000
4030548.12489796 4.82195800510204 400000
4350171.05142857 4.82195800510204 400000
4691662.74612245 4.74144248979592 400000
5056505.94612245 4.74144248979592 400000
5446311.76408163 4.70048267857143 400000
5862781.1755102 4.70048267857143 400000
6307737.11265306 4.70091059693877 400000
6783130.88326531 4.70091059693877 400000
7291048.58938775 4.76179535714286 400000
7833711.12734694 4.76179535714286 400000
8413493.44408163 4.90038741836735 400000
9032930.95591837 4.90038741836735 400000
9694751.64244898 5.12672948979592 400000
10401837.5338775 5.12672948979592 400000
11157295.317551 5.45143929591837 400000
11964430.6628571 5.45143929591837 400000
12826780.315102 5.87467730612245 400000
13748118.5142857 5.87467730612245 400000
14732482.6702041 6.3702067755102 400000
15784179.7812245 6.3702067755102 400000
16907818.5281633 6.90328608163265 400000
18108328.5306122 6.90328608163265 400000
19390953.9281633 7.47634901020408 400000
20761323.9869388 7.47634901020408 400000
22225433.8432653 8.18482135714286 400000
23789695.8538775 8.18482135714286 400000
25460965.2710204 8.18482135714286 400000
27246553.08 8.18482135714286 400000
0 13398679.9702738 450000
45770.0285714286 13398679.9702738 450000
94627.5028571429 13398679.9702738 450000
146795.856428571 13398679.9702738 450000
202484.981428571 66229963.2696819 450000
261945.394285714 66229963.2696819 450000
325420.840714286 4146294.43955169 450000
393182.149285714 4146294.43955169 450000
465534.002142857 40492.3120657753 450000
542767.54 40492.3120657753 450000
625228.069285714 1800.54644586756 450000
713260.896428571 1800.54644586756 450000
807245.181428571 225.652771775298 450000
907580.396428571 225.652771775298 450000
1014699.86714286 54.1620327098214 450000
1129057.23142857 54.1620327098214 450000
1251146.75142857 21.5196574330357 450000
1381489.77214286 21.5196574330357 450000
1520641.49214286 12.2298706860119 450000
1669204.505 12.2298706860119 450000
1827808.48714286 8.54902828720238 450000
1997130.51 8.54902828720238 450000
2177901.81071429 6.76356271875 450000
2370894.25071429 6.76356271875 450000
2576927.08642857 5.81371613839286 450000
2796887.28142857 5.81371613839286 450000
3031722.73571429 5.2788014985119 450000
3282428.74428571 5.2788014985119 450000
3550081.85071429 4.96180511904762 450000
3835826.30571429 4.96180511904762 450000
4140887.60857143 4.78616150595238 450000
4466565.73642857 4.78616150595238 450000
4814268.99785714 4.72849758928571 450000
5185466.63785714 4.72849758928571 450000
5581763.31571428 4.76261916815476 450000
6004844.93928571 4.76261916815476 450000
6456526.06 4.84709793452381 450000
6938743.10214286 4.84709793452381 450000
7453554.36285714 4.95549989136905 450000
8003160.32428571 4.95549989136905 450000
8589923.96571429 5.08428451934524 450000
9216350.45142857 5.08428451934524 450000
9885127.755 5.23782457142857 450000
10599106.3471429 5.23782457142857 450000
11361346.5907143 5.41267826785714 450000
12175118.7407143 5.41267826785714 450000
13043896.1735714 5.58269372470238 450000
13971402.7821429 5.58269372470238 450000
14961599.4342857 5.71233879761905 450000
16018738.1385714 5.71233879761905 450000
17147334.9614286 5.78996221577381 450000
18352224.1928571 5.78996221577381 450000
19638565.1171429 5.82689081994048 450000
21011848.7835714 5.82689081994048 450000
22477972.4842857 5.86871408630952 450000
24043199.13 5.86871408630952 450000
25714231.7278571 5.86871408630952 450000
27498220.1521428 5.86871408630952 450000
0 15840997.3491877 500000
46862.1844897959 15840997.3491877 500000
96888.6742857143 15840997.3491877 500000
150307.964081633 15840997.3491877 500000
207341.624489796 24421297.4551475 500000
268231.998367347 24421297.4551475 500000
333249.124897959 15896930.5647827 500000
402663.043265306 15896930.5647827 500000
476771.488979592 406923.357673667 500000
555899.893877551 406923.357673667 500000
640380.613877551 7292.55686418027 500000
730580.625306122 7292.55686418027 500000
826880.752653061 506.184151095238 500000
929703.364897959 506.184151095238 500000
1039484.67918367 85.5240204251701 500000
1156695.53306122 85.5240204251701 500000
1281834.46040816 26.7541176972789 500000
1415448.46367347 26.7541176972789 500000
1558098.39346939 13.1214231972789 500000
1710407.41714286 13.1214231972789 500000
1873026.39836735 8.7109707244898 500000
2046647.74530612 8.7109707244898 500000
2232019.25877551 6.85778355102041 500000
2429937.20816327 6.85778355102041 500000
2641246.33142857 5.86025419047619 500000
2866853.68326531 5.86025419047619 500000
3107735.55918367 5.25858034693877 500000
3364923.64734694 5.25858034693877 500000
3639511.95265306 4.92139199659864 500000
3932677.56897959 4.92139199659864 500000
4245694.52734694 4.76873042176871 500000
4579892.25142857 4.76873042176871 500000
4936704.02612245 4.74099081972789 500000
5317666.99755102 4.74099081972789 500000
5724408.32489796 4.80508185034014 500000
6158679.80081633 4.80508185034014 500000
6622344.00326531 4.93593256802721 500000
7117381.21959184 4.93593256802721 500000
7645930.99102041 5.11813689115646 500000
8210243.64408163 5.11813689115646 500000
8812749.53142857 5.35374319387755 500000
9456031.33551021 5.35374319387755 500000
10142844.8408163 5.63990971768707 500000
10876146.6302041 5.63990971768707 500000
11659073.3126531 5.94253536054422 500000
12494983.0677551 5.94253536054422 500000
13387469.4938775 6.19445653061225 500000
14340354.6840816 6.19445653061225 500000
15357723.8465306 6.32850963605442 500000
16443953.0008163 6.32850963605442 500000
17603688.2057143 6.31810908843537 500000
18841914.8 6.31810908843537 500000
20163943.5542857 6.14610336054422 500000
21575438.3673469 6.14610336054422 500000
23082464.7346939 5.68070409863946 500000
24691475.9004082 5.68070409863946 500000
26409389.0220408 5.68070409863946 500000
28243557.4742857 5.68070409863946 500000
0 576.946142208971 50000
33378.0108163265 576.946142208971 50000
69183.4298979592 576.946142208971 50000
107590.626836735 576.946142208971 50000
148792.325918367 709.136246006165 50000
192995.01744898 709.136246006165 50000
240409.780408163 370.575772539328 50000
291270.637142857 370.575772539328 50000
345834.553367347 79.8552504272959 50000
404367.672142857 79.8552504272959 50000
467159.079897959 36.7952819866071 50000
534516.217755102 36.7952819866071 50000
606774.058877551 23.5035296607143 50000
684285.931122449 23.5035296607143 50000
767437.283061225 15.709954565051 50000
856631.917959184 15.709954565051 50000
952319.525816326 11.2672104717262 50000
1054968.15132653 11.2672104717262 50000
1165082.54857143 8.6440570440051 50000
1283204.18102041 8.6440570440051 50000
1409915.81020408 7.0710215397534 50000
1545850.67306122 7.0710215397534 50000
1691669.53857143 6.09632993643707 50000
1848092.82846939 6.09632993643707 50000
2015896.02857143 5.43225328805272 50000
2195905.10010204 5.43225328805272 50000
2389010.24571429 4.94329189094388 50000
2596156.73214286 4.94329189094388 50000
2818372.4222449 4.6075635085034 50000
3056754.00897959 4.6075635085034 50000
3312471.60408163 4.40968652487245 50000
3586791.68142857 4.40968652487245 50000
3881063.31102041 4.31244488626701 50000
4196741.10234694 4.31244488626701 50000
4535380.61571429 4.28922428656463 50000
4898652.12826531 4.28922428656463 50000
5288345.22265306 4.33416460735544 50000
5706382.55306122 4.33416460735544 50000
6154833.61122449 4.44926383354592 50000
6635896.37173469 4.44926383354592 50000
7151956.94479592 4.62253405569728 50000
7705552.86683673 4.62253405569728 50000
8299414.39857143 4.83057303911565 50000
8936473.70234694 4.83057303911565 50000
9619869.43081633 5.05327665816326 50000
10352974.2589796 5.05327665816326 50000
11139404.0615306 5.26405928592687 50000
11983040.8562245 5.26405928592687 50000
12888037.392551 5.4440595625 50000
13858863.0384694 5.4440595625 50000
14900303.7804082 5.61851519196429 50000
16017498.9326531 5.61851519196429 50000
17215954.9033673 5.79306641879252 50000
18501581.9039796 5.79306641879252 50000
19880726.069898 5.85865577019558 50000
21360183.2265306 5.85865577019558 50000
22947253.9533673 5.85865577019558 50000
24649766.5273469 5.85865577019558 50000
0 14256715.6864055 550000
49231.3132653061 14256715.6864055 550000
101729.896530612 14256715.6864055 550000
157725.421836735 14256715.6864055 550000
217432.743673469 53353213.3376591 550000
281111.169183673 53353213.3376591 550000
349020.005510204 30310408.2466415 550000
421440.786122449 30310408.2466415 550000
498677.270816326 1095902.14894839 550000
581048.036938776 1095902.14894839 550000
668886.479387755 16401.5891458112 550000
762563.036938776 16401.5891458112 550000
862462.965918367 815.754788327806 550000
969008.566530612 815.754788327806 550000
1082622.13897959 110.001886997449 550000
1203792.66244898 110.001886997449 550000
1333016.52489796 31.3321283762755 550000
1470827.15816327 31.3321283762755 550000
1617787.62918367 14.4645537372449 550000
1774520.27510204 14.4645537372449 550000
1941662.25061224 9.08076635841837 550000
2119917.38938776 9.08076635841837 550000
2310011.75142857 6.84964448341837 550000
2512738.07571429 6.84964448341837 550000
2728940.96265306 5.78163862372449 550000
2959502.05653061 5.78163862372449 550000
3205391.90693878 5.26063192091837 550000
3467610.69857143 5.26063192091837 550000
3747262.33897959 5.01833409183673 550000
4045495.18836735 5.01833409183673 550000
4363539.10346939 4.91408644642857 550000
4702727.66387755 4.91408644642857 550000
5064446.31061224 4.87420253826531 550000
5450199.02510204 4.87420253826531 550000
5861593.51163265 4.8788175880102 550000
6300318.97102041 4.8788175880102 550000
6768197.96204082 4.94475569005102 550000
7267164.17510204 4.94475569005102 550000
7799292.06734694 5.08856310969388 550000
8366774.63632653 5.08856310969388 550000
8971967.87265306 5.29884885459184 550000
9617375.94244898 5.29884885459184 550000
10305666.004898 5.53180853954082 550000
11039697.8473469 5.53180853954082 550000
11822501.6589796 5.73575052040816 550000
12657322.4834694 5.73575052040816 550000
13547612.8102041 5.88813977168367 550000
14497069.6181633 5.88813977168367 550000
15509612.1495918 5.99214045790816 550000
16589433.7714286 5.99214045790816 550000
17741016.7928571 6.03728768367347 550000
18969110.2389796 6.03728768367347 550000
20278818.7561224 6.01078587627551 550000
21675550.7504082 6.01078587627551 550000
23165092.4755102 5.9059671377551 550000
24753615.4414286 5.9059671377551 550000
26447698.6408163 5.9059671377551 550000
28254343.3665306 5.9059671377551 550000
0 10619238.1887857 600000
50878.352755102 10619238.1887857 600000
105111.576428571 10619238.1887857 600000
162915.616734694 10619238.1887857 600000
224544.981122449 26331724.0427151 600000
290231.04 26331724.0427151 600000
360251.437857143 34255546.0557984 600000
434899.243877551 34255546.0557984 600000
514459.814897959 3576410.6153438 600000
599272.494183673 3576410.6153438 600000
689684.337346939 34555.6024148818 600000
786057.824693877 34555.6024148818 600000
888786.285918367 1222.43044818452 600000
998293.900102041 1222.43044818452 600000
1115027.98336735 134.184553605442 600000
1239458.98887755 134.184553605442 600000
1372103.64387755 34.3798431054422 600000
1513494.10030612 34.3798431054422 600000
1664208.78418367 15.2789626551871 600000
1824872.39561224 15.2789626551871 600000
1996125.05938775 9.38335544217687 600000
2178684.02377551 9.38335544217687 600000
2373281.96173469 7.01558459502551 600000
2580720.95734694 7.01558459502551 600000
2801841.65642857 5.92155604698129 600000
3037546.40357143 5.92155604698129 600000
3288799.24214286 5.35810483354592 600000
3556633.62663265 5.35810483354592 600000
3842129.28561224 5.04745792580782 600000
4146466.20816326 5.04745792580782 600000
4470870.65744898 4.89501053465136 600000
4816676.8694898 4.89501053465136 600000
5185303.91612245 4.86766383779762 600000
5578240.28030612 4.86766383779762 600000
5997097.84255102 4.93270463031463 600000
6443588.74387755 4.93270463031463 600000
6919533.09816326 5.05248701870748 600000
7426874.41683673 5.05248701870748 600000
7967679.60887755 5.20748912478741 600000
8544162.11785714 5.20748912478741 600000
9158681.92193877 5.39624881611395 600000
9813730.10918367 5.39624881611395 600000
10511998.2886735 5.60522128337585 600000
11256324.6040816 5.60522128337585 600000
12049747.720102 5.80246455633503 600000
12895522.2471429 5.80246455633503 600000
13797080.1795918 5.95745059502551 600000
14758115.7316326 5.95745059502551 600000
15782546.7755102 6.06579300212585 600000
16874561.1156122 6.06579300212585 600000
18038608.7761224 6.1588713892432 600000
19279448.275102 6.1588713892432 600000
20602146.6244898 6.25718774532313 600000
22012094.7547959 6.25718774532313 600000
23515053.7891837 6.30334935522959 600000
25117155.0434694 6.30334935522959 600000
26824954.012551 6.30334935522959 600000
28645407.2333673 6.30334935522959 600000
0 19411370.4108099 650000
52479.5142857143 19411370.4108099 650000
108403.196938775 19411370.4108099 650000
167987.309693877 19411370.4108099 650000
231480.153061224 42911093.6120696 650000
299130.02755102 42911093.6120696 650000
371217.272448979 30477309.818579 650000
448022.227040816 30477309.818579 650000
529865.279081632 1325940.03742255 650000
617066.81632653 1325940.03742255 650000
709979.265306122 25050.7589361735 650000
808987.09132653 25050.7589361735 650000
914474.759693877 1252.58651558992 650000
1026874.79387755 1252.58651558992 650000
1146643.74642857 152.319831176658 650000
1274262.19897959 152.319831176658 650000
1410242.77193878 38.5697964636479 650000
1555130.1244898 38.5697964636479 650000
1709508.96428571 16.3932235299745 650000
1874012.05714286 16.3932235299745 650000
2049288.18826531 9.74310844068877 650000
2236050.22040816 9.74310844068877 650000
2435043.05510204 7.15571032844388 650000
2647083.68112245 7.15571032844388 650000
2873013.11632653 5.98425922512755 650000
3113752.4755102 5.98425922512755 650000
3370262.92193878 5.40003549107143 650000
3643577.70612245 5.40003549107143 650000
3934802.16581633 5.09486615433673 650000
4245113.72602041 5.09486615433673 650000
4575753.88928571 4.94908972576531 650000
4928060.27448979 4.94908972576531 650000
5303450.59744898 4.91683402104592 650000
5703438.69030612 4.91683402104592 650000
6129634.50153061 4.97470405931122 650000
6583760.11530612 4.97470405931122 650000
7067641.74183673 5.09761948660714 650000
7583225.73673469 5.09761948660714 650000
8132594.62040816 5.25893138392857 650000
8717959.06836735 5.25893138392857 650000
9341681.94030612 5.44582424107143 650000
10006270.2704082 5.44582424107143 650000
10714407.3061224 5.65731353316326 650000
11468952.5081633 5.65731353316326 650000
12272925.5311224 5.87986621492347 650000
13129586.3204082 5.87986621492347 650000
14042379.0443878 6.07046355548469 650000
15014980.152551 6.07046355548469 650000
16051306.3852041 6.16637963966837 650000
17155546.8122449 6.16637963966837 650000
18332130.7943878 6.12516308992347 650000
19585816.0897959 6.12516308992347 650000
20921648.8056122 5.96006327487245 650000
22345011.4561224 5.96006327487245 650000
23861638.9821429 5.67530197066326 650000
25477634.7704082 5.67530197066326 650000
27199526.7214286 5.67530197066326 650000
29034243.2204082 5.67530197066326 650000
0 26707630.1718035 700000
54386.3020408163 26707630.1718035 700000
112282.212244898 26707630.1718035 700000
173923.387755102 26707630.1718035 700000
239545.485714286 23326669.7403162 700000
309409.412244898 23326669.7403162 700000
383784.489795918 42622295.4211519 700000
462965.289795918 42622295.4211519 700000
547263.216326531 4556327.70380439 700000
637006.506122449 4556327.70380439 700000
732557.06122449 43221.8916331463 700000
834276.783673469 43221.8916331463 700000
942569.657142857 1590.0208244898 700000
1057856.49795918 1590.0208244898 700000
1180600.20408163 176.56497457483 700000
1311263.67346939 176.56497457483 700000
1450385.55102041 43.2453651360544 700000
1598487.64897959 43.2453651360544 700000
1756159.11020408 18.0589995068027 700000
1924022.74285714 18.0589995068027 700000
2102726.60408163 10.4848141156463 700000
2292986.08163265 10.4848141156463 700000
2495533.39591837 7.43926115646258 700000
2711168.09795918 7.43926115646258 700000
2940740.23673469 6.01698964285714 700000
3185150.35918367 6.01698964285714 700000
3445349.51020408 5.33005959183673 700000
3722364.48163265 5.33005959183673 700000
4017272.56326531 5.02396831632653 700000
4331243.6244898 5.02396831632653 700000
4665498.03265306 4.91052324829932 700000
5021348.73469388 4.91052324829932 700000
5400201.25714286 4.88646658163265 700000
5803528.45714286 4.88646658163265 700000
6232921.02040816 4.91636207482993 700000
6690053.79591837 4.91636207482993 700000
7176736.29387755 5.00539979591837 700000
7694853.77142857 5.00539979591837 700000
8246459.8122449 5.16779982993197 700000
8833700.57959183 5.16779982993197 700000
9458898.97959184 5.4030887585034 700000
10124487.3306122 5.4030887585034 700000
10833083.1102041 5.68940166666667 700000
11587472.122449 5.68940166666667 700000
12390600.0816327 5.99614170068027 700000
13245631.5265306 5.99614170068027 700000
14155907.7387755 6.29216845238095 700000
15125005.6571429 6.29216845238095 700000
16156721.044898 6.53701341836735 700000
17255110.5714286 6.53701341836735 700000
18424466.5632653 6.67886358843537 700000
19669384.3346939 6.67886358843537 700000
20994745.355102 6.62540238095238 700000
22405750.9142857 6.62540238095238 700000
23907930.5387755 6.11141030612245 700000
25507167.2408163 6.11141030612245 700000
27209756.4326531 6.11141030612245 700000
29022355.4285714 6.11141030612245 700000
0 19268879.8830425 750000
55697.35 19268879.8830425 750000
114984.45 19268879.8830425 750000
178086.2 19268879.8830425 750000
245244.8 40312960.7861996 750000
316737.05 40312960.7861996 750000
392831.1 32983130.0509981 750000
473821.05 32983130.0509981 750000
560035.6 3395338.04106625 750000
651794.8 3395338.04106625 750000
749461.95 77226.8363395833 750000
853417.65 77226.8363395833 750000
964059.8 3289.06466489583 750000
1081838.2 3289.06466489583 750000
1207194 290.3209771875 750000
1340628.9 290.3209771875 750000
1482644.6 54.1046146875 750000
1633812 54.1046146875 750000
1794719.3 19.0979926041667 750000
1965980.65 19.0979926041667 750000
2148262.1 10.4413429166667 750000
2342290.25 10.4413429166667 750000
2548809 7.36224927083333 750000
2768631.45 7.36224927083333 750000
3002596.65 5.9976396875 750000
3251638.8 5.9976396875 750000
3516709.4 5.34678125 750000
3798855.1 5.34678125 750000
4099157.15 5.061223125 750000
4418809.25 5.061223125 750000
4759031.05 4.972344375 750000
5121171.95 4.972344375 750000
5506624.6 4.98962635416667 750000
5916894.1 4.98962635416667 750000
6353589.35 5.07540552083333 750000
6818397.1 5.07540552083333 750000
7313133.85 5.2207615625 750000
7839737.2 5.2207615625 750000
8400239.9 5.4149540625 750000
8996830.4 5.4149540625 750000
9631844.2 5.62759989583333 750000
10307737.9 5.62759989583333 750000
11027158.4 5.82035072916667 750000
11792908.3 5.82035072916667 750000
12607954.55 5.97814114583333 750000
13475489 5.97814114583333 750000
14398885.15 6.109495 750000
15381732.75 6.109495 750000
16427872.4 6.20078854166667 750000
17541369.6 6.20078854166667 750000
18726575.3 6.20498739583333 750000
19988082.65 6.20498739583333 750000
21330830.8 6.09734895833333 750000
22760035.7 6.09734895833333 750000
24281267.95 5.82858625 750000
25900452.8 5.82858625 750000
27623896.1 5.82858625 750000
29458318.9 5.82858625 750000
0 21922350.3245599 800000
57672.6198979592 21922350.3245599 800000
119040.469387755 21922350.3245599 800000
184337.880102041 21922350.3245599 800000
253808.196428571 41965590.3780591 800000
327730.81377551 41965590.3780591 800000
406376.114795918 34070606.01413 800000
490059.545918367 34070606.01413 800000
579096.553571429 6133288.51141752 800000
673829.622448979 6133288.51141752 800000
774628.275510204 67650.2934419536 800000
881880.06122449 67650.2934419536 800000
995990.553571428 2516.947072348 800000
1117401.37755102 2516.947072348 800000
1246581.19642857 256.156113015519 800000
1384034.7244898 256.156113015519 800000
1530275.68877551 55.9680638127126 800000
1685880.90561224 55.9680638127126 800000
1851445.21683673 20.7773296556122 800000
2027599.51530612 20.7773296556122 800000
2215028.77040816 11.0742350659014 800000
2414454.00255102 11.0742350659014 800000
2626641.29591837 7.55496074085884 800000
2852410.81122449 7.55496074085884 800000
3092618.76020408 6.06941460459184 800000
3348211.48214286 6.06941460459184 800000
3620153.34183673 5.41422486181973 800000
3909489.81887755 5.41422486181973 800000
4217356.52040816 5.13657567495748 800000
4544916.09183673 5.13657567495748 800000
4893439.33163265 5.03918159013605 800000
5264260.12755102 5.03918159013605 800000
5658820.52040816 5.04468312606292 800000
6078625.64030612 5.04468312606292 800000
6525297.78316326 5.12624855973639 800000
7000549.37244898 5.12624855973639 800000
7506219.01020408 5.2734381164966 800000
8044253.45153061 5.2734381164966 800000
8616707.60459184 5.47502340561224 800000
9225807.61989796 5.47502340561224 800000
9873878.7882653 5.70362818346088 800000
10563417.6428571 5.70362818346088 800000
11297091.9591837 5.92027228422619 800000
12077713.7168367 5.92027228422619 800000
12908284.1632653 6.09864972895408 800000
13792011.8392857 6.09864972895408 800000
14732294.5535714 6.24972603635204 800000
15732746.4209184 6.24972603635204 800000
16797224.9005102 6.40718637861394 800000
17929821.7831633 6.40718637861394 800000
19134899.2423469 6.57073033056973 800000
20417089.8341837 6.57073033056973 800000
21781341.5612245 6.68845944409013 800000
23232890.8341837 6.68845944409013 800000
24777325.5612245 6.74991516794218 800000
26420603.1734694 6.74991516794218 800000
28169032.5994898 6.74991516794218 800000
30029355.380102 6.74991516794218 800000
0 16123835.4280157 850000
60001.4142857143 16123835.4280157 850000
123776.142857143 16123835.4280157 850000
191571.928571429 16123835.4280157 850000
263636.514285714 42347165.7773205 850000
340227.171428571 42347165.7773205 850000
421658.342857143 34063410.0203182 850000
508206.357142857 34063410.0203182 850000
600204.714285714 12793227.4441763 850000
697996.442857143 12793227.4441763 850000
801943.628571429 143328.92581128 850000
912446.471428571 143328.92581128 850000
1029895.64285714 5030.32755761905 850000
1154748.51428571 5030.32755761905 850000
1287462.45714286 413.042489464286 850000
1428523.42857143 413.042489464286 850000
1578474.55714286 70.7260993452381 850000
1737868.5 70.7260993452381 850000
1907296.02857143 22.7695536904762 850000
2087395.55714286 22.7695536904762 850000
2278834.08571429 11.4617399107143 850000
2482326.25714286 11.4617399107143 850000
2698634.35714286 7.66033619047619 850000
2928558.78571429 7.66033619047619 850000
3172957.11428571 6.10719889880952 850000
3432753.61428571 6.10719889880952 850000
3708901.14285714 5.43440235119048 850000
4002447.84285714 5.43440235119048 850000
4314470.44285714 5.17202916666667 850000
4646140.95714286 5.17202916666667 850000
4998698.1 5.10759220238095 850000
5373456.81428571 5.10759220238095 850000
5771808.27142857 5.13194961309524 850000
6195248.45714286 5.13194961309524 850000
6645349.58571428 5.19630717261905 850000
7123788.68571429 5.19630717261905 850000
7632357.12857143 5.28780130952381 850000
8172951.1 5.28780130952381 850000
8747581.12857143 5.41238738095238 850000
9358391.14285714 5.41238738095238 850000
10007668 5.57596119047619 850000
10697831.9571429 5.57596119047619 850000
11431446.2 5.77211080357143 850000
12211254.9571429 5.77211080357143 850000
13040173.9714286 5.98888580357143 850000
13921280.9714286 5.98888580357143 850000
14857872.8428571 6.22245491071429 850000
15853437.0428571 6.22245491071429 850000
16911699.2428571 6.47938886904762 850000
18036585.2142857 6.47938886904762 850000
19232306.5857143 6.76951401785714 850000
20503322.7285714 6.76951401785714 850000
21854369.3428571 7.08753008928571 850000
23290487.0428571 7.08753008928571 850000
24817040.4142857 7.41612684523809 850000
26439708.4857143 7.41612684523809 850000
28164560.9571429 7.41612684523809 850000
29998020.0857143 7.41612684523809 850000
0 24784294.8407548 900000
61755.3596938775 24784294.8407548 900000
127380.919387755 24784294.8407548 900000
197113.630102041 24784294.8407548 900000
271200.315816327 41772016.5439691 900000
349927.292346939 41772016.5439691 900000
433571.00255102 38308528.6333175 900000
522457.254081633 38308528.6333175 900000
616892.108673469 11128748.3188241 900000
717250.73877551 11128748.3188241 900000
823868.825 163688.521695556 900000
937170.904591837 163688.521695556 900000
1057551.89591837 5651.96636190476 900000
1185465.95510204 5651.96636190476 900000
1321386.98418367 453.372703137755 900000
1465798.75816327 453.372703137755 900000
1619254.1627551 77.9962130017007 900000
1782306.08367347 77.9962130017007 900000
1955556.77142857 24.7729823596939 900000
2139638.09540816 24.7729823596939 900000
2335241.1627551 12.1286835331633 900000
2543086.6994898 12.1286835331633 900000
2763925.0505102 7.89990999681122 900000
2998585.54438775 7.89990999681122 900000
3247917.25561224 6.17294431760204 900000
3512848.24234694 6.17294431760204 900000
3794346.05459184 5.43387104804422 900000
4093457.22602041 5.43387104804422 900000
4411287.52806122 5.16411300701531 900000
4748992.09693878 5.16411300701531 900000
5107814.9255102 5.12069255527211 900000
5489098.73622449 5.12069255527211 900000
5894225.74336735 5.16843242665816 900000
6324686.76377551 5.16843242665816 900000
6782091.08979592 5.2457500382653 900000
7268097.37857143 5.2457500382653 900000
7784502.50867347 5.34164115433673 900000
8333221.83418367 5.34164115433673 900000
8916259.56581633 5.46509428146258 900000
9535768.00867347 5.46509428146258 900000
10194037.6892857 5.62462484693877 900000
10893477.6096939 5.62462484693877 900000
11636664.6122449 5.81897816220238 900000
12426353.252551 5.81897816220238 900000
13265436.3076531 6.02914878082483 900000
14157004.0137755 6.02914878082483 900000
15104344.0663265 6.21883300914116 900000
16110951.4928571 6.21883300914116 900000
17180518.780102 6.37443495960884 900000
18316995.1117347 6.37443495960884 900000
19524566.622449 6.53390381909013 900000
20807666.2709184 6.53390381909013 900000
22171033.077551 6.71289234162415 900000
23619692.3785714 6.71289234162415 900000
25158965.6989796 6.79549610012755 900000
26794529.9903061 6.79549610012755 900000
28532397.8846939 6.79549610012755 900000
30378986.8056122 6.79549610012755 900000
0 26028476.0068451 950000
63934.4214285714 26028476.0068451 950000
131816.819285714 26028476.0068451 950000
203895.885 26028476.0068451 950000
280409.947857143 42325785.090737 950000
361649.147857143 42325785.090737 950000
447903.625 66069330.1378973 950000
539484.243571428 66069330.1378973 950000
636712.23 25795394.0693216 950000
739939.897142857 25795394.0693216 950000
849529.92 282056.94896065 950000
965886.422142857 282056.94896065 950000
1089423.88928571 7202.60832143452 950000
1220587.89357143 7202.60832143452 950000
1359834.36928571 512.662721885417 950000
1507681.42357143 512.662721885417 950000
1664647.16357143 82.5287255029762 950000
1831301.50714286 82.5287255029762 950000
2008245.45857143 25.4276623571429 950000
2196100.74642857 25.4276623571429 950000
2395540.91 12.4433360744048 950000
2607291.29928571 12.4433360744048 950000
2832108.35071429 8.15429403125 950000
3070800.31142857 8.15429403125 950000
3324216.87714286 6.36978191666667 950000
3593269.91642857 6.36978191666667 950000
3878933.47071429 5.54301244345238 950000
4182212.66785714 5.54301244345238 950000
4504205.895 5.17278171428571 950000
4846073.71214286 5.17278171428571 950000
5209038.85214286 5.0623817172619 950000
5594386.22071429 5.0623817172619 950000
6003525.06928571 5.11121331547619 950000
6437895.73571428 5.11121331547619 950000
6899083.62785714 5.25092954166667 950000
7388715.60214286 5.25092954166667 950000
7908563.585 5.43243974404762 950000
8460492.76214286 5.43243974404762 950000
9046471.94071428 5.62169996577381 950000
9668614.99785714 5.62169996577381 950000
10329139.4321429 5.79451028571429 950000
11030428.5364286 5.79451028571429 950000
11774989.9492857 5.93401063392857 950000
12565486.7414286 5.93401063392857 950000
13404758.14 6.03517105357143 950000
14295819.5285714 6.03517105357143 950000
15241862.4471429 6.09432161904762 950000
16246285.6785714 6.09432161904762 950000
17312674.5242857 6.09527148214286 950000
18444873.3392857 6.09527148214286 950000
19646923.3592857 6.02174344345238 950000
20923155.96 6.02174344345238 950000
22278130.4842857 5.86311630654762 950000
23716706.7771429 5.86311630654762 950000
25244055.5478571 5.55240313541667 950000
26865648.0078571 5.55240313541667 950000
28587297.3192857 5.55240313541667 950000
30415179.3192857 5.55240313541667 950000
0 96162.7447481633 hpsmc
8124.10775510204 96162.7447481633 hpsmc
16856.3853061225 96162.7447481633 hpsmc
26243.4481632653 96162.7447481633 hpsmc
36334.08 341.099370176871 hpsmc
47181.4008163265 341.099370176871 hpsmc
58840.6987755102 46.9360754013605 hpsmc
71373.7665306122 46.9360754013605 hpsmc
84846.7330612245 17.693619292517 hpsmc
99328.9795918367 17.693619292517 hpsmc
114896.391836735 7.64200084353741 hpsmc
131630.275918367 7.64200084353741 hpsmc
149618.44244898 4.43509540136054 hpsmc
168955.206530612 4.43509540136054 hpsmc
189740.303673469 3.2813231292517 hpsmc
212083.226122449 3.2813231292517 hpsmc
236099.970612245 2.68994304761905 hpsmc
261917.374693878 2.68994304761905 hpsmc
289668.780408163 2.26003466666667 hpsmc
319499.454693877 2.26003466666667 hpsmc
351566.589387755 1.89984854421769 hpsmc
386036.048979592 1.89984854421769 hpsmc
423088.875102041 1.60397556462585 hpsmc
462919.118367347 1.60397556462585 hpsmc
505732.754285714 1.37674979591837 hpsmc
551755.271836735 1.37674979591837 hpsmc
601227.337142857 1.21471346938776 hpsmc
654405.87755102 1.21471346938776 hpsmc
711570.586122449 1.10902680272109 hpsmc
773018.50122449 1.10902680272109 hpsmc
839071.595102041 1.05101036734694 hpsmc
910073.521632653 1.05101036734694 hpsmc
986397.204897959 1.03460234013605 hpsmc
1068440.50285714 1.03460234013605 hpsmc
1156631.6277551 1.0564262585034 hpsmc
1251431.31428571 1.0564262585034 hpsmc
1353336.07183673 1.11603493877551 hpsmc
1462876.01632653 1.11603493877551 hpsmc
1580625.71102041 1.21746206802721 hpsmc
1707199.83020408 1.21746206802721 hpsmc
1843258.57959184 1.37156427210884 hpsmc
1989513.11673469 1.37156427210884 hpsmc
2146727.71918367 1.59826832653061 hpsmc
2315724.12081633 1.59826832653061 hpsmc
2497384.76408163 1.92806628571429 hpsmc
2692659.3044898 1.92806628571429 hpsmc
2902566.77877551 2.40171961904762 hpsmc
3128204.27755102 2.40171961904762 hpsmc
3370751.28163265 3.06539213605442 hpsmc
3631473.99836735 3.06539213605442 hpsmc
3911735.11836735 3.95621589115646 hpsmc
4212998.15183673 3.95621589115646 hpsmc
4536837.18530612 5.06791902040816 hpsmc
4884945.55428571 5.06791902040816 hpsmc
5259139.0955102 6.54987216326531 hpsmc
5661374.57632653 6.54987216326531 hpsmc
6093752.94693878 6.54987216326531 hpsmc
6558533.43346939 6.54987216326531 hpsmc
