0 30177103.3607455 1000000
64104.6753061224 30177103.3607455 1000000
132132.845510204 30177103.3607455 1000000
204335.614285714 30177103.3607455 1000000
280964.085306122 28493321.524055 1000000
362279.824897959 28493321.524055 1000000
448575.787346939 9336308.62258855 1000000
540165.852244898 9336308.62258855 1000000
637363.899183673 635014.64734695 1000000
740525.658367347 635014.64734695 1000000
849996.397346939 65333.038533162 1000000
966184.159591837 65333.038533162 1000000
1089486.52591837 5885.09456196429 1000000
1220342.9277551 5885.09456196429 1000000
1359213.72183673 599.49735623852 1000000
1506601.1155102 599.49735623852 1000000
1663007.31612245 99.3498223239796 1000000
1829007.76959184 99.3498223239796 1000000
2005177.92183673 28.875418442602 1000000
2192135.06938775 28.875418442602 1000000
2390548.82204082 13.1728071619898 1000000
2601120.17755102 13.1728071619898 1000000
2824602.44693878 8.16662384693877 1000000
3061769.86653061 8.16662384693877 1000000
3313459.44857143 6.1808776875 1000000
3580581.44387755 6.1808776875 1000000
3864067.02857143 5.34129337372449 1000000
4164920.61734694 5.34129337372449 1000000
4484209.40081633 5.03711353316326 1000000
4823052.88285714 5.03711353316326 1000000
5182664.73122449 4.99885945790816 1000000
5564310.92693877 4.99885945790816 1000000
5969341.1522449 5.07458290943877 1000000
6399188.79061224 5.07458290943877 1000000
6855360.46408163 5.17811958035714 1000000
7339488.34653061 5.17811958035714 1000000
7853288.31306122 5.28122030739796 1000000
8398559.94 5.28122030739796 1000000
8977238.81816326 5.3975955255102 1000000
9591375.62755102 5.3975955255102 1000000
10243136.1373469 5.55019767984694 1000000
10934832.5938775 5.55019767984694 1000000
11668913.2579592 5.74639422193877 1000000
12447972.867551 5.74639422193877 1000000
13274752.6377551 5.9722131505102 1000000
14152192.5740816 5.9722131505102 1000000
15083400.0844898 6.19314950765306 1000000
16071660.4420408 6.19314950765306 1000000
17120468.1728571 6.36386513010204 1000000
18233537.5187755 6.36386513010204 1000000
19414802.4373469 6.45870472066326 1000000
20668447.9897959 6.45870472066326 1000000
21998899.8783673 6.48743342219388 1000000
23410866.2969388 6.48743342219388 1000000
24909348.3936735 6.4619742997449 1000000
26499629.8083673 6.4619742997449 1000000
28187360.3736735 6.4619742997449 1000000
29978493.3391837 6.4619742997449 1000000
0 10764838.7683689 100000
33770.188877551 10764838.7683689 100000
69952.8713265306 10764838.7683689 100000
108722.728877551 10764838.7683689 100000
150268.606428571 70924.1158820259 100000
194784.07 70924.1158820259 100000
242481.570102041 673.633386139668 100000
293592.441734694 673.633386139668 100000
348362.183265306 188.611822045281 100000
407045.735306122 188.611822045281 100000
469926.365204082 79.1354249827806 100000
537306.224795918 79.1354249827806 100000
609506.350408163 31.4551766490221 100000
686871.383979592 31.4551766490221 100000
769764.851938776 16.332506727466 100000
858592.770816326 16.332506727466 100000
953770.599387755 10.9711804030612 100000
1055756.28653061 10.9711804030612 100000
1165036.10785714 8.46711672746599 100000
1282134.10795918 8.46711672746599 100000
1407607.37928571 6.97061926785714 100000
1542055.50438775 6.97061926785714 100000
1686120.55591837 5.9663676732568 100000
1840487.09663265 5.9663676732568 100000
2005896.3427551 5.27942468558673 100000
2183136.72173469 5.27942468558673 100000
2373053.3144898 4.81953818069728 100000
2576557.29765306 4.81953818069728 100000
2794611.78020408 4.52713349468537 100000
3028264.85132653 4.52713349468537 100000
3278630.69591837 4.35077006420068 100000
3546903.75795918 4.35077006420068 100000
3834363.46163265 4.24314814370748 100000
4142383.65357143 4.24314814370748 100000
4472437.32397959 4.17876383630952 100000
4826096.60663265 4.17876383630952 100000
5205056.3844898 4.15872857291667 100000
5611115.40520408 4.15872857291667 100000
6046218.77122449 4.20110064689626 100000
6512443.77642857 4.20110064689626 100000
7012014.0694898 4.32547271641156 100000
7547318.53836735 4.32547271641156 100000
8120911.31030612 4.53144151892007 100000
8735530.63632653 4.53144151892007 100000
9394108.33346939 4.78376584247449 100000
10099793.3904082 4.78376584247449 100000
10855951.967449 5.03775239455782 100000
11666191.0021429 5.03775239455782 100000
12534386.5360204 5.27639529868197 100000
13464678.9934694 5.27639529868197 100000
14461510.9507143 5.48705571662415 100000
15529641.2991837 5.48705571662415 100000
16674173.5722449 5.58202896322279 100000
17900565.387449 5.58202896322279 100000
19214675.6577551 5.28142132695578 100000
20622774.0337755 5.28142132695578 100000
22131592.8361224 5.28142132695578 100000
23748327.0554082 5.28142132695578 100000
0 10849705.4823273 150000
35021.9290816327 10849705.4823273 150000
72547.1775510204 10849705.4823273 150000
112742.633367347 10849705.4823273 150000
155809.54377551 467267.682063103 150000
201954.064489796 467267.682063103 150000
251382.35122449 5866.81126309779 150000
304344.735918367 5866.81126309779 150000
361081.733571429 525.636145052296 150000
421868.218469388 525.636145052296 150000
486993.790306122 105.706659505315 150000
556762.774183673 105.706659505315 150000
631513.854489796 38.4019113280187 150000
711595.53255102 38.4019113280187 150000
797395.577448979 19.2174859572704 150000
889311.575204082 19.2174859572704 150000
987790.196530612 11.7298306517857 150000
1093292.83755102 11.7298306517857 150000
1206325.07061224 8.60726694685374 150000
1327421.91887755 8.60726694685374 150000
1457157.67326531 7.05872666284014 150000
1596150.80091837 7.05872666284014 150000
1745063.94520408 6.06654093197279 150000
1904603.92571429 6.06654093197279 150000
2075521.73826531 5.34825801892007 150000
2258637.0972449 5.34825801892007 150000
2454818.80173469 4.86936524829932 150000
2664999.46091837 4.86936524829932 150000
2890175.49408163 4.59116751977041 150000
3131416.94755102 4.59116751977041 150000
3389872.40316326 4.43396356164966 150000
3666768.97826531 4.43396356164966 150000
3963427.05112245 4.33278773639456 150000
4281245.5355102 4.33278773639456 150000
4621746.05693877 4.2730680255102 150000
4986538.59336735 4.2730680255102 150000
5377360.74295918 4.27475531186224 150000
5796067.90714286 4.27475531186224 150000
6244652.92448979 4.35800499787415 150000
6725246.07071428 4.35800499787415 150000
7240129.78408163 4.52117070110544 150000
7791748.48234694 4.52117070110544 150000
8382733.10510204 4.73701041645408 150000
9015876.57142857 4.73701041645408 150000
9694202.49846939 4.96487588180272 150000
10420925.9336735 4.96487588180272 150000
11199507.3479592 5.1743141349915 150000
12033637.9103061 5.1743141349915 150000
12927283.6639796 5.37359799213435 150000
13884695.3434694 5.37359799213435 150000
14910418.1914286 5.60286441645408 150000
16009331.2264286 5.60286441645408 150000
17186652.1514286 5.8856842869898 150000
18447976.6215306 5.8856842869898 150000
19799302.7863265 6.25106870301871 150000
21247046.0153061 6.25106870301871 150000
22798087.982551 6.25106870301871 150000
24459801.2090816 6.25106870301871 150000
0 12058070.8901432 200000
36457.326122449 12058070.8901432 200000
75492.5473469388 12058070.8901432 200000
117281.311836735 12058070.8901432 200000
162019.932244898 5325118.79730171 200000
209909.887346939 5325118.79730171 200000
261188.81877551 16846.9200797015 200000
316078.869795918 16846.9200797015 200000
374848.67877551 792.260739051021 200000
437761.717959184 792.260739051021 200000
505117.62244898 140.73164392602 200000
577226.359591837 140.73164392602 200000
654423.727346939 46.5365924617347 200000
737066.188163265 46.5365924617347 200000
825546.367346939 22.6847557933673 200000
920267.22244898 22.6847557933673 200000
1021678.20612245 14.0066064387755 200000
1130244.26938776 14.0066064387755 200000
1246466.52612245 9.66979732142857 200000
1370897.75142857 9.66979732142857 200000
1504111.38489796 7.25884331377551 200000
1646722.19510204 7.25884331377551 200000
1799396.61183673 5.96019852040816 200000
1962852.72612245 5.96019852040816 200000
2137839.62571429 5.27778603316327 200000
2325178.72408163 5.27778603316327 200000
2525737.92979592 4.89459966326531 200000
2740447.14489796 4.89459966326531 200000
2970313.76326531 4.63820931122449 200000
3216407.1722449 4.63820931122449 200000
3479863.91877551 4.44117555357143 200000
3761913.54 4.44117555357143 200000
4063873.39714286 4.29848294642857 200000
4387138.34326531 4.29848294642857 200000
4733222.0522449 4.22714740561225 200000
5103726.02204082 4.22714740561225 200000
5500386.06979592 4.24100983418367 200000
5925031.00285714 4.24100983418367 200000
6379649.77836735 4.34375109438775 200000
6866355.34040816 4.34375109438775 200000
7387410.45061225 4.52769734183673 200000
7945232.85428572 4.52769734183673 200000
8542426.27714286 4.7775116505102 200000
9181770.09306122 4.7775116505102 200000
9866234.82244898 5.06285381377551 200000
10599002.7967347 5.06285381377551 200000
11383488.8228571 5.34307290561225 200000
12223335.0171429 5.34307290561225 200000
13122457.3004082 5.60482310969388 200000
14085035.0657143 5.60482310969388 200000
15115542.175102 5.86520644387755 200000
16218783.122449 5.86520644387755 200000
17399882.7012245 6.11895992091837 200000
18664337.6657143 6.11895992091837 200000
20018032.2293878 6.23793141581633 200000
21467269.0616327 6.23793141581633 200000
23018779.62 6.23793141581633 200000
24679786.1436735 6.23793141581633 200000
0 12645809.7017031 250000
38199.9342857143 12645809.7017031 250000
79080.5657142857 12645809.7017031 250000
122827.145714286 12645809.7017031 250000
169641.271428571 11264539.0989884 250000
219735.437142857 11264539.0989884 250000
273343.931428571 419285.000398315 250000
330711.94 419285.000398315 250000
392095.545714286 4556.56428949405 250000
457788.971428571 4556.56428949405 250000
528086.44 327.718324589286 250000
603314.865714286 327.718324589286 250000
683817.508571428 70.7870000119048 250000
769964.871428571 70.7870000119048 250000
862149.251428571 26.5421141011905 250000
960795.637142857 26.5421141011905 250000
1066361.70857143 14.0386642797619 250000
1179326.94 14.0386642797619 250000
1300214.39428571 9.41714058928571 250000
1429579.82571429 9.41714058928571 250000
1568011.68 7.307624 250000
1716152.88857143 7.307624 250000
1874673.62571429 6.11300201190476 250000
2044314.89714286 6.11300201190476 250000
2225850.4 5.37788756547619 250000
2420113.76571429 5.37788756547619 250000
2627993.11142857 4.96619123809524 250000
2850447.38571429 4.96619123809524 250000
3088506.36857143 4.75235751190476 250000
3343248.87714286 4.75235751190476 250000
3615851.80285714 4.61366866666667 250000
3907573.76571428 4.61366866666667 250000
4219744.21714286 4.50173457738095 250000
4553801.58 4.50173457738095 250000
4911282.35142857 4.43223123809524 250000
5293826.55142857 4.43223123809524 250000
5703194.06857143 4.42612429761905 250000
6141259.21142857 4.42612429761905 250000
6610043.4 4.49311902380952 250000
7111693.37142857 4.49311902380952 250000
7648513.87142857 4.63197813690476 250000
8222973.10285714 4.63197813690476 250000
8837708.17428571 4.8209414047619 250000
9495541.44571428 4.8209414047619 250000
10199502.3228571 5.02974655357143 250000
10952816.36 5.02974655357143 250000
11758948.8485714 5.26930207738095 250000
12621604.8171429 5.26930207738095 250000
13544739.9285714 5.60754485119048 250000
14532598.62 5.60754485119048 250000
15589719.5514286 6.11906354761905 250000
16720951.9514286 6.11906354761905 250000
17931504.6542857 6.7896805297619 250000
19226935.2028571 6.7896805297619 250000
20613187.9885714 7.4506944047619 250000
22096632.3914286 7.4506944047619 250000
23684084.5742857 7.4506944047619 250000
25382840.1742857 7.4506944047619 250000
0 14312570.3107094 300000
39898.24 14312570.3107094 300000
82571.66 14312570.3107094 300000
128204.122857143 14312570.3107094 300000
177008.22 22611535.802156 300000
229202.288571429 22611535.802156 300000
285016.157142857 14259278.9851038 300000
344708.382857143 14259278.9851038 300000
408549.014285714 58453.1056178214 300000
476819.591428571 58453.1056178214 300000
549830.382857143 1460.63968273214 300000
627914.64 1460.63968273214 300000
711417.105714286 142.605779654762 300000
800722.742857143 142.605779654762 300000
896222.26 35.6576754226191 300000
998363.822857143 35.6576754226191 300000
1107589.85142857 15.771135827381 300000
1224405.96857143 15.771135827381 300000
1349335.03428571 9.88335875595238 300000
1482934.38285714 9.88335875595238 300000
1625813.06 7.53769483928571 300000
1778620.33142857 7.53769483928571 300000
1942028.44571429 6.3318729047619 300000
2116790.09142857 6.3318729047619 300000
2303686.68571429 5.57458776190476 300000
2503562.84857143 5.57458776190476 300000
2717320.65714286 5.05591734523809 300000
2945919.64571429 5.05591734523809 300000
3190394.04285714 4.70044915476191 300000
3451847.02571429 4.70044915476191 300000
3731456.46571429 4.47943067857143 300000
4030480.67428571 4.47943067857143 300000
4350269.89428571 4.38301041071429 300000
4692266.3 4.38301041071429 300000
5058009.74285714 4.39949342857143 300000
5449154.98857143 4.39949342857143 300000
5867465.97142857 4.50511880952381 300000
6314821.54 4.50511880952381 300000
6793244.18571429 4.6645145 300000
7304888.55142857 4.6645145 300000
7852064.41428571 4.84138673809524 300000
8437236.68571429 4.84138673809524 300000
9063042.64857143 5.02842170833333 300000
9732309.19428571 5.02842170833333 300000
10448052.8228571 5.255999875 300000
11213502.6257143 5.255999875 300000
12032106.0314286 5.55524385714286 300000
12907551.7885714 5.55524385714286 300000
13843798.6942857 5.93155223214286 300000
14845052.6114286 5.93155223214286 300000
15915846.9085714 6.36239701190476 300000
17060990.7485714 6.36239701190476 300000
18285666.7657143 6.7926672202381 300000
19595379.3542857 6.7926672202381 300000
20996046.6 7.1355187797619 300000
22493983.0428571 7.1355187797619 300000
24095939.8971429 7.1355187797619 300000
25809139.5257143 7.1355187797619 300000
0 15921250.6876393 350000
41374.5103061225 15921250.6876393 350000
85592.05 15921250.6876393 350000
132845.366836735 15921250.6876393 350000
183345.278673469 18560629.7543806 350000
237314.650102041 18560629.7543806 350000
294988.39244898 1312187.05897192 350000
356625.510510204 1312187.05897192 350000
422497.055816327 24546.8749515544 350000
492892.15 24546.8749515544 350000
568124.008163265 1479.69236619515 350000
648517.892142857 1479.69236619515 350000
734441.227346939 187.47622948682 350000
826261.439183673 187.47622948682 350000
924394.14 45.7370093992347 350000
1029266.98887755 45.7370093992347 350000
1141337.76173469 18.475637796131 350000
1261112.42142857 18.475637796131 350000
1389115.00091837 10.5713861543367 350000
1525905.67336735 10.5713861543367 350000
1672092.79887755 7.57650516602891 350000
1828320.8777551 7.57650516602891 350000
1995282.5972449 6.19824577891156 350000
2173712.80816327 6.19824577891156 350000
2364400.57163265 5.44474762117347 350000
2568183.13571429 5.44474762117347 350000
2785970.02887755 4.9862438792517 350000
3018712.94316327 4.9862438792517 350000
3267441.87438775 4.71484098554422 350000
3533253.07540816 4.71484098554422 350000
3817327.12622449 4.5818500539966 350000
4120910.86387755 4.5818500539966 350000
4445353.52265306 4.5405272442602 350000
4792076.6172449 4.5405272442602 350000
5162616.10632653 4.54916073745748 350000
5558610.34581633 4.54916073745748 350000
5981806.1122449 4.59990760735544 350000
6434064.62612245 4.59990760735544 350000
6917397.69214286 4.69198983567177 350000
7433925.53561224 4.69198983567177 350000
7985937.03612245 4.80741261245748 350000
8575859.61071428 4.80741261245748 350000
9206307.40081633 4.93678952359694 350000
9880063.20214286 4.93678952359694 350000
10600096.5347959 5.08645765348639 350000
11369587.7367347 5.08645765348639 350000
12191940.0105102 5.26788649744898 350000
13070773.399898 5.26788649744898 350000
14009979.0002041 5.51619981632653 350000
15013694.8647959 5.51619981632653 350000
16086354.1920408 5.86770094706633 350000
17232697.3720408 5.86770094706633 350000
18457784.0333674 6.28593596853742 350000
19767023.159898 6.28593596853742 350000
21166185.137551 6.63571792984694 350000
22661461.9879592 6.63571792984694 350000
24259449.2983673 6.63571792984694 350000
25967200.4319388 6.63571792984694 350000
0 14120701.6192235 400000
43088.4816326531 14120701.6192235 400000
89121.1322448979 14120701.6192235 400000
138287.490612245 14120701.6192235 400000
190808.685306122 32826069.8552095 400000
246912.162857143 32826069.8552095 400000
306844.323673469 18225293.6412623 400000
370857.886122449 18225293.6412623 400000
439243.476326531 92680.5952652653 400000
512291.720408163 92680.5952652653 400000
590318.516326531 2607.07749213861 400000
673671.351836735 2607.07749213861 400000
762704.032653061 257.672766152211 400000
857814.590204082 257.672766152211 400000
959407.373877551 55.6245894073129 400000
1067937.27673469 55.6245894073129 400000
1183859.19183673 21.0435293886054 400000
1307691.19183673 21.0435293886054 400000
1439970.30326531 11.554691789966 400000
1581271.46040816 11.554691789966 400000
1732207.50530612 7.97662090561224 400000
1893435.50571429 7.97662090561224 400000
2065663.07306122 6.37353089965986 400000
2249635.72653061 6.37353089965986 400000
2446155.84693878 5.5511168877551 400000
2656082.67673469 5.5511168877551 400000
2880319.68408163 5.05671025680272 400000
3119858.78857143 5.05671025680272 400000
3375729.81755102 4.74782786479592 400000
3649051.04979592 4.74782786479592 400000
3941016.57959184 4.58124434098639 400000
4252889.99877551 4.58124434098639 400000
4586035.98653061 4.52215826020408 400000
4941907.67346939 4.52215826020408 400000
5322046.64163265 4.54407368112245 400000
5728114.51428571 4.54407368112245 400000
6161874.00204082 4.63365707738095 400000
6625220.49265306 4.63365707738095 400000
7120163.09714286 4.78262928996599 400000
7648868.8755102 4.78262928996599 400000
8213631.24693877 4.97745935629252 400000
8816907.89755102 4.97745935629252 400000
9461333.41632653 5.19949613435374 400000
10149706.6591837 5.19949613435374 400000
10885028.6567347 5.4304570297619 400000
11670508.9322449 5.4304570297619 400000
12509552.8657143 5.64092404506803 400000
13405824.8734694 5.64092404506803 400000
14363223.1363265 5.79472686394558 400000
15385917.5073469 5.79472686394558 400000
16478368.4657143 5.91749270833333 400000
17645320.7987755 5.91749270833333 400000
18891866.7816327 6.12878895578231 400000
20223420.9053061 6.12878895578231 400000
21645802.0102041 6.65568042687075 400000
23165182.742449 6.65568042687075 400000
24788196.9591837 6.65568042687075 400000
26521901.8208163 6.65568042687075 400000
0 15674538.7140378 450000
44640.6307142857 15674538.7140378 450000
92304.3885714285 15674538.7140378 450000
143195.895714286 15674538.7140378 450000
197519.774285714 28528089.4201659 450000
255526.851428571 28528089.4201659 450000
317448.152142857 18264061.5646054 450000
383567.507142857 18264061.5646054 450000
454148.945 327147.589709443 450000
529509.3 327147.589709443 450000
609965.406428571 4682.50856765774 450000
695867.102142857 4682.50856765774 450000
787570.825714285 325.772299177083 450000
885485.821428571 325.772299177083 450000
990014.732857143 64.2926348244047 450000
1101619.61 64.2926348244047 450000
1220769.10357143 23.3752470148809 450000
1347984.67 23.3752470148809 450000
1483794.36642857 12.3823899404762 450000
1628792.25714286 12.3823899404762 450000
1783598.80928571 8.37245601190476 450000
1948880.695 8.37245601190476 450000
2125330.98928571 6.52667627380952 450000
2313721.97571428 6.52667627380952 450000
2514852.34071429 5.54711652232143 450000
2729586.77785714 5.54711652232143 450000
2958849.38714286 5.02667770386905 450000
3203610.47357143 5.02667770386905 450000
3464926.15142857 4.76916733779762 450000
3743918.54214286 4.76916733779762 450000
4041782.375 4.65424615178571 450000
4359791.58785714 4.65424615178571 450000
4699305.92785714 4.62505174255952 450000
5061784.15285714 4.62505174255952 450000
5448777.43071428 4.66414722321428 450000
5861949.14142857 4.66414722321428 450000
6303061.67571428 4.75386193154762 450000
6774009.43857143 4.75386193154762 450000
7276812.24857143 4.87242726190476 450000
7813621.93857143 4.87242726190476 450000
8386735.55714286 5.01564901041667 450000
8998608.57 5.01564901041667 450000
9651868.06142857 5.19716865327381 450000
10349312.7342857 5.19716865327381 450000
11093926.1114286 5.42394444345238 450000
11888902.9385714 5.42394444345238 450000
12737649.1842857 5.67325892261905 450000
13643795.2414286 5.67325892261905 450000
14611228.9307143 5.87962750446428 450000
15644095.5007143 5.87962750446428 450000
16746824.0307143 5.93869014583333 450000
17924127.4307143 5.93869014583333 450000
19181061.8478571 5.76792416666666 450000
20523006.8642857 5.76792416666666 450000
21955718.3028571 5.30283508779762 450000
23485321.6264286 5.30283508779762 450000
25118384.5457143 5.30283508779762 450000
26861897.2171429 5.30283508779762 450000
0 14295590.7651548 500000
46277.9357142857 14295590.7651548 500000
95650.2973469388 14295590.7651548 500000
148324.764489796 14295590.7651548 500000
204522.862040816 26767604.2602865 500000
264473.03755102 26767604.2602865 500000
328431.429183673 20361069.9293483 500000
396668.020408163 20361069.9293483 500000
469459.717346939 482164.650013599 500000
547124.962040816 482164.650013599 500000
629982.196530612 12359.9937097423 500000
718377.553469388 12359.9937097423 500000
812677.933469387 785.246848603316 500000
913284.850408163 785.246848603316 500000
1020620.58612245 106.733637964286 500000
1135128.19040816 106.733637964286 500000
1257292.24897959 28.5229458979592 500000
1387625.03816326 28.5229458979592 500000
1526666.52489796 12.9126516887755 500000
1675005.13469388 12.9126516887755 500000
1833263.90632653 8.29454983163265 500000
2002093.56918367 8.29454983163265 500000
2182221.00183673 6.48110317346939 500000
2374380.0055102 6.48110317346939 500000
2579394.37591837 5.58402829209184 500000
2798108.67673469 5.58402829209184 500000
3031443.62081633 5.07511233673469 500000
3280382.22489796 5.07511233673469 500000
3545955.96428571 4.79072109566326 500000
3829286.30877551 4.79072109566326 500000
4131563.95469388 4.66457016581633 500000
4454041.9022449 4.66457016581633 500000
4798076.99142857 4.64221576530612 500000
5165116.05673469 4.64221576530612 500000
5556689.0044898 4.6789779375 500000
5974443.42612245 4.6789779375 500000
6420123.83020408 4.75491078826531 500000
6895599.33306122 4.75491078826531 500000
7402856.73612245 4.86352433035714 500000
7944028.21653061 4.86352433035714 500000
8521377.48183673 5.00245332397959 500000
9137320.53795918 5.00245332397959 500000
9794446.45714285 5.18973993367347 500000
10495496.61 5.18973993367347 500000
11243413.1240816 5.44964228954082 500000
12041331.9612245 5.44964228954082 500000
12892596.7628571 5.76002232397959 500000
13800758.85 5.76002232397959 500000
14769639.5271429 6.04245214668367 500000
15803295.4689796 6.04245214668367 500000
16906046.4110204 6.21675878188775 500000
18082523.6081633 6.21675878188775 500000
19337642.1440816 6.22396987882653 500000
20676670.1577551 6.22396987882653 500000
22105214.9981633 5.886706875 500000
23629264.7602041 5.886706875 500000
25255195.2073469 5.886706875 500000
26989818.2302041 5.886706875 500000
0 8943395.30355552 50000
32304.9397959184 8943395.30355552 50000
66945.7683673469 8943395.30355552 50000
104087.739795918 8943395.30355552 50000
143922.906122449 1644.71345811862 50000
186634.386734694 1644.71345811862 50000
232436.565306122 156.219894081633 50000
281552.758163265 156.219894081633 50000
334219.680612245 74.0865591390306 50000
390700.845918367 74.0865591390306 50000
451259.767346939 43.3004774234694 50000
516204.621428571 43.3004774234694 50000
585843.584693878 23.722121065051 50000
660520.564285714 23.722121065051 50000
740597.332653061 14.543494375 50000
826466.926530612 14.543494375 50000
918544.714285714 10.3249838329082 50000
1017286.26122449 10.3249838329082 50000
1123169.46428571 8.0867959502551 50000
1236707.95102041 8.0867959502551 50000
1358460.0122449 6.78046057397959 50000
1489015.20306122 6.78046057397959 50000
1629016.6744898 5.91913880739796 50000
1779143.30816327 5.91913880739796 50000
1940127.58163265 5.28115197704082 50000
2112755.56836735 5.28115197704082 50000
2297871.40408163 4.8144115497449 50000
2496372.82040816 4.8144115497449 50000
2709233.47653061 4.49179389668367 50000
2937489.56020408 4.49179389668367 50000
3182257.65306123 4.28127173469388 50000
3444725.79795918 4.28127173469388 50000
3726175.83061224 4.15401864795918 50000
4027987.84591837 4.15401864795918 50000
4351622.33265306 4.09042932397959 50000
4698669.30306122 4.09042932397959 50000
5070817.02857143 4.08844739158163 50000
5469878.8377551 4.08844739158163 50000
5897806.51530612 4.15324634566327 50000
6356685.83571429 4.15324634566327 50000
6848749.9622449 4.28049012755102 50000
7376406.24489796 4.28049012755102 50000
7942227.2877551 4.4610599872449 50000
8548973.28061225 4.4610599872449 50000
9199600.93163265 4.68089630102041 50000
9897290.26530612 4.68089630102041 50000
10645440.1561224 4.93128973214286 50000
11447704.0591837 4.93128973214286 50000
12307990.0102041 5.22320139030612 50000
13230500.822449 5.22320139030612 50000
14219734.0867347 5.54791263392857 50000
15280513.4357143 5.54791263392857 50000
16418019.8081633 5.84902678571429 50000
17637795.9153061 5.84902678571429 50000
18945799.8367347 6.2507356377551 50000
20348405.0204082 6.2507356377551 50000
21852458.344898 6.2507356377551 50000
23465297.9846939 6.2507356377551 50000
0 15357856.637516 550000
48173.4852040816 15357856.637516 550000
99548.8554081632 15357856.637516 550000
154329.404897959 15357856.637516 550000
212747.47 28934574.4162282 550000
275035.387040816 28934574.4162282 550000
341461.794897959 33882991.5676572 550000
412295.332448979 33882991.5676572 550000
487833.680612245 3021076.77780814 550000
568374.520306122 3021076.77780814 550000
654266.356020408 23494.3149492445 550000
745857.692244898 23494.3149492445 550000
843518.815 834.843775895408 550000
947663.573367347 834.843775895408 550000
1058720.33744898 103.232293747449 550000
1177146.51938775 103.232293747449 550000
1303435.83387755 29.8048784217687 550000
1438096.51663265 29.8048784217687 550000
1581694.88744898 14.1690823020833 550000
1734819.04765306 14.1690823020833 550000
1898107.92214286 8.95468975595238 550000
2072229.47785714 8.95468975595238 550000
2257902.50530612 6.72292992772109 550000
2455903.87908163 6.72292992772109 550000
2667032.25530612 5.68003326721939 550000
2892180.67673469 5.68003326721939 550000
3132256.70714286 5.19144630867347 550000
3388269.55744898 5.19144630867347 550000
3661272.00163265 4.93359231398809 550000
3952382.15826531 4.93359231398809 550000
4262812.53255102 4.75729805059524 550000
4593840.97428571 4.75729805059524 550000
4946832.45938775 4.63884585182823 550000
5323253.61091837 4.63884585182823 550000
5724643.65704082 4.60761053188775 550000
6152665.25459184 4.60761053188775 550000
6609097.22857143 4.68187950085034 550000
7095805.53010204 4.68187950085034 550000
7614815.84153061 4.84575526658163 550000
8168255.49234694 4.84575526658163 550000
8758426.06428571 5.07266133652211 550000
9387752.5677551 5.07266133652211 550000
10058834.2654082 5.35975401084184 550000
10774451.9326531 5.35975401084184 550000
11537546.0761224 5.72687868409864 550000
12351282.2782653 5.72687868409864 550000
13219007.6342857 6.16061853847789 550000
14144308.8362245 6.16061853847789 550000
15131004.912449 6.55627096641156 550000
16183176.2696939 6.55627096641156 550000
17305157.432551 6.73876691560374 550000
18501587.8670408 6.73876691560374 550000
19777411.9806122 6.58449619982993 550000
21137886.3826531 6.58449619982993 550000
22588630.7080612 5.94141163456633 550000
24135642.1382653 5.94141163456633 550000
25785295.4012245 5.94141163456633 550000
27544415.3765306 5.94141163456633 550000
0 16144065.9084061 600000
49451.9197959184 16144065.9084061 600000
102172.148979592 16144065.9084061 600000
158363.082857143 16144065.9084061 600000
218264.597346939 28399990.5863349 600000
282116.568367347 28399990.5863349 600000
350181.360204082 32956899.5821172 600000
422736.329387755 32956899.5821172 600000
500073.824693878 3093436.42492415 600000
582516.179387755 3093436.42492415 600000
670400.718979592 28425.5077015667 600000
764079.76122449 28425.5077015667 600000
863943.104489796 1030.35739766327 600000
970395.539387755 1030.35739766327 600000
1083864.34489796 120.627836702806 600000
1204821.77673469 120.627836702806 600000
1333755.08285714 32.8553016738946 600000
1471203.98408163 32.8553016738946 600000
1617715.69734694 14.9721459196429 600000
1773889.91244898 14.9721459196429 600000
1940371.29591837 9.23031914370748 600000
2117827.00265306 9.23031914370748 600000
2306999.14877551 6.85194004294218 600000
2508652.33877551 6.85194004294218 600000
2723603.65 5.74454412032313 600000
2952737.62489796 5.74454412032313 600000
3196983.78265306 5.21158543112245 600000
3457346.60367347 5.21158543112245 600000
3734890.53734694 4.92587384736395 600000
4030740.00204082 4.92587384736395 600000
4346101.87346939 4.75324439413265 600000
4682272.98081633 4.75324439413265 600000
5040625.1144898 4.66924097193877 600000
5422620.01836735 4.66924097193877 600000
5829809.38979592 4.68184382780612 600000
6263864.86408163 4.68184382780612 600000
6726555.52612245 4.79822112882653 600000
7219770.39877551 4.79822112882653 600000
7745518.44285714 5.00897148809524 600000
8305958.54163265 5.00897148809524 600000
8903369.51632653 5.27489643197279 600000
9540187.60673469 5.27489643197279 600000
10219021.4634694 5.5351992840136 600000
10942644.6518367 5.5351992840136 600000
11714003.1479592 5.7471052954932 600000
12536245.3232653 5.7471052954932 600000
13412729.4406122 5.91002102338435 600000
14347046.1426531 5.91002102338435 600000
15342995.9634694 6.03570600977891 600000
16404649.297551 6.03570600977891 600000
17536338.9036735 6.09793944302721 600000
18742697.3855102 6.09793944302721 600000
20028634.7032653 6.00714265986395 600000
21399405.6387755 6.00714265986395 600000
22860609.7955102 5.56986885034014 600000
24418214.0869388 5.56986885034014 600000
26078575.224898 5.56986885034014 600000
27848469.7040816 5.56986885034014 600000
0 8673530.97052016 650000
51432.3408163265 8673530.97052016 650000
106218.278571429 8673530.97052016 650000
164578.756122449 8673530.97052016 650000
226742.607142857 43221745.1970885 650000
292954.446938775 43221745.1970885 650000
363482.563265306 23915879.4398271 650000
438611.025510204 23915879.4398271 650000
518631.793877551 1317301.34360786 650000
603876.282653061 1317301.34360786 650000
694668.015306122 33523.3202119133 650000
791385.751020408 33523.3202119133 650000
894400.358163265 1741.07168356505 650000
1004137.94081633 1741.07168356505 650000
1121016.7122449 189.364352697704 650000
1245525.90306122 189.364352697704 650000
1378146.85306122 42.0145035778061 650000
1519408.24693878 42.0145035778061 650000
1669886.11428571 16.3906885990646 650000
1830164.3755102 16.3906885990646 650000
2000890.07755102 9.45771873937075 650000
2182749.72142857 9.45771873937075 650000
2376461.37142857 6.91848692389456 650000
2582798.32755102 6.91848692389456 650000
2802581.23469388 5.76642774022109 650000
3036693.86428571 5.76642774022109 650000
3286067.33265306 5.17372879889456 650000
3551695.88265306 5.17372879889456 650000
3834636.88367347 4.86792678784014 650000
4136018.72244898 4.86792678784014 650000
4457048.69387755 4.73227050382653 650000
4799005.11020408 4.73227050382653 650000
5163245.19183673 4.6989646832483 650000
5551228.73979592 4.6989646832483 650000
5964510.24489796 4.73618303358843 650000
6404723.10612245 4.73618303358843 650000
6873626.9755102 4.84239670918367 650000
7373099.86734694 4.84239670918367 650000
7905130.26734694 5.02441153911565 650000
8471840.80510204 5.02441153911565 650000
9075488.25408163 5.2789396832483 650000
9718479.31326531 5.2789396832483 650000
10403386.3887755 5.58495540391156 650000
11132931.8122449 5.58495540391156 650000
11910035.1857143 5.90392521471088 650000
12737797.6 5.90392521471088 650000
13619509.5255102 6.17910099489796 650000
14558690.2663265 6.17910099489796 650000
15559095.8510204 6.33458295493197 650000
16624703.2510204 6.33458295493197 650000
17759773.5071429 6.29992911989796 650000
18968828.0571429 6.29992911989796 650000
20256688.1897959 6.03800333545918 650000
21628498.7173469 6.03800333545918 650000
23089727.9755102 5.42462387967687 650000
24646199.3867347 5.42462387967687 650000
26304130.9142857 5.42462387967687 650000
28070127.1714286 5.42462387967687 650000
0 16991300.3198178 750000
55081.6986734694 16991300.3198178 750000
113716.504285714 16991300.3198178 750000
176135.027142857 16991300.3198178 750000
242576.418673469 51481911.9975165 750000
313305.453673469 51481911.9975165 750000
388595.448061225 26726579.0332195 750000
468745.341122449 26726579.0332195 750000
554054.072142857 2712122.18023316 750000
644871.827142857 2712122.18023316 750000
741540.251020408 65983.7784215797 750000
844452.235408163 65983.7784215797 750000
953992.130816327 2996.52914288903 750000
1070604.07561224 2996.52914288903 750000
1194732.20816327 272.288812804847 750000
1326863.37244898 272.288812804847 750000
1467518.57693878 51.4351020318878 750000
1617244.45346939 51.4351020318878 750000
1776630.3394898 18.3219710274235 750000
1946291.19581633 18.3219710274235 750000
2126893.23 10.0406588469388 750000
2319145.35520408 10.0406588469388 750000
2523799.19020408 7.15434666135204 750000
2741649.05938776 7.15434666135204 750000
2973540.53387755 5.95584924170918 750000
3220396.05489796 5.95584924170918 750000
3483172.22816327 5.39177927997449 750000
3762885.4472449 5.39177927997449 750000
4060646.05806122 5.09906789604592 750000
4377615.65326531 5.09906789604592 750000
4715015.61336735 4.94988295727041 750000
5074178.35346939 4.94988295727041 750000
5456504.61765306 4.89945474681122 750000
5863489.10234694 4.89945474681122 750000
6296728.99744898 4.92860132716837 750000
6757898.36295918 4.92860132716837 750000
7248807.91683673 5.03079229846939 750000
7771387.9527551 5.03079229846939 750000
8327662.71673469 5.20419487818878 750000
8919810.195 5.20419487818878 750000
9550153.57285714 5.43355960395408 750000
10221144.152449 5.43355960395408 750000
10935412.5994898 5.6935300184949 750000
11695743.319898 5.6935300184949 750000
12505108.6242857 5.96485300829082 750000
13366668.7279592 5.96485300829082 750000
14283797.3742857 6.23580232397959 750000
15260064.752449 6.23580232397959 750000
16299305.8264286 6.48530986352041 750000
17405560.5471429 6.48530986352041 750000
18583167.8047959 6.65997581760204 750000
19836714.1821429 6.65997581760204 750000
21171110.8245918 6.67159530293367 750000
22591559.2757143 6.67159530293367 750000
24103619.8062245 6.34285105867347 750000
25713194.3317347 6.34285105867347 750000
27426569.1183674 6.34285105867347 750000
29250448.9472449 6.34285105867347 750000
0 15552315.8976463 800000
56226.1028571429 15552315.8976463 800000
116036.795918367 15552315.8976463 800000
179661.070204082 15552315.8976463 800000
247354.33877551 39570813.8823841 800000
319363.207346939 39570813.8823841 800000
395969.511020408 29345530.3676978 800000
477472.699591837 29345530.3676978 800000
564172.222857143 17542473.2326527 800000
656402.76 17542473.2326527 800000
754534.219591837 120583.082041134 800000
858918.895510204 120583.082041134 800000
969970.733061224 3606.25042433503 800000
1088103.67755102 3606.25042433503 800000
1213784.51836735 310.057272828231 800000
1347488.8522449 310.057272828231 800000
1489727.50530612 61.0550243945578 800000
1641046.53306122 61.0550243945578 800000
1802027.22040816 21.2496327482993 800000
1973286.08163265 21.2496327482993 800000
2155466.05306122 10.9965414608844 800000
2349289.33714286 10.9965414608844 800000
2555478.13632653 7.46532744897959 800000
2774825.11183674 7.46532744897959 800000
3008175.76897959 5.95795002040816 800000
3256428.45714286 5.95795002040816 800000
3520525.56244898 5.2293438962585 800000
3801479.92979592 5.2293438962585 800000
4100366.0555102 4.89862801870748 800000
4418337.70204082 4.89862801870748 800000
4756601.47591837 4.80191234013605 800000
5116460.8644898 4.80191234013605 800000
5499289.81387755 4.83793071938775 800000
5906559.15102041 4.83793071938775 800000
6339827.77632653 4.94934365816327 800000
6800751.47102041 4.94934365816327 800000
7291100.51183674 5.11086673129252 800000
7812750.86367347 5.11086673129252 800000
8367701.79428571 5.30805955952381 800000
8958075.87428571 5.30805955952381 800000
9586136.59183674 5.52018818027211 800000
10254288.3526531 5.52018818027211 800000
10965094.0946939 5.7216562414966 800000
11721275.2881633 5.7216562414966 800000
12525720.7428571 5.8923719829932 800000
13381521.837551 5.8923719829932 800000
14291954.9053061 6.0191427329932 800000
15260507.6555102 6.0191427329932 800000
16290879.1738776 6.1019684914966 800000
17387032.7665306 6.1019684914966 800000
18553151.9232653 6.16945478741497 800000
19793719.5836735 6.16945478741497 800000
21113474.1004082 6.25747321088435 800000
22517470.8906122 6.25747321088435 800000
24011100.0506122 6.36806046088435 800000
25600068.7412245 6.36806046088435 800000
27290471.6465306 6.36806046088435 800000
29088782.1665306 6.36806046088435 800000
0 27581681.2600982 850000
58796.75 27581681.2600982 850000
121275.91 27581681.2600982 850000
187681.1 27581681.2600982 850000
258255.94 45110696.2627997 850000
333253.42 45110696.2627997 850000
412964.01 54586493.041277 850000
497668.81 54586493.041277 850000
587695.77 39988086.0600556 850000
683363.47 39988086.0600556 850000
785037.34 275124.698703688 850000
893092.18 275124.698703688 850000
1007930.9 6225.2264864375 850000
1129965.78 6225.2264864375 850000
1259665.32 405.734937875 850000
1397498.02 405.734937875 850000
1543988.6 65.0903252291667 850000
1699661.78 65.0903252291667 850000
1865107.87 21.1858628125 850000
2040935.92 21.1858628125 850000
2227792.46 10.9948360833333 850000
2426380.24 10.9948360833333 850000
2637430.12 7.50948889583333 850000
2861719.81 7.50948889583333 850000
3100073.87 6.03742285416667 850000
3353391.82 6.03742285416667 850000
3622610.66 5.35987425 850000
3908714.24 5.35987425 850000
4212780.11 5.05326052083333 850000
4535913.93 5.05326052083333 850000
4879324.43 4.94259691666667 850000
5244295.3 4.94259691666667 850000
5632157.08 4.94562264583333 850000
6044362.12 4.94562264583333 850000
6482428.36 5.01103695833333 850000
6947976.81 5.01103695833333 850000
7442750.29 5.10385852083333 850000
7968557.21 5.10385852083333 850000
8527365.27 5.212179625 850000
9121235.87 5.212179625 850000
9752370.96 5.3413685 850000
10423103.67 5.3413685 850000
11135926.42 5.5046993125 850000
11893481.55 5.5046993125 850000
12698570.69 5.72011170833333 850000
13554173.5 5.72011170833333 850000
14463466.41 5.99984525 850000
15429822.62 5.99984525 850000
16456802.73 6.32266127083333 850000
17548229.7 6.32266127083333 850000
18708142 6.6119990625 850000
19940840.46 6.6119990625 850000
21250878.9 6.775095625 850000
22643129.72 6.775095625 850000
24122737.05 6.697676 850000
25695182.34 6.697676 850000
27366303.1 6.697676 850000
29142274.16 6.697676 850000
0 21739774.5066167 900000
60771.3817346939 21739774.5066167 900000
125318.355510204 21739774.5066167 900000
193875.673163265 21739774.5066167 900000
266687.867857143 50002496.2753128 900000
344028.816734694 50002496.2753128 900000
426182.178265306 36422705.1598223 900000
513431.610918367 36422705.1598223 900000
606099.898469388 26086930.1122929 900000
704529.387346939 26086930.1122929 900000
809072.205306122 304220.538840638 900000
920109.824081633 304220.538840638 900000
1038043.27806122 7439.11976999341 900000
1163312.72693878 7439.11976999341 900000
1296358.33040816 469.385543573767 900000
1437669.15479592 469.385543573767 900000
1587763.61040816 72.5429025478316 900000
1747179.67020408 72.5429025478316 900000
1916504.21377551 22.8054888503401 900000
2096353.46469388 22.8054888503401 900000
2287372.9905102 11.4736182869898 900000
2490257.26540816 11.4736182869898 900000
2705739.88887755 7.66104060522959 900000
2934622.92969388 7.66104060522959 900000
3177718.23795918 6.08960936479592 900000
3435925.69571429 6.08960936479592 900000
3710164.74765306 5.40379573065476 900000
4001452.65173469 5.40379573065476 900000
4310836.00989796 5.12138030484694 900000
4639439.67469388 5.12138030484694 900000
4988456.96795918 5.03033245705782 900000
5359159.46214286 5.03033245705782 900000
5752887.19897959 5.02672559289966 900000
6171087.81479592 5.02672559289966 900000
6615267.63387755 5.06684940943877 900000
7087040.57510204 5.06684940943877 900000
7588137.9332653 5.14601702104592 900000
8120349.69112245 5.14601702104592 900000
8685641.89530612 5.27009722363946 900000
9286049.06173469 5.27009722363946 900000
9923762.20755102 5.42390858333333 900000
10601089.7258163 5.42390858333333 900000
11320506.2921429 5.5705673480017 900000
12084623.5207143 5.5705673480017 900000
12896209.5269388 5.68488660182823 900000
13758218.2714286 5.68488660182823 900000
14673789.56 5.77391705102041 900000
15646239.2623469 5.77391705102041 900000
16679108.2186735 5.84289578082483 900000
17776152.4583673 5.84289578082483 900000
18941352.9813265 5.84322182504252 900000
20178945.1019388 5.84322182504252 900000
21493428.2304082 5.70296167814626 900000
22889585.4354082 5.70296167814626 900000
24372483.4440816 5.37856805931122 900000
25947511.7673469 5.37856805931122 900000
27620392.4812245 5.37856805931122 900000
29397219.3521429 5.37856805931122 900000
0 21756591.0630769 950000
61913.5582653061 21756591.0630769 950000
127677.387755102 21756591.0630769 950000
197520.90877551 21756591.0630769 950000
271693.49122449 31863909.0093132 950000
350474.429387755 31863909.0093132 950000
434152.992346939 21746003.9913677 950000
523018.449183674 21746003.9913677 950000
617399.968163265 11430798.8436001 950000
717636.692346939 11430798.8436001 950000
824097.689183673 171362.605736237 950000
937171.975714286 171362.605736237 950000
1057258.54377551 6271.14438532823 950000
1184806.25918367 6271.14438532823 950000
1320263.9877551 497.005386716412 950000
1464140.44408163 497.005386716412 950000
1616934.36795918 80.8854330746174 950000
1779224.29755102 80.8854330746174 950000
1951578.79622449 24.8960931326531 950000
2134636.25091837 24.8960931326531 950000
2329064.97295918 12.1339236181973 950000
2535553.22326531 12.1339236181973 950000
2754859.08632653 7.88135640582483 950000
2987770.57102041 7.88135640582483 950000
3235155.48459184 6.12483640625 950000
3497881.63428571 6.12483640625 950000
3776926.55010204 5.35245470897109 950000
4073287.71163265 5.35245470897109 950000
4388052.37163265 5.05657732504252 950000
4722347.68204082 5.05657732504252 950000
5077390.56795918 5.01748859353741 950000
5454477.75285714 5.01748859353741 950000
5854975.78377551 5.10761503082483 950000
6280331.00612245 5.10761503082483 950000
6732079.53846939 5.24144354272959 950000
7211877.19693878 5.24144354272959 950000
7721459.59602041 5.36754158779762 950000
8262672.07295918 5.36754158779762 950000
8837479.66255102 5.4647958480017 950000
9447967.09714286 5.4647958480017 950000
10096348.7814286 5.53131526828231 950000
10784978.7672449 5.53131526828231 950000
11516350.7535714 5.5725444247449 950000
12293128.0109184 5.5725444247449 950000
13118113.4569388 5.60525344302721 950000
13994319.48 5.60525344302721 950000
14924908.0904082 5.66674390369898 950000
15913260.7439796 5.66674390369898 950000
16962958.392449 5.79934634693878 950000
18077821.3826531 5.79934634693878 950000
19261889.5069388 6.0061155539966 950000
20519451.927551 6.0061155539966 950000
21855077.1010204 6.23688661373299 950000
23273602.8033673 6.23688661373299 950000
24780186.0040816 6.50761919961735 950000
26380292.8913265 6.50761919961735 950000
28079718.8215306 6.50761919961735 950000
29884628.2185714 6.50761919961735 950000
0 2821014.18250367 hpsmc
8278.79183673469 2821014.18250367 hpsmc
17175.9673469388 2821014.18250367 hpsmc
26735.9346938775 2821014.18250367 hpsmc
37008.6530612245 3612.60805523809 hpsmc
48047.4122448979 3612.60805523809 hpsmc
59909.9428571428 91.2288023129252 hpsmc
72656.1959183673 91.2288023129252 hpsmc
86353.893877551 21.0972243537415 hpsmc
101072.979591837 21.0972243537415 hpsmc
116888.946938776 7.1237725170068 hpsmc
133885.06122449 7.1237725170068 hpsmc
152149.028571429 4.07203891156463 hpsmc
171774.106122449 4.07203891156463 hpsmc
192863.542857143 3.15623619047619 hpsmc
215525.028571429 3.15623619047619 hpsmc
239876.244897959 2.70964040816327 hpsmc
266043.755102041 2.70964040816327 hpsmc
294163.004081633 2.32234108843537 hpsmc
324378.318367347 2.32234108843537 hpsmc
356847.346938776 1.95295306122449 hpsmc
391738.840816327 1.95295306122449 hpsmc
429230.432653061 1.63821020408163 hpsmc
469518.628571429 1.63821020408163 hpsmc
512812.146938775 1.39657428571429 hpsmc
559333.028571428 1.39657428571429 hpsmc
609323.297959184 1.22616258503401 hpsmc
663041.632653061 1.22616258503401 hpsmc
720765.583673469 1.11667333333333 hpsmc
782794.906122449 1.11667333333333 hpsmc
849449.33877551 1.05706925170068 hpsmc
921075.265306122 1.05706925170068 hpsmc
998042.383673469 1.03951646258503 hpsmc
1080748.14693878 1.03951646258503 hpsmc
1169622.20408163 1.06056639455782 hpsmc
1265124.17959184 1.06056639455782 hpsmc
1367748.11428571 1.12054285714286 hpsmc
1478024.68571429 1.12054285714286 hpsmc
1596524.53877551 1.22351659863946 hpsmc
1723861.61632653 1.22351659863946 hpsmc
1860695.37959184 1.37896367346939 hpsmc
2007733.02857143 1.37896367346939 hpsmc
2165735.05306122 1.60446231292517 hpsmc
2335519.67346939 1.60446231292517 hpsmc
2517966.17142857 1.9283874829932 hpsmc
2714018.22040816 1.9283874829932 hpsmc
2924691.65714286 2.39132176870748 hpsmc
3151074.48163265 2.39132176870748 hpsmc
3394339.06938776 3.04033088435374 hpsmc
3655745.50204082 3.04033088435374 hpsmc
3936646.00816326 3.90125945578231 hpsmc
4238492.73469388 3.90125945578231 hpsmc
4562851.06938775 4.92588068027211 hpsmc
4911396.31020408 4.92588068027211 hpsmc
5285934.75918367 6.12368217687075 hpsmc
5688403.72244898 6.12368217687075 hpsmc
6120884.83265306 6.12368217687075 hpsmc
6585618.48163265 6.12368217687075 hpsmc
