0 8554450.43860586 100000
21832.9714285714 8554450.43860586 100000
45223.6885714286 8554450.43860586 100000
70276.41 8554450.43860586 100000
97113.7928571428 12655635.7664162 100000
125864.627142857 12655635.7664162 100000
156657.702857143 152632.761258817 100000
189646.341428571 152632.761258817 100000
224983.864285714 1226.05485034821 100000
262838.925 1226.05485034821 100000
303386.31 93.64951434375 100000
346822.270714286 93.64951434375 100000
393352.257857143 24.7329632008929 100000
443193.987857143 24.7329632008929 100000
496583.575714286 11.8094872098214 100000
553778.601428571 11.8094872098214 100000
615042.777857143 7.483235625 100000
680670.482142857 7.483235625 100000
750968.357142857 5.44534469196429 100000
826273.71 5.44534469196429 100000
906942.246428571 4.37050398214286 100000
993351.137142857 4.37050398214286 100000
1085917.41642857 3.72421583035714 100000
1185070.38428571 3.72421583035714 100000
1291285.33714286 3.27993504910714 100000
1405062.10285714 3.27993504910714 100000
1526943.43928571 2.98584538392857 100000
1657499.70214286 2.98584538392857 100000
1797353.37642857 2.81007514285714 100000
1947163.74428571 2.81007514285714 100000
2107642.21714286 2.7052160625 100000
2279546.20285714 2.7052160625 100000
2463691.37142857 2.63928784821429 100000
2660948.58857143 2.63928784821429 100000
2872250.04857143 2.60925601339286 100000
3098598.47357143 2.60925601339286 100000
3341060.98071429 2.63022271875 100000
3600790.54714286 2.63022271875 100000
3879010.67785714 2.71249244196429 100000
4177043.00357143 2.71249244196429 100000
4496295.015 2.84132077232143 100000
4838281.52785714 2.84132077232143 100000
5204615.48357143 2.98652255357143 100000
5597032.48071429 2.98652255357143 100000
6017393.84142857 3.12706719642857 100000
6467686.61142857 3.12706719642857 100000
6950038.89214286 3.26439208928571 100000
7466738.23928571 3.26439208928571 100000
8020228.59642857 3.40636134375 100000
8613128.69357143 3.40636134375 100000
9248244.31285714 3.56185482589286 100000
9928583.62071429 3.56185482589286 100000
10657363.3007143 3.79368960267857 100000
11438036.1514286 3.79368960267857 100000
12274294.1528571 4.48434514285714 100000
13170096.0642857 4.48434514285714 100000
14129682.7564286 4.48434514285714 100000
15157595.61 4.48434514285714 100000
0 3825563.31184744 10000
19469.4617346939 3825563.31184744 10000
40358.7663265306 3825563.31184744 10000
62772 3825563.31184744 10000
86821.2556122449 635.559116105442 10000
112623.96377551 635.559116105442 10000
140310.899489796 68.6285904581207 10000
170015.506632653 68.6285904581207 10000
201887.242346939 40.7981525340136 10000
236083.570408163 40.7981525340136 10000
272775.298979592 21.8591580133929 10000
312143.911734694 21.8591580133929 10000
354384.236734694 13.468662926233 10000
399707.115306123 13.468662926233 10000
448334.064285714 8.46329428252551 10000
500510.620408163 8.46329428252551 10000
556492.995918367 6.25217371279762 10000
616558.754081633 6.25217371279762 10000
681004.140306122 5.14491757865646 10000
750154.757653061 5.14491757865646 10000
824346.884693878 4.28167469494048 10000
903951.495408163 4.28167469494048 10000
989366.252551021 3.62769961203231 10000
1081007.50102041 3.62769961203231 10000
1179336.95663265 3.2017078337585 10000
1284840.35510204 3.2017078337585 10000
1398038.12755102 2.94258762436225 10000
1519493.40714286 2.94258762436225 10000
1649812.02908163 2.77080643282313 10000
1789634.52397959 2.77080643282313 10000
1939657.46887755 2.63837450467687 10000
2100625.48061224 2.63837450467687 10000
2273333.88469388 2.54305665497449 10000
2458644.72857143 2.54305665497449 10000
2657470.76836735 2.49863652423469 10000
2870802.15765306 2.49863652423469 10000
3099698.44081633 2.50777742984694 10000
3345288.55306122 2.50777742984694 10000
3608797.50918367 2.5670876732568 10000
3891530.39030612 2.5670876732568 10000
4194885.68826531 2.6729031079932 10000
4520371.31887755 2.6729031079932 10000
4869601.95306122 2.81412565157313 10000
5244309.69234694 2.81412565157313 10000
5646349.40663265 2.9817645227466 10000
6077720.08520408 2.9817645227466 10000
6540559.49897959 3.17583084183673 10000
7037162.88265306 3.17583084183673 10000
7569993.61020408 3.36688355335884 10000
8141693.87040816 3.36688355335884 10000
8755100.68010204 3.49372195897109 10000
9413253.89081633 3.49372195897109 10000
10119420.2086735 3.56633210884354 10000
10877101.2010204 3.56633210884354 10000
11690054.647449 3.90934403592687 10000
12562313.2219388 3.90934403592687 10000
13498203.175 3.90934403592687 10000
14502365.6846939 3.90934403592687 10000
0 9799110.72043079 110000
22334.3753061224 9799110.72043079 110000
46250.2812244898 9799110.72043079 110000
71852.0987755102 9799110.72043079 110000
99260.0242857143 17998967.9759128 110000
128606.906326531 17998967.9759128 110000
160022.430408163 89666.9275140272 110000
193658.423469388 89666.9275140272 110000
229669.875510204 622.496030464711 110000
268224.42877551 622.496030464711 110000
309502.377755102 63.934172355017 110000
353693.506122449 63.934172355017 110000
401003.412857143 23.0295700352891 110000
451656.675306122 23.0295700352891 110000
505887.36 12.4103629702381 110000
563945.34877551 12.4103629702381 110000
626102.664897959 7.89730062542517 110000
692653.473061224 7.89730062542517 110000
763901.427142857 5.62721771258503 110000
840178.648571429 5.62721771258503 110000
921842.563265306 4.46325072023809 110000
1009275.90163265 4.46325072023809 110000
1102880.37244898 3.81975886267007 110000
1203095.64122449 3.81975886267007 110000
1310389.84102041 3.3698529417517 110000
1425259.57244898 3.3698529417517 110000
1548239.39285714 3.02579095705782 110000
1679901.81632653 3.02579095705782 110000
1820866.80285714 2.7940308252551 110000
1971782.78 2.7940308252551 110000
2133355.11040816 2.67229250637755 110000
2306336.60265306 2.67229250637755 110000
2491533.83734694 2.62675101445578 110000
2689810.33020408 2.62675101445578 110000
2902086.53204082 2.61661603911565 110000
3129352.48102041 2.61661603911565 110000
3372667.80265306 2.62702119260204 110000
3633164.87285714 2.62702119260204 110000
3912055.14408163 2.66858249914966 110000
4210641.79755102 2.66858249914966 110000
4530310.25408163 2.75322733545918 110000
4872553.47857143 2.75322733545918 110000
5238965.65387755 2.88537739753401 110000
5631251.67 2.88537739753401 110000
6051236.61326531 3.06861748809524 110000
6500878.41857143 3.06861748809524 110000
6982274.1955102 3.30545169727891 110000
7497663.39142857 3.30545169727891 110000
8049446.76979592 3.58089502253401 110000
8640192.73632653 3.58089502253401 110000
9272653.15428571 3.81594342006803 110000
9949775.99673469 3.81594342006803 110000
10674714.8357143 3.8646018452381 110000
11450844.657551 3.8646018452381 110000
12281780.8412245 3.57474023256803 110000
13171394.9736735 3.57474023256803 110000
14123827.5020408 3.57474023256803 110000
15143516.2012245 3.57474023256803 110000
0 6512416.79592297 120000
22444.3583673469 6512416.79592297 120000
46479.6852040816 6512416.79592297 120000
72223.01 6512416.79592297 120000
99791.362244898 7263269.77280938 120000
129314.423265306 7263269.77280938 120000
160934.52622449 321809.765671871 120000
194797.167244898 321809.765671871 120000
231063.657244898 3064.77135607122 120000
269904.796020408 3064.77135607122 120000
311497.709285714 181.798347298257 120000
356044.826428571 181.798347298257 120000
403754.902755102 38.1755006048044 120000
454846.18244898 38.1755006048044 120000
509565.376326531 14.582988053784 120000
568168.684081633 14.582988053784 120000
630928.120204082 7.91478478677721 120000
698141.002857143 7.91478478677721 120000
770123.627959184 5.5300321732568 120000
847211.269183673 5.5300321732568 120000
929773.992755102 4.3928495042517 120000
1018191.35377551 4.3928495042517 120000
1112884.02581633 3.7041217315051 120000
1214294.82316327 3.7041217315051 120000
1322904.51561224 3.25243139158163 120000
1439216.01367347 3.25243139158163 120000
1563785.99816327 2.9640683565051 120000
1697190.12765306 2.9640683565051 120000
1840064.15693878 2.78652091432823 120000
1993075.47040816 2.78652091432823 120000
2156945.2227551 2.69138832738095 120000
2332438.85010204 2.69138832738095 120000
2520388.21071429 2.66829213584184 120000
2721672.6072449 2.66829213584184 120000
2937240.92744898 2.70415218558673 120000
3168105.31826531 2.70415218558673 120000
3415353.83765306 2.7732892017432 120000
3680144.12867347 2.7732892017432 120000
3963722.3972449 2.84896958971088 120000
4267423.41214286 2.84896958971088 120000
4592673.66795918 2.92248862223639 120000
4941004.03693878 2.92248862223639 120000
5314052.93193878 3.00067960905612 120000
5713569.46938775 3.00067960905612 120000
6141435.61 3.09050106037415 120000
6599662.99581633 3.09050106037415 120000
7090405.60204082 3.20126393728741 120000
7615972.38887755 3.20126393728741 120000
8178827.30153061 3.34264821279762 120000
8781624.0627551 3.34264821279762 120000
9427196.68397959 3.52530910565476 120000
10118572.1171429 3.52530910565476 120000
10859011.3731633 3.77614494791667 120000
11651987.3812245 3.77614494791667 120000
12501232.4331633 4.20255797236395 120000
13410738.1834694 4.20255797236395 120000
14384780.9529592 4.20255797236395 120000
15427937.5435714 4.20255797236395 120000
0 6962136.28566459 130000
22472.2244897959 6962136.28566459 130000
46542.8255102041 6962136.28566459 130000
72322.5816326531 6962136.28566459 130000
99931.7667346939 5796424.41037939 130000
129500.15 5796424.41037939 130000
161170.161020408 10380.616227423 130000
195087.394489796 10380.616227423 130000
231413.270612245 463.260878946003 130000
270315.539795918 463.260878946003 130000
311984.108163265 83.6307065429422 130000
356612.046938776 83.6307065429422 130000
404405.087755102 28.4369450072279 130000
455594.283061225 28.4369450072279 130000
510417.015510204 14.2196890897109 130000
569132.823469388 14.2196890897109 130000
632017.070816327 8.61390433163265 130000
699367.277142857 8.61390433163265 130000
771499.952653061 5.82324045620748 130000
848753.763265306 5.82324045620748 130000
931492.695714286 4.36939039753401 130000
1020106.05755102 4.36939039753401 130000
1115014.80734694 3.63019400382653 130000
1216658.89428571 3.63019400382653 130000
1325519.41387755 3.24093261054422 130000
1442112.2777551 3.24093261054422 130000
1566981.88346939 3.00823826488095 130000
1700720.10510204 3.00823826488095 130000
1843953.63285714 2.85233720748299 130000
1997356.63346939 2.85233720748299 130000
2161650.75020408 2.74692612159864 130000
2337614.59816327 2.74692612159864 130000
2526067.93877551 2.68463295705782 130000
2727906.49591837 2.68463295705782 130000
2944073.47 2.66222007823129 130000
3175591.18897959 2.66222007823129 130000
3423545.28285714 2.68111178103741 130000
3689106.83938775 2.68111178103741 130000
3973526.07387755 2.74551501360544 130000
4278138.65938776 2.74551501360544 130000
4604381.5522449 2.85702551488095 130000
4953786.66183673 2.85702551488095 130000
5328003.00632653 3.01044724234694 130000
5728790.38244898 3.01044724234694 130000
6158035.19102041 3.19598816156463 130000
6617759.9322449 3.19598816156463 130000
7110126.37081633 3.40719278316327 130000
7637451.36142857 3.40719278316327 130000
8202222.67428571 3.62288789328231 130000
8807092.66489796 3.62288789328231 130000
9454909.92510204 3.7920823792517 130000
10148728.7783673 3.7920823792517 130000
10891809.2797959 3.89730224022109 130000
11687655.1973469 3.89730224022109 130000
12540007.6816327 4.23737926658163 130000
13452880.0820408 4.23737926658163 130000
14430573.7722449 4.23737926658163 130000
15477684.4804082 4.23737926658163 130000
0 7522265.86604916 140000
23412.7718367347 7522265.86604916 140000
48465.8436734694 7522265.86604916 140000
75269.6846938776 7522265.86604916 140000
103951.501836735 10816138.3596921 140000
134635.154489796 10816138.3596921 140000
167467.934897959 195203.077325965 140000
202593.787755102 195203.077325965 140000
240180.090612245 2309.80590108376 140000
280390.873469388 2309.80590108376 140000
323420.294285714 163.436939492347 140000
369455.815918367 163.436939492347 140000
418711.681632653 36.0219225246599 140000
471412.177346939 36.0219225246599 140000
527798.326734694 14.9552469502551 140000
588127.89122449 14.9552469502551 140000
652678.71755102 8.5820049659864 140000
721745.390204082 8.5820049659864 140000
795642.578979592 5.89798040221088 140000
874708.386530612 5.89798040221088 140000
959304.348367347 4.57984731760204 140000
1049815.43285714 4.57984731760204 140000
1146660.08387755 3.81822366794218 140000
1250276.83061224 3.81822366794218 140000
1361141.02530612 3.31512161989796 140000
1479761.49571429 3.31512161989796 140000
1606677.19755102 2.99768312032313 140000
1742467.25714286 2.99768312032313 140000
1887761.01408163 2.83257214030612 140000
2043211.24081633 2.83257214030612 140000
2209537.66081633 2.7642820994898 140000
2387500.16816327 2.7642820994898 140000
2577905.52265306 2.73656716666667 140000
2781630.78265306 2.73656716666667 140000
2999606.56734694 2.72913978784014 140000
3232827.09938775 2.72913978784014 140000
3482360.24755102 2.74840912840136 140000
3749347.52673469 2.74840912840136 140000
4035007.4455102 2.78971651318027 140000
4340652.24387755 2.78971651318027 140000
4667671.1555102 2.83493634821429 140000
5017563.88326531 2.83493634821429 140000
5391930.55653061 2.87644598086735 140000
5792481.77387755 2.87644598086735 140000
6221048.64571429 2.93143648044218 140000
6679592.83693878 2.93143648044218 140000
7170209.9144898 3.03399707482993 140000
7695142.73755102 3.03399707482993 140000
8256791.50020408 3.21214955569728 140000
8857723.77408163 3.21214955569728 140000
9500691.24612245 3.49847675297619 140000
10188626.3710204 3.49847675297619 140000
10924682.5418367 3.9662342414966 140000
11712220.6997959 3.9662342414966 140000
12554842.8097959 4.88455117517007 140000
13456401.9030612 4.88455117517007 140000
14421018.814898 4.88455117517007 140000
15453108.965102 4.88455117517007 140000
0 6139684.03332789 150000
23606.417755102 6139684.03332789 150000
48869.0136734694 6139684.03332789 150000
75908.7257142857 6139684.03332789 150000
104846.491836735 10329733.9868218 150000
135816.68755102 10329733.9868218 150000
168967.125918367 74149.1251666416 150000
204445.62 74149.1251666416 150000
242413.420408163 1363.93355853827 150000
283051.934081633 1363.93355853827 150000
326545.927346939 120.82017065051 150000
373096.963469388 120.82017065051 150000
422916.683877551 32.4195965625 150000
476240.245714286 32.4195965625 150000
533309.524897959 15.5723789502551 150000
594386.553673469 15.5723789502551 150000
659756.88 9.32104824872449 150000
729719.489387755 9.32104824872449 150000
804600.24244898 6.3756210497449 150000
884738.437346939 6.3756210497449 150000
970510.325510204 4.86193691709184 150000
1062308.95530612 4.86193691709184 150000
1160560.96897959 3.95608500765306 150000
1265713.16510204 3.95608500765306 150000
1378252.65489796 3.36211725765306 150000
1498703.50285714 3.36211725765306 150000
1627613.28918367 2.98240845918367 150000
1765586.70367347 2.98240845918367 150000
1913251.95183673 2.76702971173469 150000
2071290.98938775 2.76702971173469 150000
2240436.16285714 2.67631924362245 150000
2421470.20959184 2.67631924362245 150000
2615219.53897959 2.6664790369898 150000
2822584.46693878 2.6664790369898 150000
3044522.41897959 2.7000869119898 150000
3282051.28959184 2.7000869119898 150000
3536272.95795918 2.76225658163265 150000
3808356.49102041 2.76225658163265 150000
4099558.29979592 2.8602387244898 150000
4411222.13938775 2.8602387244898 150000
4744785.8277551 2.99626593367347 150000
5101787.9644898 2.99626593367347 150000
5483874.64959184 3.15130167857143 150000
5892806.2022449 3.15130167857143 150000
6330473.9577551 3.30089941454082 150000
6798896.90816326 3.30089941454082 150000
7300231.78040816 3.43412013520408 150000
7836793.19265306 3.43412013520408 150000
8411057.01367347 3.54433604846939 150000
9025670.44102041 3.54433604846939 150000
9683468.79795918 3.60947317729592 150000
10387492.3304082 3.60947317729592 150000
11140982.847551 3.60551889795918 150000
11947417.3157143 3.60551889795918 150000
12810517.9365306 3.51474544132653 150000
13734262.225102 3.51474544132653 150000
14722916.6038775 3.51474544132653 150000
15781039.7620408 3.51474544132653 150000
0 9239363.42715048 160000
23717.5714285714 9239363.42715048 160000
49100.7785714286 9239363.42715048 160000
76264.4928571429 9239363.42715048 160000
105337.1 11898531.7761252 160000
136446.985714286 11898531.7761252 160000
169742.807142857 294735.722568244 160000
205376.6 294735.722568244 160000
243513.914285714 2709.35076418155 160000
284323.678571429 2709.35076418155 160000
328001.85 221.197837633929 160000
374744.385714286 221.197837633929 160000
424770.892857143 49.7726567708333 160000
478307.735714286 49.7726567708333 160000
535601.55 16.9346247321429 160000
596919.242857143 16.9346247321429 160000
662537.857142857 8.81850782738095 160000
732768.221428571 8.81850782738095 160000
807924.542857143 5.95993373511905 160000
888358.192857143 5.95993373511905 160000
974437.435714286 4.51241296130952 160000
1066560.94285714 4.51241296130952 160000
1165151.03571429 3.72136973214286 160000
1270663.82142857 3.72136973214286 160000
1383582.43571429 3.3136887797619 160000
1504427.17857143 3.3136887797619 160000
1633755.51428571 3.09729831845238 160000
1772162.07142857 3.09729831845238 160000
1920285.4 2.94922538690476 160000
2078804.59285714 2.94922538690476 160000
2248456.17857143 2.82516142857143 160000
2430013.85 2.82516142857143 160000
2624318.87142857 2.73122306547619 160000
2832263.18571429 2.73122306547619 160000
3054806.30714286 2.68250125 160000
3292971.94285714 2.68250125 160000
3547854.75 2.69615630952381 160000
3820630.47142857 2.69615630952381 160000
4112555.93571429 2.78458337797619 160000
4424975.81428571 2.78458337797619 160000
4759326 2.93608415178571 160000
5117147.12142857 2.93608415178571 160000
5500087.92142857 3.1160634672619 160000
5909912.01428571 3.1160634672619 160000
6348504.64285714 3.28839172619048 160000
6817889.57142857 3.28839172619048 160000
7320222.32857143 3.43127714285714 160000
7857817.23571429 3.43127714285714 160000
8433154.16428572 3.53811742559524 160000
9048878.53571429 3.53811742559524 160000
9707828.35 3.5980800297619 160000
10413034.1857143 3.5980800297619 160000
11167746.2285714 3.55798061011905 160000
11975441.0285714 3.55798061011905 160000
12839831.6357143 3.34953683035714 160000
13764904.7642857 3.34953683035714 160000
14754917.4142857 3.34953683035714 160000
15814430.6571429 3.34953683035714 160000
0 7704012.9079376 170000
24224.3114285714 7704012.9079376 170000
50144.2553061224 7704012.9079376 170000
77874.2608163265 7704012.9079376 170000
107539.159795918 27108645.5789641 170000
139277.654285714 27108645.5789641 170000
173235.381428571 569892.104290299 170000
209561.445918367 569892.104290299 170000
248429.225306122 5046.3955347011 170000
290012.097142857 5046.3955347011 170000
334497.309183673 240.089707309524 170000
382092.914489796 240.089707309524 170000
433013.90122449 43.5366056666667 170000
487492.595306122 43.5366056666667 170000
545775.192857143 17.556781517432 170000
608132.162857143 17.556781517432 170000
674844.376938775 9.63997966241496 170000
746216.979591837 9.63997966241496 170000
822575.920612245 6.25633615263605 170000
904267.955102041 6.25633615263605 170000
991671.046122449 4.66486026743197 170000
1085177.02693878 4.66486026743197 170000
1185219.34142857 3.81652391028911 170000
1292248.77122449 3.81652391028911 170000
1406757.70857143 3.3258220965136 170000
1529262.81857143 3.3258220965136 170000
1660329.31204082 3.05466683078231 170000
1800553.6077551 3.05466683078231 170000
1950573.73510204 2.91390593154762 170000
2111072.80163265 2.91390593154762 170000
2282785.92816326 2.83639171811224 170000
2466496.78122449 2.83639171811224 170000
2663041.04061224 2.79011436011905 170000
2873316.80204082 2.79011436011905 170000
3098284.57714286 2.76967748129252 170000
3338970.76102041 2.76967748129252 170000
3596467.6322449 2.77929993537415 170000
3871957.62571428 2.77929993537415 170000
4166692.52734694 2.82359789965986 170000
4482021.2144898 2.82359789965986 170000
4819379.25326531 2.90832895365646 170000
5180306.23632653 2.90832895365646 170000
5566449.25040816 3.03643329166667 170000
5979569.81142857 3.03643329166667 170000
6421550.79959184 3.19808618579932 170000
6894410.32959183 3.19808618579932 170000
7400308.68571428 3.36992501105442 170000
7941548.32183673 3.36992501105442 170000
8520605.06938775 3.54431393112245 170000
9140110.79959184 3.54431393112245 170000
9802901.96918367 3.77003705442177 170000
10511998.815102 3.77003705442177 170000
11270633.094898 4.13961297661564 170000
12082272.3595918 4.13961297661564 170000
12950613.0185714 4.7326364417517 170000
13879621.9502041 4.7326364417517 170000
14873533.0342857 4.7326364417517 170000
15936881.827551 4.7326364417517 170000
0 7514388.08647031 180000
24376.8424489796 7514388.08647031 180000
50454.8832653061 7514388.08647031 180000
78346.1355102041 7514388.08647031 180000
108180.114285714 7982120.30352239 180000
140093.335510204 7982120.30352239 180000
174229.315918367 40982.5929111292 180000
210742.073469388 40982.5929111292 180000
249796.127346939 1621.77226840816 180000
291569.998367347 1621.77226840816 180000
336256.208979592 244.363829333333 180000
384050.782040816 244.363829333333 180000
435177.743673469 58.6238805986395 180000
489861.12 58.6238805986395 180000
548356.440816326 20.9432702040816 180000
610922.736326531 20.9432702040816 180000
677850.540408163 10.114327292517 180000
749437.387755102 10.114327292517 180000
826008.81632653 6.19578808163265 180000
907911.366530612 6.19578808163265 180000
995523.082448979 4.54773757823129 180000
1089232.50938775 4.54773757823129 180000
1189470.19755102 3.75230628571429 180000
1296687.69959184 3.75230628571429 180000
1411371.5722449 3.33750791836735 180000
1534043.37632653 3.33750791836735 180000
1665259.67673469 3.10248468027211 180000
1805612.04244898 3.10248468027211 180000
1955741.04816327 2.94115232653061 180000
2116322.27265306 2.94115232653061 180000
2288090.80163265 2.81863074829932 180000
2471820.22530612 2.81863074829932 180000
2668347.14122449 2.74151967346939 180000
2878560.65306122 2.74151967346939 180000
3103412.87183673 2.71925561904762 180000
3343925.91673469 2.71925561904762 180000
3601188.41469388 2.75194068027211 180000
3876366.00163265 2.75194068027211 180000
4170708.32326531 2.8318010340136 180000
4485552.5355102 2.8318010340136 180000
4822323.3044898 2.94287336054422 180000
5182546.80816326 2.94287336054422 180000
5567857.73714286 3.07145502040816 180000
5980006.2955102 3.07145502040816 180000
6420854.70040816 3.22156419047619 180000
6892408.68571429 3.22156419047619 180000
7396800 3.4023092244898 180000
7936321.41061224 3.4023092244898 180000
8513416.20244898 3.59214073469388 180000
9130702.68081633 3.59214073469388 180000
9790981.1722449 3.74088620408163 180000
10497241.0253061 3.74088620408163 180000
11252688.6138775 3.85058753741497 180000
12060750.837551 3.85058753741497 180000
12925089.1232653 4.11370155102041 180000
13849620.4277551 4.11370155102041 180000
14838541.7404082 4.11370155102041 180000
15896337.0840816 4.11370155102041 180000
0 6509434.76435148 190000
24757.2102040816 6509434.76435148 190000
51235.3571428571 6509434.76435148 190000
79545.1234693877 6509434.76435148 190000
109822.184693878 9770382.1405589 190000
142195.075510204 9770382.1405589 190000
176813.753061224 2037624.62692176 190000
213835.315306122 2037624.62692176 190000
253420.430612245 10454.9435151084 190000
295754.760204082 10454.9435151084 190000
341023.965306122 476.849454968112 190000
389427.98877551 476.849454968112 190000
441191.766326531 69.0264481164966 190000
496547.374489796 69.0264481164966 190000
555737.601020408 20.6492770918367 190000
619033.796938775 20.6492770918367 190000
686718.024489796 9.81129567389456 190000
759097.33877551 9.81129567389456 190000
836496.646938775 6.2042387585034 190000
919262.278571428 6.2042387585034 190000
1007765.55612245 4.67114268494898 190000
1102409.93571429 4.67114268494898 190000
1203613.15510204 3.87697977253401 190000
1311835.79693878 3.87697977253401 190000
1427563.43673469 3.41001501488095 190000
1551317.35408163 3.41001501488095 190000
1683650.9622449 3.12193514455782 190000
1825164.08979592 3.12193514455782 190000
1976488.69897959 2.9358053039966 190000
2138306.7377551 2.9358053039966 190000
2311342.99897959 2.80521018707483 190000
2496382.97244898 2.80521018707483 190000
2694251.42244898 2.72015265093537 190000
2905840.95102041 2.72015265093537 190000
3132104.85714286 2.69021329081633 190000
3374060.70714286 2.69021329081633 190000
3632790.33469388 2.72000388392857 190000
3909464.83367347 2.72000388392857 190000
4205323.13571429 2.80519531037415 190000
4521697.00306122 2.80519531037415 190000
4860014.59897959 2.93361099064626 190000
5221786.20612245 2.93361099064626 190000
5608650.64183673 3.08314414753401 190000
6022335.98367347 3.08314414753401 190000
6464713.1255102 3.2357047130102 190000
6937763.64387755 3.2357047130102 190000
7443619.07244898 3.39219272746599 190000
7984553.76122449 3.39219272746599 190000
8562999.15816326 3.58573860331633 190000
9181554.52040816 3.58573860331633 190000
9843004.76632653 3.91564431760204 190000
10550324.0459184 3.91564431760204 190000
11306690.022449 4.54419979804422 190000
12115508.8653061 4.54419979804422 190000
12980411.6795918 5.4924109460034 190000
13905293.7806122 5.4924109460034 190000
14894307.5530612 5.4924109460034 190000
15951908.8663265 5.4924109460034 190000
0 6957289.69342409 200000
25148.8285714286 6957289.69342409 200000
52039.5673469388 6957289.69342409 200000
80795.6016326531 6957289.69342409 200000
111543.945714286 16179427.7421079 200000
144422.500816327 16179427.7421079 200000
179580.055102041 2653433.43983221 200000
217172.654693878 2653433.43983221 200000
257370.861632653 11473.4876093835 200000
300356.124897959 11473.4876093835 200000
346320.780408163 636.532296987245 200000
395468.051020408 636.532296987245 200000
448022.933469388 102.101174488095 200000
504221.311428571 102.101174488095 200000
564309.955510204 26.0479082653061 200000
628568.297142857 26.0479082653061 200000
697275.767755102 10.4915916904762 200000
770744.459591837 10.4915916904762 200000
849308.23877551 6.24988157568027 200000
933311.858367347 6.24988157568027 200000
1023139.99020408 4.6133327457483 200000
1119191.82204082 4.6133327457483 200000
1221899.20244898 3.80940792091837 200000
1331726.64081633 3.80940792091837 200000
1449164.04938776 3.37926043367347 200000
1574741.25918367 3.37926043367347 200000
1709017.13306122 3.1297378452381 200000
1852601.33959184 3.1297378452381 200000
2006136.20816327 2.96768122534014 200000
2170307.61591837 2.96768122534014 200000
2345859.50367347 2.85383711139456 200000
2533575.73102041 2.85383711139456 200000
2734301.85020408 2.77890624319728 200000
2948937.84816327 2.77890624319728 200000
3178445.4044898 2.75203667346939 200000
3423862.40734694 2.75203667346939 200000
3686284.80857143 2.78490161989796 200000
3966892.02653061 2.78490161989796 200000
4266946.94612245 2.87769765221088 200000
4587792.28979592 2.87769765221088 200000
4930876.02040816 3.01342148894558 200000
5297733.19632653 3.01342148894558 200000
5690015.00326531 3.16713145578231 200000
6109481.49632653 3.16713145578231 200000
6558016.11591837 3.33348236819728 200000
7037632.94571429 3.33348236819728 200000
7550491.22857143 3.53065692602041 200000
8098888.10857143 3.53065692602041 200000
8685287.66285714 3.74807816581633 200000
9312328.15959184 3.74807816581633 200000
9982818.42897959 3.90467619557823 200000
10699774.1530612 3.90467619557823 200000
11466417.8657143 3.91324965986395 200000
12286189.8395918 3.91324965986395 200000
13162769.86 3.72853459863946 200000
14100095.3697959 3.72853459863946 200000
15102379.6142857 3.72853459863946 200000
16174122.5281633 3.72853459863946 200000
0 5273780.04252858 20000
19952.1102040816 5273780.04252858 20000
41348.2681632653 5273780.04252858 20000
64293.1948979592 5273780.04252858 20000
88899.878877551 483.658551145621 20000
115289.576020408 483.658551145621 20000
143586.298061224 62.7793848008078 20000
173933.34744898 62.7793848008078 20000
206479.538265306 67.9220136477466 20000
241379.19622449 67.9220136477466 20000
278805.937755102 33.1832494317602 20000
318944.40255102 33.1832494317602 20000
361987.497755102 14.1758617708333 20000
408147.42122449 14.1758617708333 20000
457647.394081633 8.43182194090136 20000
510732.683979592 8.43182194090136 20000
567662.337653061 6.16221773363095 20000
628711.936734694 6.16221773363095 20000
694181.865204082 4.96036030335884 20000
764391.797755102 4.96036030335884 20000
839683.455612245 4.20361314009354 20000
920428.873979592 4.20361314009354 20000
1007019.37877551 3.69424642240646 20000
1099876.60989796 3.69424642240646 20000
1199460.78867347 3.31896165157313 20000
1306251.42714286 3.31896165157313 20000
1420774.88622449 3.00866821577381 20000
1543587.84081633 3.00866821577381 20000
1675293.81469388 2.76138537202381 20000
1816537.66887755 2.76138537202381 20000
1968002.84581633 2.59600194472789 20000
2130436.17173469 2.59600194472789 20000
2304631.32173469 2.51277055038265 20000
2491434.33142857 2.51277055038265 20000
2691765.64346939 2.4921995297619 20000
2906598.06102041 2.4921995297619 20000
3136984.30591837 2.51589380888605 20000
3384051.50704082 2.51589380888605 20000
3649003.95612245 2.57432859757653 20000
3933139.64265306 2.57432859757653 20000
4237847.49806122 2.65697438095238 20000
4564615.66316326 2.65697438095238 20000
4915042.51142857 2.76005339413265 20000
5290836.64897959 2.76005339413265 20000
5693841.71693878 2.89589217389456 20000
6126022.61234694 2.89589217389456 20000
6589490.2905102 3.07720192304422 20000
7086515.54408163 3.07720192304422 20000
7619526.2472449 3.31262901530612 20000
8191123.89061224 3.31262901530612 20000
8804102.87193877 3.61434497278912 20000
9461464.27520408 3.61434497278912 20000
10166418.6264286 3.98993403167517 20000
10922407.9402041 3.98993403167517 20000
11733130.5220408 4.57525219557823 20000
12602549.2358163 4.57525219557823 20000
13534913.5503061 4.57525219557823 20000
14534781.5857143 4.57525219557823 20000
0 7382810.42345118 210000
25379.3571428571 7382810.42345118 210000
52516.5918367347 7382810.42345118 210000
81536.2204081633 7382810.42345118 210000
112562.759183673 6834008.10710088 210000
145742.697959184 6834008.10710088 210000
181222.526530612 62950.5349790455 210000
219159.721428571 62950.5349790455 210000
259726.408163265 2385.94788165816 210000
303105.698979592 2385.94788165816 210000
349488.030612245 265.870045240221 210000
399085.813265306 265.870045240221 210000
452122.443877551 59.9620959375 210000
508832.306122449 59.9620959375 210000
569475.419387755 22.2305360905612 210000
634319.12755102 22.2305360905612 210000
703652.747959184 11.427897869898 210000
777794.895918367 11.427897869898 210000
857075.173469388 7.04316072066326 210000
941848.818367347 7.04316072066326 210000
1032496.70408163 4.94289379039116 210000
1129425.33979592 4.94289379039116 210000
1233074.19489796 3.87318257440476 210000
1343904.7122449 3.87318257440476 210000
1462414.95714286 3.30835759566327 210000
1589135.95510204 3.30835759566327 210000
1724642.67857143 3.01682764243197 210000
1869539.39795918 3.01682764243197 210000
2024474.33061224 2.87989783163265 210000
2190146.96530612 2.87989783163265 210000
2367300.7377551 2.82226325255102 210000
2556730.35510204 2.82226325255102 210000
2759289.12040816 2.80418091836735 210000
2975885.27040816 2.80418091836735 210000
3207489.3 2.81747944515306 210000
3455144.94897959 2.81747944515306 210000
3719961.87755102 2.86973510204082 210000
4003133.97755102 2.86973510204082 210000
4305924.72346939 2.96814267431973 210000
4629700.13265306 2.96814267431973 210000
4975914.11632653 3.10301247236395 210000
5346119.46632653 3.10301247236395 210000
5741978.84183673 3.24075102891156 210000
6165272.09387755 3.24075102891156 210000
6617899.92755102 3.34807769345238 210000
7101891.22653061 3.34807769345238 210000
7619425.02653061 3.4175306420068 210000
8172823.19081633 3.4175306420068 210000
8764572.38367347 3.45052899447279 210000
9397327.73265306 3.45052899447279 210000
10073931.1397959 3.43587238520408 210000
10797425.9306122 3.43587238520408 210000
11571056.8540816 3.35149578869048 210000
12398299.3806122 3.35149578869048 210000
13282867.0265306 3.13112020195578 210000
14228736.9897959 3.13112020195578 210000
15240157.4744898 3.13112020195578 210000
16321662.3397959 3.13112020195578 210000
0 8900250.62299672 220000
25635.8142857143 8900250.62299672 220000
53047.8928571429 8900250.62299672 220000
82365.4857142857 8900250.62299672 220000
113717.842857143 12661180.4088504 220000
147245.292857143 12661180.4088504 220000
183099.242857143 8764070.77555363 220000
221442.178571429 8764070.77555363 220000
262447.664285714 48386.9964745684 220000
306300.342857143 48386.9964745684 220000
353199.628571429 1150.29160272321 220000
403348.628571428 1150.29160272321 220000
456983.685714286 101.465012098214 220000
514337.45 101.465012098214 220000
575675.807142857 24.9877870982143 220000
641272.028571428 24.9877870982143 220000
711421.542857143 11.1029442857143 220000
786438.242857143 11.1029442857143 220000
866661.871428571 6.66021403273809 220000
952458.021428571 6.66021403273809 220000
1044207.05714286 4.81444709821429 220000
1142326.27142857 4.81444709821429 220000
1247255.11428571 3.93243125 220000
1359469.96428571 3.93243125 220000
1479473.05 3.43727296130952 220000
1607803.52857143 3.43727296130952 220000
1745044.87142857 3.12088742559524 220000
1891813.78571429 3.12088742559524 220000
2048771.29285714 2.91702632440476 220000
2216622.72857143 2.91702632440476 220000
2396125.12857143 2.8042403125 220000
2588087.22857143 2.8042403125 220000
2793373.15714286 2.78169849702381 220000
3012913.51428571 2.78169849702381 220000
3247690.6 2.84363078869048 220000
3498767.95714286 2.84363078869048 220000
3767268.21428571 2.96011735119048 220000
4054410.01428571 2.96011735119048 220000
4361485.85714286 3.08722857142857 220000
4689876.87142857 3.08722857142857 220000
5041060.2 3.19796043154762 220000
5416623.77142857 3.19796043154762 220000
5818258.91428571 3.29558264880952 220000
6247771.43571429 3.29558264880952 220000
6707096.39285714 3.39694388392857 220000
7198309.17142857 3.39694388392857 220000
7723621.79285714 3.51209947916667 220000
8285393.99285714 3.51209947916667 220000
8886166.45714286 3.63788742559524 220000
9528638.66428571 3.63788742559524 220000
10215713.2 3.75266604166667 220000
10950477.2928571 3.75266604166667 220000
11736247.1285714 3.81960677083333 220000
12576560.4642857 3.81960677083333 220000
13475206.1714286 3.77739279761905 220000
14436231.6214286 3.77739279761905 220000
15463968.5357143 3.77739279761905 220000
16563044.0642857 3.77739279761905 220000
0 9896863.86856149 230000
26222.9326530612 9896863.86856149 230000
54233.2683673469 9896863.86856149 230000
84154.0112244898 9896863.86856149 230000
116115.853061224 20918420.9179625 230000
150261.017346939 20918420.9179625 230000
186731.72755102 7909845.21334917 230000
225693.270408163 7909845.21334917 230000
267310.932653061 29173.1255304741 230000
311769.220408163 29173.1255304741 230000
359260.32755102 936.261847769983 230000
409987.979591837 936.261847769983 230000
464178.965306123 117.191049676871 230000
522067.76122449 117.191049676871 230000
583904.219387755 29.8150362244898 230000
649957.41122449 29.8150362244898 230000
720519.471428572 12.0782160246599 230000
795894.066326531 12.0782160246599 230000
876407.925510204 6.99671400722789 230000
962418.529591837 6.99671400722789 230000
1054291.04693878 5.01011800807823 230000
1152436.77244898 5.01011800807823 230000
1257274.68877551 4.00726637117347 230000
1369266.06122449 4.00726637117347 230000
1488895.21836735 3.4311171747449 230000
1616684.92755102 3.4311171747449 230000
1753192.55102041 3.08727431972789 230000
1899013.88979592 3.08727431972789 230000
2054783.18367347 2.87565284438776 230000
2221176.95510204 2.87565284438776 230000
2398921.69693878 2.75203214073129 230000
2588793.87244898 2.75203214073129 230000
2791616.07142857 2.70060426232993 230000
3008276.22959184 2.70060426232993 230000
3239716.09693878 2.71296873511905 230000
3486942.76938776 2.71296873511905 230000
3751036.37653061 2.77996431760204 230000
4033146.2377551 2.77996431760204 230000
4334498.55 2.88826556760204 230000
4656411.76326531 2.88826556760204 230000
5000281.20510204 3.02520370535714 230000
5367609.83163265 3.02520370535714 230000
5759996.69591837 3.18807200042517 230000
6179152.32346939 3.18807200042517 230000
6626902.55612245 3.38292455994898 230000
7105196.23979592 3.38292455994898 230000
7616116.75612245 3.59787739583333 230000
8161893.55408163 3.59787739583333 230000
8744902.15 3.76245141156463 230000
9367679.50306123 3.76245141156463 230000
10032943.2346939 3.77243748511905 230000
10743587.7846939 3.77243748511905 230000
11502711.3183673 3.6138374957483 230000
12313619.5704082 3.6138374957483 230000
13179848.9081633 3.31725031037415 230000
14105166.3316327 3.31725031037415 230000
15093611.7561225 3.31725031037415 230000
16149482.6367347 3.31725031037415 230000
0 8414851.16305903 240000
26200.3485714286 8414851.16305903 240000
54189.7836734694 8414851.16305903 240000
84094.7289795918 8414851.16305903 240000
116045.439183673 23088227.5987572 240000
150179.831020408 23088227.5987572 240000
186647.314285714 7754859.80263168 240000
225612.622857143 7754859.80263168 240000
267240.490612245 78267.9380667874 240000
311714.806530612 78267.9380667874 240000
359230.952653061 1908.03953071599 240000
409995.804081633 1908.03953071599 240000
464231.56 153.728800532313 240000
522179.574693878 153.728800532313 240000
584085.033469388 31.5225218418367 240000
650227.600816327 31.5225218418367 240000
720894.603265306 12.5133736972789 240000
796392.52244898 12.5133736972789 240000
877054.657142857 7.14259435544218 240000
963233.46122449 7.14259435544218 240000
1055304.37469388 5.01511698469388 240000
1153669.65469388 5.01511698469388 240000
1258766.03755102 3.97068504591837 240000
1371045.58367347 3.97068504591837 240000
1491006.32571429 3.38453892346939 240000
1619169.28244898 3.38453892346939 240000
1756097.61387755 3.04525417857143 240000
1902388.95918367 3.04525417857143 240000
2058686.92979592 2.85881916666667 240000
2225669.61632653 2.85881916666667 240000
2404076.40571429 2.77511935204082 240000
2594681.16408163 2.77511935204082 240000
2798319.05387755 2.76230937755102 240000
3015886.53387755 2.76230937755102 240000
3248329.86612245 2.79872801530612 240000
3496671.93306122 2.79872801530612 240000
3761993.08244898 2.87246717687075 240000
4045461.7755102 2.87246717687075 240000
4348315.43183673 2.97335869557823 240000
4671879.5844898 2.97335869557823 240000
5017571.71102041 3.08177657312925 240000
5386905.0644898 3.08177657312925 240000
5781492.5044898 3.18171831802721 240000
6203069.48326531 3.18171831802721 240000
6653471.05959184 3.28818077891157 240000
7134677.87102041 3.28818077891157 240000
7648793.1477551 3.44917143027211 240000
8198061.8677551 3.44917143027211 240000
8784897.57387755 3.70853949319728 240000
9411863.21877551 3.70853949319728 240000
10081705.6440816 4.01755119557823 240000
10797355.5804082 4.01755119557823 240000
11561946.802449 4.16563609693878 240000
12378827.6220408 4.16563609693878 240000
13251568.5502041 3.92680389965986 240000
14183992.9453061 3.92680389965986 240000
15180184.675102 3.92680389965986 240000
16244499.6097959 3.92680389965986 240000
0 9700781.97658124 250000
26924.5675510204 9700781.97658124 250000
55676.4146938775 9700781.97658124 250000
86378.6841836735 9700781.97658124 250000
119158.491122449 23888986.2339999 250000
154162.812346939 23888986.2339999 250000
191538.624693878 7523215.15222024 250000
231444.822040816 7523215.15222024 250000
274060.16 180751.035953088 250000
319563.394183673 180751.035953088 250000
368149.169591837 3469.95347126467 250000
420031.992959184 3469.95347126467 250000
475430.343367347 199.020407741497 250000
534582.561632653 199.020407741497 250000
597742.877959184 32.9669293067602 250000
665185.384285714 32.9669293067602 250000
737200.061938775 12.2026360097789 250000
814096.753979592 12.2026360097789 250000
896205.165204081 7.12740832206632 250000
983878.834489796 7.12740832206632 250000
1077495.13479592 5.11332083971088 250000
1177459.2455102 5.11332083971088 250000
1284200.18010204 4.07195353826531 250000
1398170.78612245 4.07195353826531 250000
1519871.57928571 3.47246845514456 250000
1649818.96469388 3.47246845514456 250000
1788577.01561224 3.10609393154762 250000
1936737.61173469 3.10609393154762 250000
2094944.27326531 2.88451145386905 250000
2263872.29918367 2.88451145386905 250000
2444252.60132653 2.76453002487245 250000
2636859.78734694 2.76453002487245 250000
2842524.0777551 2.72124799468537 250000
3062123.36122449 2.72124799468537 250000
3296614.97336735 2.7434269317602 250000
3546995.97326531 2.7434269317602 250000
3814350.81163265 2.81866980335884 250000
4099827.49673469 2.81866980335884 250000
4404653.48377551 2.92253840008503 250000
4730143.61959184 2.92253840008503 250000
5077696.17030612 3.03389652593537 250000
5448808.71071429 3.03389652593537 250000
5845074.15193877 3.16049853316326 250000
6268204.5755102 3.16049853316326 250000
6720011.37163265 3.32665021960034 250000
7202444.96265306 3.32665021960034 250000
7717578.91367347 3.53906319642857 250000
8267629.79428571 3.53906319642857 250000
8854969.09561224 3.77657644047619 250000
9482115.28561224 3.77657644047619 250000
10151773.532551 3.98585291836735 250000
10866827.7603061 3.98585291836735 250000
11630344.6207143 4.08764430867347 250000
12445621.1617347 4.08764430867347 250000
13316157.0210204 4.01860822916667 250000
14245702.0940816 4.01860822916667 250000
15238252.5619388 4.01860822916667 250000
16298082.669898 4.01860822916667 250000
0 9412773.81029672 260000
26743.4469387755 9412773.81029672 260000
55314.2320408163 9412773.81029672 260000
85829.9951020408 9412773.81029672 260000
118427.98255102 10235412.6667216 260000
153253.283469388 10235412.6667216 260000
190447.065612245 58924.3295427796 260000
230181.867346939 58924.3295427796 260000
272626.305714286 2465.3557419679 260000
317964.683061225 2465.3557419679 260000
366396.987040816 639.316681504464 260000
418131.047959184 639.316681504464 260000
473394.302755102 140.73151569494 260000
532425.952346939 140.73151569494 260000
595484.804285714 33.7145198231293 260000
662841.430102041 33.7145198231293 260000
734793.850612245 13.0405756133078 260000
811655.771938775 13.0405756133078 260000
893756.585510204 7.18704811245748 260000
981460.974693878 7.18704811245748 260000
1075145.38683673 4.9320647827381 260000
1175217.63989796 4.9320647827381 260000
1282116.92244898 3.91921064817177 260000
1396305.95102041 3.91921064817177 260000
1518282.73408163 3.41826118388605 260000
1648580.57204082 3.41826118388605 260000
1787764.13591837 3.15540976488095 260000
1936437.31 3.15540976488095 260000
2095254.95581633 3.0048144872449 260000
2264903.3055102 3.0048144872449 260000
2446123.48979592 2.90008239115646 260000
2639699.77397959 2.90008239115646 260000
2846483.08591837 2.8256752202381 260000
3067367.48806122 2.8256752202381 260000
3303317.62673469 2.79630611840986 260000
3555360.8894898 2.79630611840986 260000
3824591.32642857 2.82808520216837 260000
4112185.3355102 2.82808520216837 260000
4419397.74122449 2.92074288031463 260000
4747557.87326531 2.92074288031463 260000
5098100.93714286 3.05675572491497 260000
5472556.25020408 3.05675572491497 260000
5872547.24163265 3.21663964477041 260000
6299818.90173469 3.21663964477041 260000
6756233.86061224 3.38726636543367 260000
7243776.3094898 3.38726636543367 260000
7764571.60734694 3.55203560459184 260000
8320886.28091837 3.55203560459184 260000
8915143.71 3.69085056377551 260000
9549931.97010204 3.69085056377551 260000
10228011.675102 3.8241838352466 260000
10952343.4265306 3.8241838352466 260000
11726076.0495918 4.05412061968537 260000
12552577.9637755 4.05412061968537 260000
13435448.9468367 4.68260305994898 260000
14378535.820102 4.68260305994898 260000
15385948.1337755 4.68260305994898 260000
16462066.0095918 4.68260305994898 260000
0 8604283.51363495 270000
27094.0653061224 8604283.51363495 270000
56034.3704081633 8604283.51363495 270000
86947.9683673469 8604283.51363495 270000
119973.823469388 32094439.0349672 270000
155250.9 32094439.0349672 270000
192938.014285714 5709667.1654051 270000
233193.982653061 5709667.1654051 270000
276201.443877551 28090.3578082398 270000
322139.066326531 28090.3578082398 270000
371213.31122449 1018.40278702168 270000
423634.610204082 1018.40278702168 270000
479633.246938776 142.380631690051 270000
539451.416326531 142.380631690051 270000
603355.135714286 39.0518014732143 270000
671618.363265306 39.0518014732143 270000
744538.879591837 14.8053790752551 270000
822434.317346939 14.8053790752551 270000
905646.131632653 7.67847160714286 270000
994531.659183673 7.67847160714286 270000
1089487.94081633 5.16119147321429 270000
1190919.95816327 5.16119147321429 270000
1299276.36734694 4.02309878826531 270000
1415025.67653061 4.02309878826531 270000
1538672.12755102 3.41464200892857 270000
1670755.69591837 3.41464200892857 270000
1811852.09081633 3.07895227040816 270000
1962576.7255102 3.07895227040816 270000
2123584.71734694 2.90822471938776 270000
2295582.79897959 2.90822471938776 270000
2479313.43673469 2.83698897959184 270000
2675582.62346939 2.83698897959184 270000
2885243.99693878 2.81362974489796 270000
3109210.75102041 2.81362974489796 270000
3348459.60612245 2.81314171556122 270000
3604034.77959184 2.81314171556122 270000
3877051.95612245 2.84808957908163 270000
4168694.31734694 2.84808957908163 270000
4480236.36428571 2.94326357142857 270000
4813039.94693878 2.94326357142857 270000
5168550.29387755 3.10383349489796 270000
5548319.83469388 3.10383349489796 270000
5954004.22959184 3.31256116071429 270000
6387370.31020408 3.31256116071429 270000
6850304.02040816 3.55620360331633 270000
7344830.26836735 3.55620360331633 270000
7873097.04489796 3.84107211734694 270000
8437415.12755102 3.84107211734694 270000
9040234.25816327 4.15799340561224 270000
9684190.7877551 4.15799340561224 270000
10372083.8540816 4.42850227678571 270000
11106919.0561224 4.42850227678571 270000
11891896.5428571 4.51805979591837 270000
12730434.8357143 4.51805979591837 270000
13626190.6806122 4.28816489158163 270000
14583070.9591837 4.28816489158163 270000
15605240.6295918 4.28816489158163 270000
16697158.4602041 4.28816489158163 270000
0 11662037.5972013 280000
27492.2089795918 11662037.5972013 280000
56845.9542857143 11662037.5972013 280000
88183.1706122449 11662037.5972013 280000
121637.986122449 18912977.979637 280000
157360.786938776 18912977.979637 280000
195493.830204082 13745872.2658658 280000
236211.888979592 13745872.2658658 280000
279681.607346939 154147.091676677 280000
326089.951836735 154147.091676677 280000
375640.146938775 2995.65809488435 280000
428543.546122449 2995.65809488435 280000
485023.696326531 190.505388732993 280000
545320.40244898 190.505388732993 280000
609697.856326531 35.7157726360544 280000
678432.443265306 35.7157726360544 280000
751812.742040816 13.353000585034 280000
830159.847346939 13.353000585034 280000
913807.047346939 7.32230538265306 280000
1003107.95265306 7.32230538265306 280000
1098452.75428571 5.07476954081633 280000
1200243.83673469 5.07476954081633 280000
1308920.16489796 4.05039109693878 280000
1424949.15510204 4.05039109693878 280000
1548826.67510204 3.4979845952381 280000
1681085.17306122 3.4979845952381 280000
1822285.54857143 3.17275767006803 280000
1973037.47510204 3.17275767006803 280000
2133987.20653061 2.9848088877551 280000
2305825.70612245 2.9848088877551 280000
2489284.58204082 2.8876506462585 280000
2685156.40979592 2.8876506462585 280000
2894274.40979592 2.85657423469388 280000
3117536.83428571 2.85657423469388 280000
3355898.83836735 2.87770958163265 280000
3610388.73795918 2.87770958163265 280000
3882087.68734694 2.93241084013605 280000
4172166.25959184 2.93241084013605 280000
4481868.18857143 3.00142248979592 280000
4812518.49795918 3.00142248979592 280000
5165531.63020408 3.07605668367347 280000
5542423.64 3.07605668367347 280000
5944808.12979592 3.15538197619048 280000
6374412.5077551 3.15538197619048 280000
6833073.92326531 3.23341171258503 280000
7322759.58938775 3.23341171258503 280000
7845566.78285714 3.30482818537415 280000
8403739.10204082 3.30482818537415 280000
8999666.46693878 3.3772099744898 280000
9635901.37714286 3.3772099744898 280000
10315171.1053061 3.44380833333333 280000
11040389.8906122 3.44380833333333 280000
11814658.9387755 3.4491006377551 280000
12641303.002449 3.4491006377551 280000
13523862.2522449 3.27949286564626 280000
14466116.6636735 3.27949286564626 280000
15472106.3395918 3.27949286564626 280000
16546143.7036735 3.27949286564626 280000
0 7432265.01886203 290000
28073.9540816326 7432265.01886203 290000
58040.3469387755 7432265.01886203 290000
90024.2295918367 7432265.01886203 290000
124158.989795918 21118488.3870401 290000
160594.68877551 21118488.3870401 290000
199485.556122449 3944292.94300432 290000
240998.326530612 3944292.94300432 290000
285303.903061225 34144.6155878933 290000
332594.030612245 34144.6155878933 290000
383064.62244898 1303.07269975553 290000
436940.770408163 1303.07269975553 290000
494443.397959184 169.444983694728 290000
555818.43877551 169.444983694728 290000
621328.5 41.485076817602 290000
691248.693877551 41.485076817602 290000
765879.142857143 15.3351716305272 290000
845536.642857143 15.3351716305272 290000
930558.831632653 7.90339817176871 290000
1021304.18877551 7.90339817176871 290000
1118164.54081633 5.21997695578231 290000
1221548.3877551 5.21997695578231 290000
1331897.57653061 4.06526972789116 290000
1449674.79591837 4.06526972789116 290000
1575384.41836735 3.4930049957483 290000
1709564.16326531 3.4930049957483 290000
1852776.76020408 3.17089440901361 290000
2005639.12755102 3.17089440901361 290000
2168793.19387755 2.97918424744898 290000
2342935.07653061 2.97918424744898 290000
2528810.91326531 2.86653411989796 290000
2727200.18877551 2.86653411989796 290000
2938953.25 2.80459044430272 290000
3164970.46428571 2.80459044430272 290000
3406206.3877551 2.79310138180272 290000
3663690.60714286 2.79310138180272 290000
3938519.40306123 2.85279587585034 290000
4231855.75 2.85279587585034 290000
4544945.98979592 2.98446417942177 290000
4879128.16836735 2.98446417942177 290000
5235815.3622449 3.15317016369048 290000
5616524.85714286 3.15317016369048 290000
6022878.14795918 3.32060826955782 290000
6456596.77040816 3.32060826955782 290000
6919527.31122449 3.47646178784014 290000
7413637.23979592 3.47646178784014 290000
7941023.24489796 3.62795588860544 290000
8503932.07653061 3.62795588860544 290000
9104752.20918367 3.76504306972789 290000
9746038.85204082 3.76504306972789 290000
10430518.1173469 3.86340785501701 290000
11161095.3571429 3.86340785501701 290000
11940876.005102 3.9404184417517 290000
12773178.0816327 3.9404184417517 290000
13661532.1938775 4.25592911352041 290000
14609723.2193878 4.25592911352041 290000
15621773.6326531 4.25592911352041 290000
16701985.1887755 4.25592911352041 290000
0 9285522.98877162 300000
28175.6171428571 9285522.98877162 300000
58261.7983673469 9285522.98877162 300000
90383.4171428571 9285522.98877162 300000
124677.834285714 10274550.9058151 300000
161294.897959184 10274550.9058151 300000
200392.78122449 19070760.0992451 300000
242133.819591837 19070760.0992451 300000
286701.160816327 322661.383901204 300000
334286.27755102 322661.383901204 300000
385093.129795918 5958.6700067466 300000
439338.164897959 5958.6700067466 300000
497258.64244898 322.189116845238 300000
559095.984489796 322.189116845238 300000
625120.750204082 48.522292122449 300000
695611.823673469 48.522292122449 300000
770881.388571429 15.2627204982993 300000
851241.628571428 15.2627204982993 300000
937042.189387755 7.6888237244898 300000
1028649.36653061 7.6888237244898 300000
1126462.75510204 5.17609202380952 300000
1230894.43755102 5.17609202380952 300000
1342393.95836735 4.06566336904762 300000
1461444.16163265 4.06566336904762 300000
1588548.70367347 3.47460428571429 300000
1724261.19020408 3.47460428571429 300000
1869160.20163265 3.14957772278912 300000
2023870.10530612 3.14957772278912 300000
2189048.56816327 2.98196110544218 300000
2365411.53142857 2.98196110544218 300000
2553712.39836735 2.91283843707483 300000
2754762.84653061 2.91283843707483 300000
2969420.34040816 2.90316074319728 300000
3198604.78122449 2.90316074319728 300000
3443310.99428571 2.92663522108844 300000
3704579.59183673 2.92663522108844 300000
3983530.27265306 2.98383420748299 300000
4281370.14693877 2.98383420748299 300000
4599368.76163265 3.09054899319728 300000
4938895.56244898 3.09054899319728 300000
5301403.24408163 3.24031043877551 300000
5688452.72489796 3.24031043877551 300000
6101704.82204081 3.39713937585034 300000
6542928.57632653 3.39713937585034 300000
7014022.06448979 3.51703525 300000
7517004.07428571 3.51703525 300000
8054034.91673469 3.56947343537415 300000
8627420.58857143 3.56947343537415 300000
9239621.09714286 3.55835622789116 300000
9893262.9477551 3.55835622789116 300000
10591151.6310204 3.51574315646258 300000
11336284.1102041 3.51574315646258 300000
12131857.1461224 3.45055747108843 300000
12981283.9469388 3.45055747108843 300000
13888214.9804082 3.28275007482993 300000
14856537.9738775 3.28275007482993 300000
15890411.2138775 3.28275007482993 300000
16994271.8710204 3.28275007482993 300000
0 3688759.24626348 30000
20104.5073469388 3688759.24626348 30000
41664.6575510204 3688759.24626348 30000
64788.5840816327 3688759.24626348 30000
89587.1930612245 370.367882460034 30000
116188.026530612 370.367882460034 30000
144713.08122449 77.9307574192177 30000
175309.307755102 77.9307574192177 30000
208123.656734694 40.3977630510204 30000
243316.942040816 40.3977630510204 30000
281061.068163265 24.6064121352041 30000
321544.575510204 24.6064121352041 30000
364958.777142857 14.9282355705782 30000
411525.485306122 14.9282355705782 30000
461466.512244898 9.25134395493197 30000
515025.851428572 9.25134395493197 30000
572472.450204082 6.54608369217687 30000
634083.573877551 6.54608369217687 30000
700158.668979592 5.03523615731293 30000
771027.68122449 5.03523615731293 30000
847034.419591837 4.1627631079932 30000
928550.419591837 4.1627631079932 30000
1015980.48857143 3.63138414880952 30000
1109746.06979592 3.63138414880952 30000
1210312.96897959 3.2762766079932 30000
1318169.17306122 3.2762766079932 30000
1433844.25877551 3.01445151360544 30000
1557909.39265306 3.01445151360544 30000
1690969.01306122 2.81871953656463 30000
1833674.69346939 2.81871953656463 30000
1986730.6877551 2.68283643112245 30000
2150880.06693878 2.68283643112245 30000
2326932.44571429 2.6036136462585 30000
2515750.11918367 2.6036136462585 30000
2718259.15346939 2.57719257312925 30000
2935449.38571429 2.57719257312925 30000
3168385.51469388 2.59624301020408 30000
3418212.64612245 2.59624301020408 30000
3686153.52 2.65016533588435 30000
3973522.37387755 2.65016533588435 30000
4281724.94285714 2.72346157482993 30000
4612275.0955102 2.72346157482993 30000
4966792.06122449 2.80256305612245 30000
5347011.52081633 2.80256305612245 30000
5754799.46979592 2.88864815731293 30000
6192154.99102041 2.88864815731293 30000
6661218.57265306 2.98896621088435 30000
7164294.28938776 2.98896621088435 30000
7703844.25714286 3.09068214370748 30000
8282516.35959184 3.09068214370748 30000
8903141.4755102 3.15426832057823 30000
9568766.75061224 3.15426832057823 30000
10282655.597551 3.16332565391156 30000
11048301.5591837 3.16332565391156 30000
11869461.5804082 3.21726530867347 30000
12750161.5534694 3.21726530867347 30000
13694715.7265306 3.21726530867347 30000
14707751.657551 3.21726530867347 30000
0 5091990.46257735 40000
20129.092244898 5091990.46257735 40000
41713.8351020408 5091990.46257735 40000
64865.3469387755 5091990.46257735 40000
89691.9681632653 3283604.56285683 40000
116318.706938776 3283604.56285683 40000
144876.127346939 2734.33577364116 40000
175500.349387755 2734.33577364116 40000
208344.160816327 83.8905418656463 40000
243568.683265306 83.8905418656463 40000
281343.372244898 23.0693652687075 40000
321857.128979592 23.0693652687075 40000
365307.188571429 13.6818425238095 40000
411901.897959184 13.6818425238095 40000
461877.383673469 9.32677225 40000
515469.772244898 9.32677225 40000
572945.747755102 6.8922151207483 40000
634588.662040816 6.8922151207483 40000
700695.756734694 5.31075189455782 40000
771594.831020408 5.31075189455782 40000
847627.573877551 4.20177901360544 40000
929171.787755102 4.20177901360544 40000
1016624.72081633 3.53420069727891 40000
1110414.17877551 3.53420069727891 40000
1210998.52489796 3.15227760884354 40000
1318869.45795918 3.15227760884354 40000
1434557.56816327 2.91073405782313 40000
1558626.78122449 2.91073405782313 40000
1691688.24816327 2.7510014047619 40000
1834389.23346939 2.7510014047619 40000
1987429.78285714 2.65183983673469 40000
2151559.94530612 2.65183983673469 40000
2327579.77306122 2.60107263265306 40000
2516355.98938776 2.60107263265306 40000
2718810.87673469 2.58546976190476 40000
2935930.61061225 2.58546976190476 40000
3168784.70530612 2.59347375680272 40000
3418512.12408163 2.59347375680272 40000
3686332.39102041 2.6259758792517 40000
3973556.70285714 2.6259758792517 40000
4281593.48489796 2.69595730102041 40000
4611948.39102041 2.69595730102041 40000
4966240.97142857 2.81253320068027 40000
5346201.89469388 2.81253320068027 40000
5753695.17142857 2.96458595408163 40000
6190715.37632653 2.96458595408163 40000
6659398.76 3.1245327414966 40000
7162039.91673469 3.1245327414966 40000
7701100.11836735 3.2663533452381 40000
8279221.20408163 3.2663533452381 40000
8899228.35836735 3.36914940986395 40000
9564160.66857143 3.36914940986395 40000
10277268.3469388 3.43301932142857 40000
11042048.8440816 3.43301932142857 40000
11862241.2930612 3.59493382993197 40000
12741859.844898 3.59493382993197 40000
13685213.1142857 3.59493382993197 40000
14696918.0693878 3.59493382993197 40000
0 5091384.28238498 50000
20178.7034693878 5091384.28238498 50000
41817.8176530612 5091384.28238498 50000
65031.3936734694 5091384.28238498 50000
89925.1374489796 17927.2029390287 50000
116627.00877551 17927.2029390287 50000
145262.185714286 453.013614086097 50000
175978.100204082 453.013614086097 50000
208919.40244898 91.4291808309949 50000
244252.996530612 91.4291808309949 50000
282148.568265306 35.3638396511479 50000
322792.493877551 35.3638396511479 50000
366382.276530612 17.7510082633929 50000
413137.673265306 17.7510082633929 50000
463284.004591837 10.6114659508929 50000
517066.063163265 10.6114659508929 50000
574750.895510204 6.90543615688775 50000
636616.675102041 6.90543615688775 50000
702974.95622449 4.98015700829082 50000
774142.856632653 4.98015700829082 50000
850473.656632653 4.04598675 50000
932342.890408163 4.04598675 50000
1020151.1277551 3.55004402104592 50000
1114326.75581633 3.55004402104592 50000
1215334.32428571 3.23238150956633 50000
1323666.20020408 3.23238150956633 50000
1439859.25836735 2.99573122576531 50000
1564478.19091837 2.99573122576531 50000
1698140.54295918 2.8145070057398 50000
1841494.45867347 2.8145070057398 50000
1995249.28040816 2.68660516262755 50000
2160153.29479592 2.68660516262755 50000
2337021.55010204 2.59963538647959 50000
2526719.16581633 2.59963538647959 50000
2730178.02306122 2.54395433035714 50000
2948393.98285714 2.54395433035714 50000
3182438.01306122 2.52823752933673 50000
3433458.97010204 2.52823752933673 50000
3702689.16244898 2.57083284183673 50000
3991447.13234694 2.57083284183673 50000
4301151.5644898 2.68410160140306 50000
4633318.50428571 2.68410160140306 50000
4989583.61173469 2.86139082589286 50000
5371688.2527551 2.86139082589286 50000
5781510.09826531 3.08776607716837 50000
6221060.34244898 3.08776607716837 50000
6692492.04795918 3.35675982206633 50000
7198122.39979592 3.35675982206633 50000
7740427.14183673 3.63461455102041 50000
8322068.39418367 3.63461455102041 50000
8945902.99836735 3.81371190306122 50000
9614985.29908163 3.81371190306122 50000
10332603.3067347 3.78399370408163 50000
11102273.1339796 3.78399370408163 50000
11927772.3765306 3.49824000765306 50000
12813151.240102 3.49824000765306 50000
13762752.012551 3.49824000765306 50000
14781231.3177551 3.49824000765306 50000
0 428.355191615646 60000
20773.1846938775 428.355191615646 60000
43039.8663265306 428.355191615646 60000
66906.9295918367 428.355191615646 60000
92489.9255102041 556.552374483418 60000
119913.071428571 556.552374483418 60000
149309.251020408 619.073516949405 60000
180817.125510204 619.073516949405 60000
214592.68877551 200.516985663265 60000
250794.823469388 200.516985663265 60000
289602.633673469 47.3597171513605 60000
331198.112244898 47.3597171513605 60000
375786.362244898 17.6158312988946 60000
423581.153061224 17.6158312988946 60000
474813.586734694 10.147558210034 60000
529726.320408163 10.147558210034 60000
588590.898979592 6.92082003826531 60000
651687.533673469 6.92082003826531 60000
719322.434693877 5.18240308248299 60000
791819.144897959 5.18240308248299 60000
869530.094897959 4.19719823129252 60000
952827.936734694 4.19719823129252 60000
1042117.09897959 3.61369566964286 60000
1137825.12040816 3.61369566964286 60000
1240414.20510204 3.24430553784014 60000
1350384.11122449 3.24430553784014 60000
1468257.70714286 2.99457089498299 60000
1594609.85918367 2.99457089498299 60000
1730047.21020408 2.8188009417517 60000
1875222.62346939 2.8188009417517 60000
2030838.07142857 2.69650342687075 60000
2197644.63571429 2.69650342687075 60000
2376445.39591837 2.6189097130102 60000
2568101.20714286 2.6189097130102 60000
2773539.36632653 2.58406385841837 60000
2993750.72346939 2.58406385841837 60000
3229798.34795918 2.59520369897959 60000
3482817.52857143 2.59520369897959 60000
3754030.21734694 2.65101123086735 60000
4044747.91836735 2.65101123086735 60000
4356368.79897959 2.73952210884354 60000
4690397.91122449 2.73952210884354 60000
5048444.30306122 2.84009362457483 60000
5432238.35102041 2.84009362457483 60000
5843631.76020408 2.93531488732993 60000
6284606.23061224 2.93531488732993 60000
6757287.90102041 3.03795067389456 60000
7263961.79285714 3.03795067389456 60000
7807068.92142857 3.20504828231292 60000
8389229.40612245 3.20504828231292 60000
9013251.13673469 3.50055798044218 60000
9682147.10612245 3.50055798044218 60000
10399141.1877551 3.92655005739796 60000
11167691.2459184 3.92655005739796 60000
11991506.4683673 4.32629038690476 60000
12874558.9214286 4.32629038690476 60000
13821109.5489796 4.32629038690476 60000
14835725.505102 4.32629038690476 60000
0 5586205.74633541 70000
21215.3280612245 5586205.74633541 70000
43942.8535714286 5586205.74633541 70000
68295.4714285714 5586205.74633541 70000
94386.0765306122 3940299.67496786 70000
122342.418367347 3940299.67496786 70000
152292.246428571 5526.3144177838 70000
184381.135714286 5526.3144177838 70000
218763.573979592 244.241984215561 70000
255597.019897959 244.241984215561 70000
295062.699489796 55.9241031409439 70000
337347.780612245 55.9241031409439 70000
382651.314795918 21.7694167155612 70000
431190.179081633 21.7694167155612 70000
483193.134183673 10.6725105133929 70000
538912.708163265 10.6725105133929 70000
598607.370918367 6.75061355548469 70000
662568.27244898 6.75061355548469 70000
731095.475510204 5.22242885204082 70000
804512.810204081 5.22242885204082 70000
883176.786734694 4.39983726084184 70000
967455.798979592 4.39983726084184 70000
1057753.89183673 3.8140835682398 70000
1154498.87755102 3.8140835682398 70000
1258154.21938776 3.35207481505102 70000
1369210.11887755 3.35207481505102 70000
1488195.3994898 2.99177669005102 70000
1615677.50663265 2.99177669005102 70000
1752262.50765306 2.73374005102041 70000
1898601.03367347 2.73374005102041 70000
2055388.27959184 2.5815114317602 70000
2223369.94591837 2.5815114317602 70000
2403351.15153061 2.52405510841837 70000
2596181.57908163 2.52405510841837 70000
2802782.21326531 2.53994333227041 70000
3024133.45714286 2.53994333227041 70000
3261292.95765306 2.60770502869898 70000
3515386.69285714 2.60770502869898 70000
3787623.82653061 2.69874510841837 70000
4079302.65 2.69874510841837 70000
4391807.61122449 2.78191844387755 70000
4726627.14030612 2.78191844387755 70000
5085356.62040816 2.85138841836735 70000
5469701.35867347 2.85138841836735 70000
5881491.44081633 2.94005795280612 70000
6322687.67295918 2.94005795280612 70000
6795384.55255102 3.09868023596939 70000
7301837.00663265 3.09868023596939 70000
7844454.45 3.34526646045918 70000
8425818.61071429 3.34526646045918 70000
9048698.38469388 3.6348443494898 70000
9716052.80663265 3.6348443494898 70000
10431060.7591837 3.89617994579082 70000
11197126.9147959 3.89617994579082 70000
12017896.5903061 4.20130564094388 70000
12897273.572449 4.20130564094388 70000
13839443.8852041 4.20130564094388 70000
14848893.6153061 4.20130564094388 70000
0 6619277.76345639 80000
21310.2642857143 6619277.76345639 80000
44148.21 6619277.76345639 80000
68623.8064285714 6619277.76345639 80000
94855.9392857143 8105.07264891518 80000
122966.466428571 8105.07264891518 80000
153095.078571429 329.420661008929 80000
185381.466428571 329.420661008929 80000
219983.153571428 96.0771927857143 80000
257066.58 96.0771927857143 80000
296807.102142857 45.4141261383929 80000
339400.881428571 45.4141261383929 80000
385044.079285714 22.6141309732143 80000
433962.578571428 22.6141309732143 80000
486388.206428571 12.2427332098214 80000
542573.595 12.2427332098214 80000
602786.237142857 7.75719997767857 80000
667317.402857143 7.75719997767857 80000
736473.222857143 5.51521974107143 80000
810589.549285714 5.51521974107143 80000
890020.067142857 4.25544603125 80000
975142.238571428 4.25544603125 80000
1066372.16357143 3.54817510267857 80000
1164140.80285714 3.54817510267857 80000
1268920.72714286 3.14236614732143 80000
1381214.22857143 3.14236614732143 80000
1501556.29285714 2.90034703125 80000
1630529.46 2.90034703125 80000
1768748.96357143 2.75861296875 80000
1916877.59142857 2.75861296875 80000
2075628.65785714 2.69029083482143 80000
2245763.03142857 2.69029083482143 80000
2428095.07928571 2.66887283035714 80000
2623501.58357143 2.66887283035714 80000
2832915.79714286 2.67247036160714 80000
3057348.24857143 2.67247036160714 80000
3297868.90928571 2.69595648214286 80000
3555636.915 2.69595648214286 80000
3831888.67714286 2.73892252232143 80000
4127946.79928571 2.73892252232143 80000
4445231.96571429 2.79602481696429 80000
4785265.91357143 2.79602481696429 80000
5149680.34928571 2.86150483928571 80000
5540222.89285714 2.86150483928571 80000
5958768.96642857 2.9441675625 80000
6407324.76642857 2.9441675625 80000
6888042.12428571 3.07403162946429 80000
7403224.45071428 3.07403162946429 80000
7955347.54071428 3.26900420089286 80000
8547059.57357143 3.26900420089286 80000
9181195.97357143 3.49969202232143 80000
9860800.215 3.49969202232143 80000
10589129.7664286 3.70516616517857 80000
11369685.8121429 3.70516616517857 80000
12206204.3357143 3.84406430803571 80000
13102700.7021429 3.84406430803571 80000
14063478.5742857 3.84406430803571 80000
15093141.8014286 3.84406430803571 80000
0 6944586.28750801 90000
21643.6086734694 6944586.28750801 90000
44839.4448979592 6944586.28750801 90000
69696.225 6944586.28750801 90000
96337.7647959184 153038.492465415 90000
124884.860204082 153038.492465415 90000
155479.446428571 3129.45900779656 90000
188269.498469388 3129.45900779656 90000
223406.01122449 299.002022123724 90000
261064.13877551 299.002022123724 90000
301419.035204082 62.6933144164541 90000
344663.973979592 62.6933144164541 90000
391013.367857143 22.7027623852041 90000
440681.629591837 22.7027623852041 90000
493910.351020408 11.8991843909439 90000
550953.203571429 11.8991843909439 90000
612084.997959184 7.63038875637755 90000
677598.664285714 7.63038875637755 90000
747808.271938775 5.4525012627551 90000
823049.029591837 5.4525012627551 90000
903683.325 4.22148389987245 90000
990094.685204081 4.22148389987245 90000
1082699.85612245 3.56050373405612 90000
1181945.78265306 3.56050373405612 90000
1288300.54897959 3.21729862244898 90000
1402280.55765306 3.21729862244898 90000
1524429.39030612 3.01876549744898 90000
1655329.8872449 3.01876549744898 90000
1795616.22704082 2.88555654017857 90000
1945955.80714286 2.88555654017857 90000
2107070.38316327 2.78428929528061 90000
2279733.04897959 2.78428929528061 90000
2464768.23673469 2.70790475127551 90000
2663066.81632653 2.70790475127551 90000
2875580.05561224 2.66134799107143 90000
3103322.64030612 2.66134799107143 90000
3347387.77346939 2.6603979815051 90000
3608944.15561224 2.6603979815051 90000
3889248.06428571 2.71927340880102 90000
4189643.35408163 2.71927340880102 90000
4511567.49642857 2.82942418686224 90000
4856563.65918367 2.82942418686224 90000
5226286.74642857 2.96045630102041 90000
5622509.43826531 2.96045630102041 90000
6047128.23061224 3.08783308035714 90000
6502181.55459184 3.08783308035714 90000
6989849.77653061 3.21680159757653 90000
7512470.29744898 3.21680159757653 90000
8072546.6127551 3.37157765943878 90000
8672766.43163265 3.37157765943878 90000
9316004.69693878 3.5990137244898 90000
10005344.7244898 3.5990137244898 90000
10744090.2826531 3.97239894132653 90000
11535783.7117347 3.97239894132653 90000
12384218.0035714 4.49925788903061 90000
13293463.9806122 4.49925788903061 90000
14267876.3357143 4.49925788903061 90000
15312126.8510204 4.49925788903061 90000
0 2821014.18250367 hpsmc
8278.79183673469 2821014.18250367 hpsmc
17175.9673469388 2821014.18250367 hpsmc
26735.9346938775 2821014.18250367 hpsmc
37008.6530612245 3612.60805523809 hpsmc
48047.4122448979 3612.60805523809 hpsmc
59909.9428571428 91.2288023129252 hpsmc
72656.1959183673 91.2288023129252 hpsmc
86353.893877551 21.0972243537415 hpsmc
101072.979591837 21.0972243537415 hpsmc
116888.946938776 7.1237725170068 hpsmc
133885.06122449 7.1237725170068 hpsmc
152149.028571429 4.07203891156463 hpsmc
171774.106122449 4.07203891156463 hpsmc
192863.542857143 3.15623619047619 hpsmc
215525.028571429 3.15623619047619 hpsmc
239876.244897959 2.70964040816327 hpsmc
266043.755102041 2.70964040816327 hpsmc
294163.004081633 2.32234108843537 hpsmc
324378.318367347 2.32234108843537 hpsmc
356847.346938776 1.95295306122449 hpsmc
391738.840816327 1.95295306122449 hpsmc
429230.432653061 1.63821020408163 hpsmc
469518.628571429 1.63821020408163 hpsmc
512812.146938775 1.39657428571429 hpsmc
559333.028571428 1.39657428571429 hpsmc
609323.297959184 1.22616258503401 hpsmc
663041.632653061 1.22616258503401 hpsmc
720765.583673469 1.11667333333333 hpsmc
782794.906122449 1.11667333333333 hpsmc
849449.33877551 1.05706925170068 hpsmc
921075.265306122 1.05706925170068 hpsmc
998042.383673469 1.03951646258503 hpsmc
1080748.14693878 1.03951646258503 hpsmc
1169622.20408163 1.06056639455782 hpsmc
1265124.17959184 1.06056639455782 hpsmc
1367748.11428571 1.12054285714286 hpsmc
1478024.68571429 1.12054285714286 hpsmc
1596524.53877551 1.22351659863946 hpsmc
1723861.61632653 1.22351659863946 hpsmc
1860695.37959184 1.37896367346939 hpsmc
2007733.02857143 1.37896367346939 hpsmc
2165735.05306122 1.60446231292517 hpsmc
2335519.67346939 1.60446231292517 hpsmc
2517966.17142857 1.9283874829932 hpsmc
2714018.22040816 1.9283874829932 hpsmc
2924691.65714286 2.39132176870748 hpsmc
3151074.48163265 2.39132176870748 hpsmc
3394339.06938776 3.04033088435374 hpsmc
3655745.50204082 3.04033088435374 hpsmc
3936646.00816326 3.90125945578231 hpsmc
4238492.73469388 3.90125945578231 hpsmc
4562851.06938775 4.92588068027211 hpsmc
4911396.31020408 4.92588068027211 hpsmc
5285934.75918367 6.12368217687075 hpsmc
5688403.72244898 6.12368217687075 hpsmc
6120884.83265306 6.12368217687075 hpsmc
6585618.48163265 6.12368217687075 hpsmc
