0 4105186.58935766 100000
12771.2185714286 4105186.58935766 100000
26418.4010204082 4105186.58935766 100000
41001.0608163265 4105186.58935766 100000
56588.0104081633 5847746.5984682 100000
73242.4828571429 5847746.5984682 100000
91042.5895918367 276310.879282512 100000
110064.582244898 276310.879282512 100000
130392.151632653 3144.88613311565 100000
152116.427755102 3144.88613311565 100000
175332.260204082 192.613751223214 100000
200141.937755102 192.613751223214 100000
226653.328571429 32.6211574961735 100000
254987.319387755 32.6211574961735 100000
285266.656734694 9.48431212967687 100000
317625.245918367 9.48431212967687 100000
352204.431428571 4.73162303316326 100000
389158.576326531 4.73162303316326 100000
428651.342653061 3.34915923554422 100000
470855.691428571 3.34915923554422 100000
515955.74244898 2.62216113647959 100000
564154.213469388 2.62216113647959 100000
615663.12122449 2.09072057823129 100000
670707.501020408 2.09072057823129 100000
729532.845918367 1.7324153962585 100000
792395.807755102 1.7324153962585 100000
859577.215714286 1.52407950765306 100000
931369.057755102 1.52407950765306 100000
1008093.07857143 1.42291048426871 100000
1090084.04142857 1.42291048426871 100000
1177704.60653061 1.38534260671769 100000
1271341.61142857 1.38534260671769 100000
1371409.79061224 1.3795191207483 100000
1478348.05591837 1.3795191207483 100000
1592628.7955102 1.38573781335034 100000
1714756.01408163 1.38573781335034 100000
1845270.9122449 1.3953118877551 100000
1984746.30714286 1.3953118877551 100000
2133799.65102041 1.41527369727891 100000
2293087.45183673 1.41527369727891 100000
2463312.71244898 1.4596724502551 100000
2645226.79040816 1.4596724502551 100000
2839633.11755102 1.53316538562925 100000
3047385.34020408 1.53316538562925 100000
3269405.91714286 1.62353209438775 100000
3506669.38142857 1.62353209438775 100000
3760226.5177551 1.70897034396258 100000
4031191.34387755 1.70897034396258 100000
4320765.28795918 1.77264123214286 100000
4630220.45040816 1.77264123214286 100000
4960925.64102041 1.81225488520408 100000
5314337.08 1.81225488520408 100000
5692016.99591837 1.86163634141156 100000
6095629.90612245 1.86163634141156 100000
6526957.49510204 1.98314688265306 100000
6987902.33408163 1.98314688265306 100000
7480497.18 1.98314688265306 100000
8006916.13428571 1.98314688265306 100000
0 2095317.23852413 10000
9834.32142857143 2095317.23852413 10000
20390.5510204082 2095317.23852413 10000
31719.6785714286 2095317.23852413 10000
43879.4030612245 252.286479187925 10000
56931.4489795918 252.286479187925 10000
70938.8826530612 30.5177954081633 10000
85972.8214285714 30.5177954081633 10000
102109.75 19.6551769664116 10000
119427.494897959 19.6551769664116 10000
138015.959183673 11.6906882546769 10000
157967.729591837 11.6906882546769 10000
179380.760204082 6.95871778273809 10000
202362.397959184 6.95871778273809 10000
227029.382653061 4.63027042942177 10000
253505.163265306 4.63027042942177 10000
281919.897959184 3.19376990858843 10000
312418.505102041 3.19376990858843 10000
345151.270408163 2.42088033588435 10000
380284.581632653 2.42088033588435 10000
417991.535714286 2.05709721513605 10000
458462.673469388 2.05709721513605 10000
501900.612244898 1.84626111819728 10000
548522.729591837 1.84626111819728 10000
598561.163265306 1.67002763605442 10000
652266.836734694 1.67002763605442 10000
709909.459183673 1.51352194940476 10000
771776.183673469 1.51352194940476 10000
838178.316326531 1.39195992772109 10000
909447.290816327 1.39195992772109 10000
985938.693877551 1.31720564413265 10000
1068037.63265306 1.31720564413265 10000
1156154.70918367 1.28487856079932 10000
1250728.70408163 1.28487856079932 10000
1352234.62755102 1.28070768494898 10000
1461181.03571429 1.28070768494898 10000
1578112.71428571 1.29854293154762 10000
1703614.70408163 1.29854293154762 10000
1838314.98469388 1.34031039540816 10000
1982887.15816326 1.34031039540816 10000
2138057.15816327 1.40214390943878 10000
2304599.2244898 1.40214390943878 10000
2483349.32142857 1.47278881802721 10000
2675199.77040816 1.47278881802721 10000
2881111.32653061 1.54480910926871 10000
3102115.8622449 1.54480910926871 10000
3339317.70918367 1.62346031037415 10000
3593907.07653061 1.62346031037415 10000
3867154.68367347 1.72136966411565 10000
4160430.54591837 1.72136966411565 10000
4475201.29081633 1.83980632440476 10000
4813043.57653061 1.83980632440476 10000
5175648.11734694 1.96299811862245 10000
5564829.07653061 1.96299811862245 10000
5982534.80102041 2.07046246811224 10000
6430855.87244898 2.07046246811224 10000
6912035.84183673 2.07046246811224 10000
7428484.64795918 2.07046246811224 10000
0 4269392.84929129 110000
12902.597755102 4269392.84929129 110000
26701.1316326531 4269392.84929129 110000
41453.343877551 4269392.84929129 110000
57230.0153061224 4674503.01925945 110000
74096.3387755102 4674503.01925945 110000
92134.2710204082 392134.709047625 110000
111420.180816327 392134.709047625 110000
132041.612857143 3611.91817285034 110000
154091.699795918 3611.91817285034 110000
177671.024897959 289.934304578231 110000
202882.034081633 289.934304578231 110000
229840.211836735 49.8409598643707 110000
258666.630612245 49.8409598643707 110000
289487.950816327 13.7832329587585 110000
322445.734081633 13.7832329587585 110000
357687.13 5.76481809183673 110000
395368.601428571 5.76481809183673 110000
435661.51244898 3.30335699617347 110000
478744.677755102 3.30335699617347 110000
524813.675918367 2.35258902423469 110000
574073.39877551 2.35258902423469 110000
626745.502040816 1.90921550722789 110000
683066.542653061 1.90921550722789 110000
743289.841428571 1.66845595748299 110000
807683.620408163 1.66845595748299 110000
876540.316122449 1.52991725552721 110000
950165.403673469 1.52991725552721 110000
1028890.43530612 1.46288502848639 110000
1113071.1777551 1.46288502848639 110000
1203082.02428571 1.44517818282313 110000
1299329.03326531 1.44517818282313 110000
1402242.47755102 1.44622204464286 110000
1512286.1577551 1.44622204464286 110000
1629951.81428571 1.44818171088435 110000
1755770.30326531 1.44818171088435 110000
1890304.14591837 1.45607470323129 110000
2034158.7044898 1.45607470323129 110000
2187978.45693878 1.48335480952381 110000
2352452.58489796 1.48335480952381 110000
2528322.42428571 1.54005707312925 110000
2716374.01469388 1.54005707312925 110000
2917453.00061224 1.62450122576531 110000
3132462.76877551 1.62450122576531 110000
3362366.31081633 1.71703239710884 110000
3608197.39918367 1.71703239710884 110000
3871056.86183673 1.78504639753401 110000
4152127.48346939 1.78504639753401 110000
4452668.41755102 1.79571396683673 110000
4774028.22489796 1.79571396683673 110000
5117650.46163265 1.73666398426871 110000
5485079.26714286 1.73666398426871 110000
5877959.36408163 1.6377260625 110000
6298056.54755102 1.6377260625 110000
6747255.82244898 1.52526838392857 110000
7227574.44204082 1.52526838392857 110000
7741165.63326531 1.52526838392857 110000
8290335.36061225 1.52526838392857 110000
0 3370096.28533827 120000
13380.8069387755 3370096.28533827 120000
27663.8693877551 3370096.28533827 120000
42906.8204081633 3370096.28533827 120000
59177.2297959184 5346694.7167766 120000
76542.6673469388 5346694.7167766 120000
95076.6648979592 1303608.88207277 120000
114860.703673469 1303608.88207277 120000
135974.27755102 23496.7712491607 120000
158510.791836735 23496.7712491607 120000
182565.639183673 1085.13684772959 120000
208238.186938775 1085.13684772959 120000
235641.713877551 92.0190571071428 120000
264887.511428571 92.0190571071428 120000
296104.757142857 16.4599360408163 120000
329422.628571429 16.4599360408163 120000
364984.214693878 6.05422887244898 120000
402940.553877551 6.05422887244898 120000
443450.633877551 3.52184789540816 120000
486691.328571429 3.52184789540816 120000
532841.499183673 2.52701928061225 120000
582099.880408163 2.52701928061225 120000
634675.143673469 1.99340420663265 120000
690789.871836735 1.99340420663265 120000
750682.546530612 1.67917153316327 120000
814607.548163265 1.67917153316327 120000
882837.143265306 1.50473215561224 120000
955661.484489796 1.50473215561224 120000
1033388.61061224 1.41956605867347 120000
1116348.42122449 1.41956605867347 120000
1204894.66408163 1.38192653571429 120000
1299402.9477551 1.38192653571429 120000
1400274.71632653 1.36785363520408 120000
1507939.23673469 1.36785363520408 120000
1622851.61142857 1.37403097193878 120000
1745500.7277551 1.37403097193878 120000
1876409.25795918 1.39822278061224 120000
2016131.67183673 1.39822278061224 120000
2165262.18612245 1.43138663265306 120000
2324432.77714286 1.43138663265306 120000
2494323.11755102 1.46849619642857 120000
2675648.6522449 1.46849619642857 120000
2869186.43387755 1.51354686734694 120000
3075753.26204082 1.51354686734694 120000
3296229.53142857 1.56622398214286 120000
3531549.29510204 1.56622398214286 120000
3782716.16326531 1.61088960459184 120000
4050791.37918367 1.61088960459184 120000
4336919.65469388 1.62697469387755 120000
4642311.28408163 1.62697469387755 120000
4968265.9922449 1.60038564795918 120000
5316166.97265306 1.60038564795918 120000
5687492.81142857 1.52444415306122 120000
6083821.46204082 1.52444415306122 120000
6506834.22 1.37572849744898 120000
6958329.63428571 1.37572849744898 120000
7440225.49469388 1.37572849744898 120000
7954568.76857143 1.37572849744898 120000
0 3806128.19861123 130000
13386.0151020408 3806128.19861123 130000
27688.3987755102 3806128.19861123 130000
42969.6751020408 3806128.19861123 130000
59300.1836734694 7707189.63625623 130000
76748.3102040816 7707189.63625623 130000
95392.2097959183 5538197.25466513 130000
115311.991428571 5538197.25466513 130000
136597.533469388 93237.4194939626 130000
159340.668163265 93237.4194939626 130000
183642.997142857 2306.18754199405 130000
209608.075918367 2306.18754199405 130000
237355.091020408 142.375694845238 130000
267001.275102041 142.375694845238 130000
298677.537959184 20.4884007057823 130000
332524.55877551 20.4884007057823 130000
368690.832244898 6.44633865136054 130000
407334.62244898 6.44633865136054 130000
448625.916734694 3.45955187414966 130000
492746.425714286 3.45955187414966 130000
539887.629387755 2.42030475765306 130000
590260.546530612 2.42030475765306 130000
644084.011428571 1.93955725680272 130000
701594.443265306 1.93955725680272 130000
763043.892244898 1.69497656377551 130000
828703.947346939 1.69497656377551 130000
898861.828571428 1.55967054336735 130000
973826.248571428 1.55967054336735 130000
1053927.41265306 1.47680171173469 130000
1139515.06489796 1.47680171173469 130000
1230966.30367347 1.42874853571429 130000
1328681.67387755 1.42874853571429 130000
1433092.98244898 1.41433461819728 130000
1544655.48285714 1.41433461819728 130000
1663861.5522449 1.43147989370748 130000
1791234.82979592 1.43147989370748 130000
1927334.1244898 1.47206355867347 130000
2072757.32285714 1.47206355867347 130000
2228141.38897959 1.52966224064626 130000
2394172.13387755 1.52966224064626 130000
2571576.4 1.60213888605442 130000
2761135.73836735 1.60213888605442 130000
2963680.54693878 1.68166984353741 130000
3180101.79387755 1.68166984353741 130000
3411347.10979592 1.74930657142857 130000
3658436.41877551 1.74930657142857 130000
3922454.12285714 1.77592815306122 130000
4204556.91755102 1.77592815306122 130000
4505987.46897959 1.72938923214286 130000
4828068.5522449 1.72938923214286 130000
5172212.82081633 1.59265443877551 130000
5539936.48367347 1.59265443877551 130000
5932849.53591837 1.39743764795918 130000
6352681.15918367 1.39743764795918 130000
6801273.86 1.19225201105442 130000
7280599.10081632 1.19225201105442 130000
7792763.16163265 1.19225201105442 130000
8340013.00163265 1.19225201105442 130000
0 4153294.71252391 140000
13975.9551020408 4153294.71252391 140000
28894.6669387755 4153294.71252391 140000
44824.3613265306 4153294.71252391 140000
61829.1291836735 10799793.2593191 140000
79985.466122449 10799793.2593191 140000
99367.8003061225 11504993.7286516 140000
120058.829693878 11504993.7286516 140000
142151.589489796 254231.024204149 140000
165734.98 254231.024204149 140000
190914.441122449 2534.8633107162 140000
217795.412755102 2534.8633107162 140000
246493.672040816 113.482308947279 140000
277131.198469388 113.482308947279 140000
309840.30877551 18.1985473554422 140000
344759.522040816 18.1985473554422 140000
382039.762040816 6.6578877855017 140000
421840.222346939 6.6578877855017 140000
464332.50122449 3.77166440221088 140000
509694.399285714 3.77166440221088 140000
558124.391632653 2.62033221577381 140000
609827.155714286 2.62033221577381 140000
665025.976020408 2.04629208503401 140000
723956.541734694 2.04629208503401 140000
786869.014183674 1.72568243452381 140000
854036.296632653 1.72568243452381 140000
925741.629591837 1.54344111415816 140000
1002295.13040816 1.54344111415816 140000
1084023.45602041 1.45389042304422 140000
1171276.00530612 1.45389042304422 140000
1264426.98653061 1.42612199893708 140000
1363875.41734694 1.42612199893708 140000
1470045.12479592 1.43195823511905 140000
1583393.01510204 1.43195823511905 140000
1704402.87132653 1.45173252317177 140000
1833591.55571429 1.45173252317177 140000
1971513.14459184 1.48056482206633 140000
2118758.92836735 1.48056482206633 140000
2275957.41153061 1.51796411267007 140000
2443782.58244898 1.51796411267007 140000
2622951.84591837 1.56474014583333 140000
2814232.2255102 1.56474014583333 140000
3018444.49846939 1.62378735012755 140000
3236459.06081633 1.62378735012755 140000
3469212.46693878 1.68518197045068 140000
3717697.09234694 1.68518197045068 140000
3982981.80816327 1.72780156972789 140000
4266197.50897959 1.72780156972789 140000
4568557.78734694 1.7411969162415 140000
4891356.86632653 1.7411969162415 140000
5235975.80183674 1.71667180272109 140000
5603892.81989796 1.71667180272109 140000
5996677.11428572 1.64412587946429 140000
6416015.72336735 1.64412587946429 140000
6863699.05795918 1.52959351318027 140000
7341643.64326531 1.52959351318027 140000
7851898.32122449 1.52959351318027 140000
8396642.18306122 1.52959351318027 140000
0 3653780.47617889 150000
14137.4502040816 3653780.47617889 150000
29230.0770408163 3653780.47617889 150000
45344.7637755102 3653780.47617889 150000
62548.3936734694 5688030.46036873 150000
80916.2104081633 5688030.46036873 150000
100525.547755102 1066327.48565433 150000
121462.099897959 1066327.48565433 150000
143813.651122449 13046.1550794705 150000
167678.43622449 13046.1550794705 150000
193156.780102041 842.516814616071 150000
220357.368061224 842.516814616071 150000
249399.335918367 120.810501877976 150000
280405.999693878 120.810501877976 150000
313509.035816327 25.9737895031888 150000
348850.57122449 25.9737895031888 150000
386583.183367347 8.34117051573129 150000
426867.810102041 8.34117051573129 150000
469875.839795918 4.03060938244048 150000
515795.381632653 4.03060938244048 150000
564818.725 2.6324443309949 150000
617159.060306123 2.6324443309949 150000
673037.938367347 2.03695248767007 150000
732697.811020408 2.03695248767007 150000
796393.670714286 1.73548574893707 150000
864397.230714286 1.73548574893707 150000
936999.015204082 1.57057669791667 150000
1014512.5394898 1.57057669791667 150000
1097268.03969388 1.47728847682823 150000
1185622.92326531 1.47728847682823 150000
1279951.31846939 1.42571956335034 150000
1380660.79520408 1.42571956335034 150000
1488181.9144898 1.4025803920068 150000
1602976.58887755 1.4025803920068 150000
1725535.99234694 1.40702185884354 150000
1856382.65040816 1.40702185884354 150000
1996080.89061224 1.44514009481293 150000
2145228.48214286 1.44514009481293 150000
2304464.99622449 1.52499070153061 150000
2474469.71602041 1.52499070153061 150000
2655974.1772449 1.64403943027211 150000
2849753.8077551 1.64403943027211 150000
3056642.55826531 1.77948239689626 150000
3277522.45183673 1.77948239689626 150000
3513344.48489796 1.8921258337585 150000
3765113.99653061 1.8921258337585 150000
4033915.74969388 1.94880243409864 150000
4320897.21040816 1.94880243409864 150000
4627289.44877551 1.95634421896259 150000
4954405.04887755 1.95634421896259 150000
5303646.46918367 1.95122782334184 150000
5676508.13265306 1.95122782334184 150000
6074591.05744898 1.9602109077381 150000
6499598.67673469 1.9602109077381 150000
6953353.5594898 1.97396203741497 150000
7437797.4105102 1.97396203741497 150000
7955009.88132653 1.97396203741497 150000
8507204.39 1.97396203741497 150000
0 3321890.96106729 160000
14666.4155102041 3321890.96106729 160000
30305.1412244898 3321890.96106729 160000
46982.4710204082 3321890.96106729 160000
64766.9085714286 24498099.5781508 160000
83731.3771428571 24498099.5781508 160000
103953.219591837 7165559.93501651 160000
125518.617959184 7165559.93501651 160000
148515.964081633 204976.089507451 160000
173038.069387755 204976.089507451 160000
199188.794285714 4478.05759511225 160000
227074.208979592 4478.05759511225 160000
256809.222857143 252.860455663265 160000
288519.794285714 252.860455663265 160000
322334.091428571 34.1625839982993 160000
358393.54122449 34.1625839982993 160000
396843.990204082 9.52663276870748 160000
437848.963265306 9.52663276870748 160000
481574.195102041 4.32359001530612 160000
528200.888979592 4.32359001530612 160000
577921.297142857 2.69368137585034 160000
630943.140408163 2.69368137585034 160000
687482.97877551 2.03838941496599 160000
747777.260408163 2.03838941496599 160000
812071.272653061 1.72839648129252 160000
880632.400816326 1.72839648129252 160000
953743.49877551 1.56784099659864 160000
1031707.30857143 1.56784099659864 160000
1114846.46040816 1.47968855442177 160000
1203501.26285714 1.47968855442177 160000
1298040.75183673 1.43514275170068 160000
1398856.06122449 1.43514275170068 160000
1506360.42285714 1.42309476020408 160000
1621000.2155102 1.42309476020408 160000
1743248.3355102 1.4351105255102 160000
1873610.82612245 1.4351105255102 160000
2012622.45795918 1.46542616326531 160000
2160862.19755102 1.46542616326531 160000
2318939.94857143 1.5107730170068 160000
2487509.81061225 1.5107730170068 160000
2667265.65959184 1.56496826190476 160000
2858952.19673469 1.56496826190476 160000
3063362.73877551 1.62044795068027 160000
3281337.00816327 1.62044795068027 160000
3513776.60163265 1.68331204081633 160000
3761644.99020408 1.68331204081633 160000
4025963.09959184 1.77821817176871 160000
4307824.77877551 1.77821817176871 160000
4608392.38040816 1.91401013095238 160000
4928905.6 1.91401013095238 160000
5270692.52489796 2.04340288945578 160000
5635165.21469388 2.04340288945578 160000
6023824.12081633 2.06928052040816 160000
6438277.97469388 2.06928052040816 160000
6880239.36816327 1.84467778401361 160000
7351531.38285714 1.84467778401361 160000
7854103.05877551 1.84467778401361 160000
8390029.39428571 1.84467778401361 160000
0 5348529.37011528 170000
14974.3962244898 5348529.37011528 170000
30936.0655102041 5348529.37011528 170000
47957.4682653061 5348529.37011528 170000
66102.0073469388 8607948.71661416 170000
85444.4075510204 8607948.71661416 170000
106068.45122449 13569005.342411 170000
128055.656326531 13569005.342411 170000
151498.862755102 2449203.31108081 170000
176488.646020408 2449203.31108081 170000
203133.696734694 17109.144676514 170000
231538.176734694 17109.144676514 170000
261824.362959184 494.944025841837 170000
294110.003571429 494.944025841837 170000
328533.22622449 42.2708122289541 170000
365229.894183673 42.2708122289541 170000
404353.985816327 9.34958627869898 170000
446066.272653061 9.34958627869898 170000
490536.58377551 4.15770368431122 170000
537948.334591837 4.15770368431122 170000
588493.998061224 2.70454699489796 170000
642381.897857143 2.70454699489796 170000
699833.943979592 2.0788353309949 170000
761083.368367347 2.0788353309949 170000
826383.782448979 1.74175762627551 170000
896004.648367347 1.74175762627551 170000
970226.750204082 1.56629588010204 170000
1049355.78030612 1.56629588010204 170000
1133720.07489796 1.48595257206633 170000
1223661.55653061 1.48595257206633 170000
1319551.58479592 1.45295855548469 170000
1421781.89877551 1.45295855548469 170000
1530771.41020408 1.44556155548469 170000
1646968.46785714 1.44556155548469 170000
1770850.85755102 1.45807701530612 170000
1902923.5377551 1.45807701530612 170000
2043727.69714286 1.48760840561224 170000
2193845.28336735 1.48760840561224 170000
2353889.9455102 1.52802300956633 170000
2524516.09163265 1.52802300956633 170000
2706425.68193878 1.57476846428571 170000
2900363.7 1.57476846428571 170000
3107127.21030612 1.63111397959184 170000
3327563.09387755 1.63111397959184 170000
3562574.84142857 1.69969190625 170000
3813127.08214286 1.69969190625 170000
4080247.84806122 1.76354764094388 170000
4365030.83846939 1.76354764094388 170000
4668646.74183673 1.79424896492347 170000
4992338.70704082 1.79424896492347 170000
5337435.92969388 1.78429037627551 170000
5705351.3877551 1.78429037627551 170000
6097597.6922449 1.74522025255102 170000
6515780.29408163 1.74522025255102 170000
6961617.86357143 1.62271215752551 170000
7436935.4972449 1.62271215752551 170000
7943682.83295918 1.62271215752551 170000
8483940.84306122 1.62271215752551 170000
0 5531659.0954459 180000
15193.6592857143 5531659.0954459 180000
31398.5514285714 5531659.0954459 180000
48676.4485714286 5531659.0954459 180000
67102.85 9778446.48472944 180000
86753.255 9778446.48472944 180000
107710.026428571 9949053.52850678 180000
130057.815 9949053.52850678 180000
153888.135 662670.157469387 180000
179303.94 662670.157469387 180000
206405.895714286 7373.59944627679 180000
235308.395 7373.59944627679 180000
266128.118571429 315.591528037202 180000
298997.762142857 315.591528037202 180000
334047.733571429 36.8780264821429 180000
371426.743571429 36.8780264821429 180000
411290.366428571 9.42223459523809 180000
453798.752142857 9.42223459523809 180000
499130.353571429 4.34970736458333 180000
547472.775 4.34970736458333 180000
599025.06 2.82041785565476 180000
654002.267142857 2.82041785565476 180000
712630.894285714 2.16513267261905 180000
775151.166428571 2.16513267261905 180000
841826.187142857 1.82152036160714 180000
912928.211428571 1.82152036160714 180000
988750.085 1.61854930208333 180000
1069609.82 1.61854930208333 180000
1155839.15571429 1.4973119389881 180000
1247794.99785714 1.4973119389881 180000
1345859.41857143 1.43635961160714 180000
1450435.08071429 1.43635961160714 180000
1561956.67714286 1.41677936755952 180000
1680881.77928571 1.41677936755952 180000
1807709.14 1.42798033482143 180000
1942955.815 1.42798033482143 180000
2087186.905 1.47152588244048 180000
2240994.965 1.47152588244048 180000
2405018.30714286 1.55092405803571 180000
2579936.425 1.55092405803571 180000
2766469.99357143 1.66653710565476 180000
2965390.02071429 1.66653710565476 180000
3177524.71071429 1.80376087053571 180000
3403743.44928571 1.80376087053571 180000
3644988.83357143 1.92032719196429 180000
3902253.79357143 1.92032719196429 180000
4176606.75857143 1.97441594791667 180000
4469177.93 1.97441594791667 180000
4781179.87214286 1.95998338244048 180000
5113902.93642857 1.95998338244048 180000
5468724.41285714 1.88646213988095 180000
5847108.53 1.88646213988095 180000
6250622.47 1.75879971130952 180000
6680934.08071429 1.75879971130952 180000
7139823.315 1.54754470238095 180000
7629189.09428571 1.54754470238095 180000
8151056.17214286 1.54754470238095 180000
8707579.71 1.54754470238095 180000
0 5049063.32068047 190000
15636.5392857143 5049063.32068047 190000
32297.9945918367 5049063.32068047 190000
50051.2602040816 5049063.32068047 190000
68963.2304081633 13256811.2322297 190000
89115.1339795918 13256811.2322297 190000
110585.810612245 9837408.42092957 190000
133461.267244898 9837408.42092957 190000
157834.678061224 1114331.92305169 190000
183803.995408163 1114331.92305169 190000
211471.949795918 12958.7898369141 190000
240950.828061224 12958.7898369141 190000
272360.084285714 473.264255001063 190000
305823.950714286 473.264255001063 190000
341478.605 59.8199213420493 190000
379467.392040816 59.8199213420493 190000
419943.213061224 14.3790461683673 190000
463068.525612245 14.3790461683673 190000
509015.343571429 5.39965796577381 190000
557970.015306122 5.39965796577381 190000
610128.445510204 2.9492963892432 190000
665700.873367347 2.9492963892432 190000
724911.87255102 2.0669338835034 190000
787997.962142857 2.0669338835034 190000
855212.384795918 1.68338175914116 190000
926827.495816326 1.68338175914116 190000
1003129.985 1.51842562691327 190000
1084425.65479592 1.51842562691327 190000
1171044.19846939 1.46046053380102 190000
1263332.03285714 1.46046053380102 190000
1361659.46561225 1.44225374085884 190000
1466423.08428571 1.44225374085884 190000
1578043.3672449 1.44194017389456 190000
1696971.85091837 1.44194017389456 190000
1823681.57346939 1.46821011734694 190000
1958688.57653061 1.46821011734694 190000
2102530.40346939 1.52447298979592 190000
2255785.21204082 1.52447298979592 190000
2419074.16346939 1.59699157185374 190000
2593049.47704082 1.59699157185374 190000
2778413.5427551 1.66400033439626 190000
2975909.365 1.66400033439626 190000
3186332.50795918 1.71022408673469 190000
3410528.70653061 1.71022408673469 190000
3649401.03357143 1.73675782461735 190000
3903905.12173469 1.73675782461735 190000
4175070.66520408 1.76070339073129 190000
4463984.69612245 1.76070339073129 190000
4771808.30816326 1.79095015965136 190000
5099779.04561224 1.79095015965136 190000
5449218.07061224 1.82050509034864 190000
5821530.16316327 1.82050509034864 190000
6218210.88836735 1.87623041943027 190000
6640856.1527551 1.87623041943027 190000
7091164.59336735 2.18533776466837 190000
7570949.52316327 2.18533776466837 190000
8082136.54193878 2.18533776466837 190000
8626785.03806122 2.18533776466837 190000
0 4183314.71150767 200000
15718.7498979592 4183314.71150767 200000
32461.1136734694 4183314.71150767 200000
50292.2742857143 4183314.71150767 200000
69284.6572448979 9525097.44290479 200000
89515.5164285714 9525097.44290479 200000
111062.105714286 6570172.61603143 200000
134011.335714286 6570172.61603143 200000
158454.945408163 373887.340144065 200000
184491.916326531 373887.340144065 200000
212221.23 7266.57544231399 200000
241756.353061224 7266.57544231399 200000
273215.580510204 394.447922815264 200000
306724.449897959 394.447922815264 200000
342413.327142857 49.1418000856718 200000
380424.649081633 49.1418000856718 200000
420912.923469388 12.032930181335 200000
464037.486428571 12.032930181335 200000
509969.745 4.96882757079082 200000
558890.762959184 4.96882757079082 200000
610998.503367347 2.91281822257653 200000
666498.171836735 2.91281822257653 200000
725611.873265306 2.10382024404762 200000
788573.783469388 2.10382024404762 200000
855637.391734694 1.73443002380952 200000
927063.429897959 1.73443002380952 200000
1003144.01418367 1.57032588860544 200000
1084176.08918367 1.57032588860544 200000
1170483.1555102 1.5038000397534 200000
1262410.44142857 1.5038000397534 200000
1360324.90285714 1.47585586373299 200000
1464612.80918367 1.47585586373299 200000
1575689.4 1.46524854421769 200000
1694001.29928571 1.46524854421769 200000
1820014.4444898 1.47138459438775 200000
1954230.98581633 1.47138459438775 200000
2097189.28622449 1.49838321513605 200000
2249454.26469388 1.49838321513605 200000
2411631.88132653 1.54348318388605 200000
2584369.13734694 1.54348318388605 200000
2768354.07510204 1.59252631930272 200000
2964318.1922449 1.59252631930272 200000
3173038.85591837 1.63256153188775 200000
3395351.37367347 1.63256153188775 200000
3632139.33673469 1.67069557482993 200000
3884341.86255102 1.67069557482993 200000
4152965.66571429 1.72790166879252 200000
4439080.22959184 1.72790166879252 200000
4743825.04887755 1.8173320852466 200000
5068407.21540816 1.8173320852466 200000
5414125.56 1.92090559438775 200000
5782353.75316327 1.92090559438775 200000
6174554.79020408 1.97325314370748 200000
6592293.06214286 1.97325314370748 200000
7037229.52734694 1.88924961096939 200000
7511136.19663265 1.88924961096939 200000
8015898.54744898 1.88924961096939 200000
8553525.18061224 1.88924961096939 200000
0 231488.260356958 20000
10233.05 231488.260356958 20000
21205.5478571429 231488.260356958 20000
32968.5878571429 231488.260356958 20000
45578.9414285714 44.4649352008929 20000
59099.0571428571 44.4649352008929 20000
73594.2221428572 116.925650721726 20000
89133.9814285714 116.925650721726 20000
105794.976428571 56.1170491517857 20000
123656.687142857 56.1170491517857 20000
142805.69 17.8639579166667 20000
163337.077142857 17.8639579166667 20000
185347.36 7.66089328422619 20000
208945.823571429 7.66089328422619 20000
234246.010714286 4.87226001488095 20000
261368.560714286 4.87226001488095 20000
290448.305714286 3.57604411309524 20000
321624.335714286 3.57604411309524 20000
355048.514285714 2.68598638690476 20000
390884.059285714 2.68598638690476 20000
429301.285 2.11435428125 20000
470490.375714286 2.11435428125 20000
514647.192857143 1.77615919345238 20000
561990.306428571 1.77615919345238 20000
612745.382857143 1.59004352678571 20000
667160.797142857 1.59004352678571 20000
725499.117142857 1.4824025327381 20000
788044.2 1.4824025327381 20000
855099.772857143 1.40614845089286 20000
926990.852142857 1.40614845089286 20000
1004063.74357143 1.34705885565476 20000
1086694.55785714 1.34705885565476 20000
1175283.53357143 1.30266773809524 20000
1270260.71428571 1.30266773809524 20000
1372085.94857143 1.27164747470238 20000
1481253.14785714 1.27164747470238 20000
1598291.70571429 1.25903948660714 20000
1723769.33642857 1.25903948660714 20000
1858293.49428571 1.27607387202381 20000
2002518.47 1.27607387202381 20000
2157142.55214286 1.32664479613095 20000
2322915.12357143 1.32664479613095 20000
2500640.91928571 1.40237847321429 20000
2691182.865 1.40237847321429 20000
2895462.07714286 1.49522637053571 20000
3114470.63642857 1.49522637053571 20000
3349271.58785714 1.60941973363095 20000
3601003.19857143 1.60941973363095 20000
3870884.635 1.75044942410714 20000
4160225.89785714 1.75044942410714 20000
4470429.24142857 1.88563047470238 20000
4803000.52785714 1.88563047470238 20000
5159552.06571429 1.94855805505952 20000
5541811.12571429 1.94855805505952 20000
5951634.13357143 1.90487362351191 20000
6391006.67 1.90487362351191 20000
6862059.08285714 1.90487362351191 20000
7367077.84142857 1.90487362351191 20000
0 5299734.1943578 210000
16260.307755102 5299734.1943578 210000
33575.96 5299734.1943578 210000
52019.4804081633 5299734.1943578 210000
71660.8918367347 9761690.85051532 210000
92580.2204081633 9761690.85051532 210000
114857.492244898 10487018.1476876 210000
138585.23755102 10487018.1476876 210000
163855.986530612 5745986.0566451 210000
190769.771836735 5745986.0566451 210000
219431.627755102 38408.9214749447 210000
249959.092653061 38408.9214749447 210000
282469.704897959 868.31009352551 210000
317093.506938775 868.31009352551 210000
353970.544489796 62.6797257933673 210000
393245.864897959 62.6797257933673 210000
435072.017959184 12.6494363715986 210000
479619.059183673 12.6494363715986 210000
527062.045714286 5.09971675340136 210000
577588.53877551 5.09971675340136 210000
631403.605306122 3.00522576955782 210000
688714.813061224 3.00522576955782 210000
749752.237142857 2.17487138860544 210000
814758.456734694 2.17487138860544 210000
883991.055918367 1.78069584523809 210000
957725.124489796 1.78069584523809 210000
1036253.25795918 1.59303563010204 210000
1119888.05836735 1.59303563010204 210000
1208959.63346939 1.51605737755102 210000
1303823.09918367 1.51605737755102 210000
1404853.57795918 1.49283625595238 210000
1512451.20040816 1.49283625595238 210000
1627046.10693878 1.49321137840136 210000
1749093.44612245 1.49321137840136 210000
1879073.37469388 1.51063894217687 210000
2017506.06244898 1.51063894217687 210000
2164936.68734694 1.54350904676871 210000
2321955.44204082 1.54350904676871 210000
2489182.52897959 1.58147977465986 210000
2667280.6644898 1.58147977465986 210000
2856960.08040816 1.61314636139456 210000
3058971.02163265 1.61314636139456 210000
3274116.25020408 1.64240070238095 210000
3503251.04530612 1.64240070238095 210000
3747283.20326531 1.69161468367347 210000
4007180.54 1.69161468367347 210000
4283975.89265306 1.79002180612245 210000
4578767.11959184 1.79002180612245 210000
4892724.60285714 1.96307829591837 210000
5227096.24979592 1.96307829591837 210000
5583207.49306122 2.20929929336735 210000
5962471.29387755 2.20929929336735 210000
6366395.64448979 2.43359646768707 210000
6796578.56653061 2.43359646768707 210000
7254733.11918367 2.36205228061224 210000
7742677.39591837 2.36205228061224 210000
8262344.5277551 2.36205228061224 210000
8815797.68816326 2.36205228061224 210000
0 5646338.39694898 220000
16479.0367346939 5646338.39694898 220000
34026.1591836735 5646338.39694898 220000
52710.03 5646338.39694898 220000
72604.3979591837 11007116.462208 220000
93788.0979591837 11007116.462208 220000
116345.051020408 4739003.41320221 220000
140361.72122449 4739003.41320221 220000
165937.287959184 219583.888912574 220000
193168.38755102 219583.888912574 220000
222164.371632653 6955.88873867517 220000
253039.677959184 6955.88873867517 220000
285916.373469388 412.456556938775 220000
320924.154285714 412.456556938775 220000
358197.802653061 53.2355377079082 220000
397887.359183673 53.2355377079082 220000
440150.493673469 13.5030405289116 220000
485149.962040816 13.5030405289116 220000
533068.864693878 5.48537246513605 220000
584090.302040816 5.48537246513605 220000
638417.718979592 3.10067508035714 220000
696264.732653061 3.10067508035714 220000
757862.761632653 2.18883928613946 220000
823450.853673469 2.18883928613946 220000
893290.944081633 1.79967674617347 220000
967655.140408163 1.79967674617347 220000
1046835.89469388 1.6284068707483 220000
1131151.08959184 1.6284068707483 220000
1220928.78 1.54383948894558 220000
1316522.45142857 1.54383948894558 220000
1418313.56306122 1.4927133622449 220000
1526698.83244898 1.4927133622449 220000
1642108.03693878 1.46514234013605 220000
1764993.84142857 1.46514234013605 220000
1895844.51367347 1.46656221598639 220000
2035176.29510204 1.46656221598639 220000
2183533.40081633 1.50046969897959 220000
2341505.82102041 1.50046969897959 220000
2509714.06265306 1.56326741709184 220000
2688821.86469388 1.56326741709184 220000
2879536.19816327 1.64573147534014 220000
3082609.80918367 1.64573147534014 220000
3298841.21897959 1.73484457908163 220000
3529084.89612245 1.73484457908163 220000
3774248.71346939 1.81543842772109 220000
4035296.49122449 1.81543842772109 220000
4313263.25530612 1.89242960629252 220000
4609242.52204082 1.89242960629252 220000
4924399.01346939 2.00650179634354 220000
5259978.82959184 2.00650179634354 220000
5617304.3622449 2.17469880612245 220000
5997784.46734694 2.17469880612245 220000
6402919.55102041 2.29703064710884 220000
6834306.65571429 2.29703064710884 220000
7293647.08938776 2.15954639965986 220000
7782754.05469388 2.15954639965986 220000
8303555.19204082 2.15954639965986 220000
8858105.29489796 2.15954639965986 220000
0 7420955.13734124 230000
17071.8435714286 7420955.13734124 230000
35239.0221428571 7420955.13734124 230000
54578.4478571429 7420955.13734124 230000
75161.7285714286 11537529.721457 230000
97071.0807142857 11537529.721457 230000
120388.720714286 10419679.6777078 230000
145207.473571429 10419679.6777078 230000
171625.468571429 2552270.406151 230000
199743.487142857 2552270.406151 230000
229670.267142857 20976.8327674881 230000
261522.502857143 20976.8327674881 230000
295427.497142857 630.865475592262 230000
331512.552857143 630.865475592262 230000
369920.885714286 65.7846354761905 230000
410801.015714286 65.7846354761905 230000
454314.723571429 15.26982853125 230000
500626.442142857 15.26982853125 230000
549919.169285714 5.97723933779762 230000
602386.511428571 5.97723933779762 230000
658230.031428571 3.34833035714286 230000
717667.205 3.34833035714286 230000
780931.420714286 2.31571301041667 230000
848266.675714286 2.31571301041667 230000
919935.532142857 1.82064634375 230000
996219.117142857 1.82064634375 230000
1077409.16642857 1.58287621130952 230000
1163829.24142857 1.58287621130952 230000
1255808.20785714 1.4866200014881 230000
1353709.40928571 1.4866200014881 230000
1457912.10214286 1.46734223809524 230000
1568822.06428571 1.46734223809524 230000
1686868.94285714 1.49018381845238 230000
1812516.86285714 1.49018381845238 230000
1946251.16642857 1.53573437202381 230000
2088591.67357143 1.53573437202381 230000
2240095.33428571 1.5940373125 230000
2401350.92428571 1.5940373125 230000
2572984.34928571 1.66088236309524 230000
2755663.94928571 1.66088236309524 230000
2950105.80285714 1.73547940625 230000
3157060.46642857 1.73547940625 230000
3377334.19142857 1.81577855654762 230000
3611788.92428571 1.81577855654762 230000
3861331.69785714 1.8862316264881 230000
4126938.50071429 1.8862316264881 230000
4409641.01642857 1.91785843005952 230000
4710537.23214286 1.91785843005952 230000
5030804.69928571 1.89262439583333 230000
5371684.62071429 1.89262439583333 230000
5734503.06785714 1.8286248735119 230000
6120676.285 1.8286248735119 230000
6531705.385 1.75857515029762 230000
6969192.26214286 1.75857515029762 230000
7434836.94 1.65795948065476 230000
7930450.83214286 1.65795948065476 230000
8457967.35071428 1.65795948065476 230000
9019436.60214286 1.65795948065476 230000
0 6122201.89689976 240000
17166.1204081633 6122201.89689976 240000
35428.6367346939 6122201.89689976 240000
54857.4173469388 6122201.89689976 240000
75525.0178571429 8734565.85336204 240000
97517.4301020408 8734565.85336204 240000
120909.896938775 357524.040488583 240000
145799.159183673 357524.040488583 240000
172279.270408163 33844.7905977392 240000
200449.658673469 33844.7905977392 240000
230420.501020408 4551.35803092474 240000
262304.661734694 4551.35803092474 240000
296225.754081633 486.802715732355 240000
332312.765816326 486.802715732355 240000
370708.120918367 61.2035981026786 240000
411551.556122449 61.2035981026786 240000
455006.993367347 13.7877665082908 240000
501238.354591837 13.7877665082908 240000
550422.997959184 5.61368258397109 240000
602749.030612245 5.61368258397109 240000
658415.308673469 3.3060558152636 240000
717639.498979592 3.3060558152636 240000
780647.330102041 2.3445987797619 240000
847677.966836735 2.3445987797619 240000
918992.071938775 1.86054759566327 240000
994861.057142857 1.86054759566327 240000
1075577.83214286 1.61825887755102 240000
1161448.74285714 1.61825887755102 240000
1252807.00765306 1.51358509034864 240000
1349999.28112245 1.51358509034864 240000
1453399.09030612 1.4829504985119 240000
1563406.83469388 1.4829504985119 240000
1680439.0372449 1.48569372767857 240000
1804949.84234694 1.48569372767857 240000
1937412.20510204 1.5013245355017 240000
2078336.70204082 1.5013245355017 240000
2228260.78214286 1.53000527636054 240000
2387764.89030612 1.53000527636054 240000
2557456.34387755 1.58303917410714 240000
2737988.14336735 1.58303917410714 240000
2930050.91071429 1.66059977997449 240000
3134383.63826531 1.66059977997449 240000
3351768.31428571 1.74252156037415 240000
3583037.98469388 1.74252156037415 240000
3829082.12755102 1.80694825680272 240000
4090841.27857143 1.80694825680272 240000
4369323.15459184 1.85258103422619 240000
4665594.59183673 1.85258103422619 240000
4980789.60765306 1.90484234906463 240000
5316117.4622449 1.90484234906463 240000
5672868.03316327 1.98895311437075 240000
6052406.44081633 1.98895311437075 240000
6456189.17193878 2.06418477465986 240000
6885764.07959184 2.06418477465986 240000
7342781.13214286 1.9783776860119 240000
7828989.72602041 1.9783776860119 240000
8346257.49642857 1.9783776860119 240000
8896564.94285714 1.9783776860119 240000
0 5679782.24251037 250000
17607.1848979592 5679782.24251037 250000
36340.6995918367 5679782.24251037 250000
56266.7987755102 5679782.24251037 250000
77462.7795918367 12091056.6986843 250000
100011.460408163 12091056.6986843 250000
123998.420204082 14875156.1109971 250000
149517.519795918 14875156.1109971 250000
176662.62 7423972.42026106 250000
205538.624081633 7423972.42026106 250000
236255.956530612 65042.7513535561 250000
268933.323673469 65042.7513535561 250000
303694.953061224 1746.52510675638 250000
340673.354081633 1746.52510675638 250000
380012.078571429 119.815718820153 250000
421857.438979592 119.815718820153 250000
466375.072040816 19.2606708558673 250000
513730.614489796 19.2606708558673 250000
564106.266734694 6.29775595790816 250000
617695.271632653 6.29775595790816 250000
674701.914489796 3.28425437755102 250000
735344.283673469 3.28425437755102 250000
799857.03122449 2.23596939030612 250000
868483.091020408 2.23596939030612 250000
941484.72122449 1.79341449107143 250000
1019143.50428571 1.79341449107143 250000
1101757.58632653 1.61056994005102 250000
1189638.91653061 1.61056994005102 250000
1283127.05020408 1.55310319515306 250000
1382578.10632653 1.55310319515306 250000
1488373.04938775 1.54663876147959 250000
1600914.92877551 1.54663876147959 250000
1720634.4 1.55688178316327 250000
1847992.48530612 1.55688178316327 250000
1983472.29183673 1.57475674744898 250000
2127592.81469388 1.57475674744898 250000
2280908.93693878 1.59452388137755 250000
2444000.38714286 1.59452388137755 250000
2617496.58489796 1.61090926530612 250000
2802057.31653061 1.61090926530612 250000
2998392.05938776 1.62737516709184 250000
3207248.93938776 1.62737516709184 250000
3429428.53408163 1.65552190943878 250000
3665778.35142857 1.65552190943878 250000
3917201.11163265 1.69911657780612 250000
4184663.02897959 1.69911657780612 250000
4469185.53 1.74378673469388 250000
4771856.29591837 1.74378673469388 250000
5093829.26265306 1.77001830229592 250000
5436341.1844898 1.77001830229592 250000
5800700.59163265 1.77238782780612 250000
6188298.83265306 1.77238782780612 250000
6600618.35632653 1.76740147193878 250000
7039238.23285714 1.76740147193878 250000
7505836.9144898 1.7627371875 250000
8002194.99612245 1.7627371875 250000
8530211.77897959 1.7627371875 250000
9091908.03122449 1.7627371875 250000
0 7849189.54617827 260000
18108.0621428571 7849189.54617827 260000
37360.9692857143 7849189.54617827 260000
57827.5842857143 7849189.54617827 260000
79585.3778571429 9694744.16482661 260000
102714.69 9694744.16482661 260000
127307.337857143 16807820.6965431 260000
153449.4 16807820.6965431 260000
181241.301428571 5651147.79363678 260000
210789.205714286 5651147.79363678 260000
242202.145714286 60062.1843467054 260000
275594.892857143 60062.1843467054 260000
311096.565 1358.03788406696 260000
348839.149285714 1358.03788406696 260000
388963.240714286 99.5543989375 260000
431620.911428571 99.5543989375 260000
476969.972142857 18.4379463125 260000
525179.710714286 18.4379463125 260000
576433.761428571 6.60592661160714 260000
630921.497142857 6.60592661160714 260000
688849.506428571 3.58772496875 260000
750432.985714286 3.58772496875 260000
815901.477857143 2.45984462053571 260000
885504.610714286 2.45984462053571 260000
959497.750714286 1.92589445982143 260000
1038162.08785714 1.92589445982143 260000
1121790.28928571 1.65291779017857 260000
1210697.97642857 1.65291779017857 260000
1305215.11714286 1.52315434375 260000
1405697.50285714 1.52315434375 260000
1512521.01 1.47661811607143 260000
1626087.33857143 1.47661811607143 260000
1746821.14285714 1.47613392410714 260000
1875175.77 1.47613392410714 260000
2011627.52142857 1.50241179910714 260000
2156695.73785714 1.50241179910714 260000
2310914.10642857 1.55227161607143 260000
2474870.83071429 1.55227161607143 260000
2649171.33 1.62371085267857 260000
2834472.67071429 1.62371085267857 260000
3031469.22 1.70602348660714 260000
3240898.38428571 1.70602348660714 260000
3463546.34785714 1.79204825892857 260000
3700245.20357143 1.79204825892857 260000
3951881.56071429 1.8892453125 260000
4219399.41428571 1.8892453125 260000
4503803.01428571 1.99995191964286 260000
4806153.99642857 1.99995191964286 260000
5127585.72857143 2.08633535267857 260000
5469303.31071429 2.08633535267857 260000
5832589.31357143 2.07617927678571 260000
6218800.90928571 2.07617927678571 260000
6629389.95642857 1.93628964285714 260000
7065888.65357143 1.93628964285714 260000
7529938.23214286 1.66909338839286 260000
8023274.61 1.66909338839286 260000
8547742.73785714 1.66909338839286 260000
9105313.815 1.66909338839286 260000
0 5371967.24721162 270000
18427.5379591837 5371967.24721162 270000
38010.6563265306 5371967.24721162 270000
58819.9248979592 5371967.24721162 270000
80931.7942857143 12022513.6522572 270000
104431.536326531 12022513.6522572 270000
129401.48244898 8104637.89006101 270000
155938.666122449 8104637.89006101 270000
184140.120816327 4515945.2563741 270000
214105.820408163 4515945.2563741 270000
245950.440816327 42413.3714498401 270000
279791.598367347 42413.3714498401 270000
315752.790204082 1465.54725921088 270000
353969.275102041 1465.54725921088 270000
394579.252244898 118.110278346939 270000
437732.68244898 118.110278346939 270000
483594.228571429 19.8048496462585 270000
532328.553469388 19.8048496462585 270000
584115.022040816 6.56802646938776 270000
639147.70122449 6.56802646938776 270000
697629.479183673 3.50626521088435 270000
759777.946122449 3.50626521088435 270000
825819.513469388 2.41754233333333 270000
895998.235102041 2.41754233333333 270000
970578.747755102 1.91666218027211 270000
1049828.62857143 1.91666218027211 270000
1134047.79918367 1.66745646258503 270000
1223545.00244898 1.66745646258503 270000
1318652.5044898 1.54726727891156 270000
1419717.27346939 1.54726727891156 270000
1527115.68163265 1.50317340816327 270000
1641247.6244898 1.50317340816327 270000
1762527.69959184 1.51072045578231 270000
1891411.67020408 1.51072045578231 270000
2028372.94204082 1.55166563945578 270000
2173914.32489796 1.55166563945578 270000
2328579.79428571 1.60926701020408 270000
2492936.84897959 1.60926701020408 270000
2667594.15346939 1.66871226190476 270000
2853195.65714286 1.66871226190476 270000
3050429.4155102 1.72208679591837 270000
3260024.64979592 1.72208679591837 270000
3482751.74693878 1.77263731292517 270000
3719439.90204082 1.77263731292517 270000
3970962.41632653 1.82214643537415 270000
4238245.51836735 1.82214643537415 270000
4522277.18530612 1.86282820748299 270000
4824113.02367347 1.86282820748299 270000
5144861.56734694 1.9002081462585 270000
5485710.74122449 1.9002081462585 270000
5847921.98040816 1.97140277891156 270000
6232833.17061225 1.97140277891156 270000
6641864.52897959 2.12721990816327 270000
7076530.36571429 2.12721990816327 270000
7538436.14367347 2.3863556292517 270000
8029290.24 2.3863556292517 270000
8550903.94612245 2.3863556292517 270000
9105209.11020408 2.3863556292517 270000
0 4069412.23746239 280000
19004.556122449 4069412.23746239 280000
39183.6030612245 4069412.23746239 280000
60601.8765306122 4069412.23746239 280000
83345.6908163265 9868757.46252848 280000
107489.029591837 9868757.46252848 280000
133121.289795918 25116887.0659256 280000
160331.868367347 25116887.0659256 280000
189222.492857143 10243269.6322076 280000
219894.890816326 10243269.6322076 280000
252456.955102041 105960.224643827 280000
287025.826530612 105960.224643827 280000
323727.893877551 2923.79184956633 280000
362689.545918367 2923.79184956633 280000
404055.667346939 191.130648679847 280000
447974.225510204 191.130648679847 280000
494596.270408163 28.764691690051 280000
544094.430612245 28.764691690051 280000
596644.417346939 8.32855148596939 280000
652434.27244898 8.32855148596939 280000
711664.368367347 3.81617035714286 280000
774544.325510204 3.81617035714286 280000
841302.260204082 2.40381432397959 280000
912175.536734694 2.40381432397959 280000
987416.932653061 1.85547456632653 280000
1067300.80408163 1.85547456632653 280000
1152107.67244898 1.62097457908163 280000
1242142.72040816 1.62097457908163 280000
1337726.54387755 1.52543802295918 280000
1439207.48265306 1.52543802295918 280000
1546943.1244898 1.4946500255102 280000
1661318.80102041 1.4946500255102 280000
1782750.67040816 1.49478489158163 280000
1911664.13877551 1.49478489158163 280000
2048527.76938776 1.51790478954082 280000
2193831.70408163 1.51790478954082 280000
2348090.74591837 1.56761899234694 280000
2511859.77244898 1.56761899234694 280000
2685727.57040816 1.64272012755102 280000
2870313.75306122 1.64272012755102 280000
3066281.09081633 1.72902156887755 280000
3274329.34591837 1.72902156887755 280000
3495201.4377551 1.79953725765306 280000
3729695.77346939 1.79953725765306 280000
3978644.66938776 1.83227117984694 280000
4242942.09489796 1.83227117984694 280000
4523534.4244898 1.83805757653061 280000
4821423.52040816 1.83805757653061 280000
5137682.14591837 1.85156987244898 280000
5473435.46938776 1.85156987244898 280000
5829888.80816326 1.88077801020408 280000
6208321.46326531 1.88077801020408 280000
6610083.63673469 1.88606989795918 280000
7036614.92755102 1.88606989795918 280000
7489441.24897959 1.81125133928571 280000
7970187.15918367 1.81125133928571 280000
8480572.77857143 1.81125133928571 280000
9022423.0377551 1.81125133928571 280000
0 5984014.45481112 290000
19212.9495918367 5984014.45481112 290000
39613.8802040816 5984014.45481112 290000
61277.4293877551 5984014.45481112 290000
84275.1247959184 10449335.6033021 290000
108697.153469388 10449335.6033021 290000
134627.482653061 15173298.1659908 290000
162159.409285714 15173298.1659908 290000
191392.450102041 11486941.3795095 290000
222429.231734694 11486941.3795095 290000
255387.930306122 371277.857439435 290000
290380.502142857 371277.857439435 290000
327534.453061224 4514.42413537181 290000
366983.508673469 4514.42413537181 290000
408873.834183673 198.325572385842 290000
453348.484897959 198.325572385842 290000
500572.285408163 27.7156956862245 290000
550713.170204082 27.7156956862245 290000
603951.513367347 8.0965091945153 290000
660480.128571428 8.0965091945153 290000
720501.159183673 3.77149635522959 290000
784229.188163265 3.77149635522959 290000
851894.347959184 2.41536703954082 290000
923742.320510204 2.41536703954082 290000
1000028.11744898 1.8814947442602 290000
1081028.51969388 1.8814947442602 290000
1167032.7477551 1.64231767538265 290000
1258348.68153061 1.64231767538265 290000
1355309.08010204 1.54084429655612 290000
1458259.14214286 1.54084429655612 290000
1567568.9455102 1.51777922002551 290000
1683633.4472449 1.51777922002551 290000
1806866.26377551 1.53311490433673 290000
1937715.22040816 1.53311490433673 290000
2076646.80183673 1.55755999808673 290000
2224164.81153061 1.55755999808673 290000
2380794.8222449 1.58572401147959 290000
2547102.83540816 1.58572401147959 290000
2723685.95142857 1.6318606434949 290000
2911178.5894898 1.6318606434949 290000
3110255.59744898 1.70780046428571 290000
3321632.25183673 1.70780046428571 290000
3546067.3677551 1.80499773341837 290000
3784369.51867347 1.80499773341837 290000
4037393.92653061 1.90005694770408 290000
4306051.79142857 1.90005694770408 290000
4591310.29163265 1.97222601721939 290000
4894189.47367347 1.97222601721939 290000
5215784.02163265 2.00824900191326 290000
5557247.70765306 2.00824900191326 290000
5919805.83153061 2.01121636288265 290000
6304767.66030612 2.01121636288265 290000
6713510.87877551 1.99743562755102 290000
7147509.57857143 1.99743562755102 290000
7608321.81857143 1.95425987755102 290000
8097602.06448979 1.95425987755102 290000
8617113.62846939 1.95425987755102 290000
9168722.44928571 1.95425987755102 290000
0 6520614.63694493 300000
19518.7068367347 6520614.63694493 300000
40244.918877551 6520614.63694493 300000
62254.302244898 6520614.63694493 300000
85628.8285714286 17869828.0240865 300000
110447.316734694 17869828.0240865 300000
136804.349387755 11791854.8710492 300000
164791.356428571 11791854.8710492 300000
194512.37877551 9543176.32618416 300000
226071.457346939 9543176.32618416 300000
259585.244081633 144223.512031936 300000
295176.696428571 144223.512031936 300000
332968.771836735 2421.30033850255 300000
373100.191530612 2421.30033850255 300000
415715.982244898 151.767502444515 300000
460973.781734694 151.767502444515 300000
509028.075 25.4963436466837 300000
560061.721836735 25.4963436466837 300000
614251.276530612 8.03095395727041 300000
671798.515408163 8.03095395727041 300000
732908.36755102 3.88033216071429 300000
797801.525816326 3.88033216071429 300000
866708.141326531 2.49742868112245 300000
939883.587244898 2.49742868112245 300000
1017589.5422449 1.91967974043367 300000
1100106.60153061 1.91967974043367 300000
1187734.27683673 1.66137057397959 300000
1280781.53816327 1.66137057397959 300000
1379592.03581633 1.55962197130102 300000
1484522.03112245 1.55962197130102 300000
1595943.54918367 1.53782198341837 300000
1714266.44816327 1.53782198341837 300000
1839913.1972449 1.55751356632653 300000
1973340.94591837 1.55751356632653 300000
2115025.76020408 1.59899200063775 300000
2265484.69193878 1.59899200063775 300000
2425256.8622449 1.64852309693878 300000
2594919.22530612 1.64852309693878 300000
2775089.72112245 1.69313458163265 300000
2966408.35897959 1.69313458163265 300000
3169575.0505102 1.73000211160714 300000
3385321.23489796 1.73000211160714 300000
3614419.33714286 1.77355610969388 300000
3857704.83734694 1.77355610969388 300000
4116051.04867347 1.8354683380102 300000
4390391.18663265 1.8354683380102 300000
4681712.06357143 1.90465817602041 300000
4991073.00520408 1.90465817602041 300000
5319583.78132653 1.95690852359694 300000
5668432.98061224 1.95690852359694 300000
6038878.55234694 1.97091857908163 300000
6432260.41744898 1.97091857908163 300000
6849994.16295918 1.93855029336735 300000
7293589.95857143 1.93855029336735 300000
7764646.25112245 1.84825670089286 300000
8264868.68112245 1.84825670089286 300000
8796057.47173469 1.84825670089286 300000
9360132.65081633 1.84825670089286 300000
0 2586316.24524078 30000
10409.0647959184 2586316.24524078 30000
21562.9851020408 2586316.24524078 30000
33515.5883673469 2586316.24524078 30000
46323.6116326531 2639.0316711031 30000
60046.7015306122 2639.0316711031 30000
74753.2334693877 267.38940761926 30000
90510.1280612245 267.38940761926 30000
107395.944285714 75.1972614302721 30000
125489.241122449 75.1972614302721 30000
144877.306326531 20.6562229294218 30000
165653.246836735 20.6562229294218 30000
187915.98877551 8.0916779460034 30000
211770.27744898 8.0916779460034 30000
237332.496530612 4.75771304740646 30000
264723.394081633 4.75771304740646 30000
294073.901734694 3.47571354506803 30000
325525.134693878 3.47571354506803 30000
359225.482142857 2.72933656079932 30000
395337.88122449 2.72933656079932 30000
434033.997857143 2.193795875 30000
475500.045918367 2.193795875 30000
519932.422857143 1.83770123490646 30000
567543.528877551 1.83770123490646 30000
618561.766938776 1.61327168707483 30000
673230.087959184 1.61327168707483 30000
731808.900408163 1.46947117219388 30000
794580.434693878 1.46947117219388 30000
861844.37877551 1.37288181568878 30000
933919.332959183 1.37288181568878 30000
1011151.53867347 1.30940118962585 30000
1093910.51408163 1.30940118962585 30000
1182591.96367347 1.27629245918367 30000
1277617.77826531 1.27629245918367 30000
1379441.85418367 1.27237966432823 30000
1488553.00285714 1.27237966432823 30000
1605470.58642857 1.29076161692177 30000
1730753.24653061 1.29076161692177 30000
1865000.35908163 1.32002423065476 30000
2008854.94387755 1.32002423065476 30000
2163000.755 1.35092045897109 30000
2328175.37397959 1.35092045897109 30000
2505170.20979592 1.38045887776361 30000
2694827.58928571 1.38045887776361 30000
2898056.75989796 1.42009903571429 30000
3115826.61571429 1.42009903571429 30000
3349178.79061224 1.49456943261054 30000
3599227.65826531 1.49456943261054 30000
3867167.60612245 1.61888477465986 30000
4154278.85459184 1.61888477465986 30000
4461933.27622449 1.79234494132653 30000
4791601.66969388 1.79234494132653 30000
5144856.66938775 2.00171432057823 30000
5523388.74816327 2.00171432057823 30000
5929006.21734694 2.19966658269558 30000
6363645.41030612 2.19966658269558 30000
6829383.77561224 2.19966658269558 30000
7328447.15102041 2.19966658269558 30000
0 4510192.20714398 40000
10828.7412244898 4510192.20714398 40000
22427.7085714286 4510192.20714398 40000
34854.6310204082 4510192.20714398 40000
48167.2375510204 4792949.90890113 40000
62429.333877551 4792949.90890113 40000
77707.7640816327 48013.5349815731 40000
94073.9297959184 48013.5349815731 40000
111608.347755102 439.016119158163 40000
130391.534693878 439.016119158163 40000
150513.12244898 32.4534093061225 40000
172068.819591837 32.4534093061225 40000
195161.930612245 10.3393362040816 40000
219900.31755102 10.3393362040816 40000
246402.476734694 6.03770749829932 40000
274794.500408163 6.03770749829932 40000
305208.55755102 3.99808631292517 40000
337790.489795918 3.99808631292517 40000
372695.253877551 2.81625319897959 40000
410088.440816327 2.81625319897959 40000
450146.275918367 2.15279720408163 40000
493060.176326531 2.15279720408163 40000
539032.193469388 1.78699043537415 40000
588281.089795918 1.78699043537415 40000
641039.300408163 1.58693926530612 40000
697559.009795918 1.58693926530612 40000
758106.075102041 1.47138952210884 40000
822970.660408163 1.47138952210884 40000
892456.60244898 1.39162921428571 40000
966896.60244898 1.39162921428571 40000
1046641.59183673 1.32998200680272 40000
1132071.36653061 1.32998200680272 40000
1223590.02938776 1.29294873979592 40000
1321632.06693878 1.29294873979592 40000
1426662.34938775 1.28929636904762 40000
1539177.64979592 1.28929636904762 40000
1659714.24 1.31280573639456 40000
1788840.29469388 1.31280573639456 40000
1927171.08326531 1.3502029744898 40000
2075362.89306122 1.3502029744898 40000
2234116.0677551 1.40026957142857 40000
2404184.12244898 1.40026957142857 40000
2586375.26285714 1.47428546598639 40000
2781550.86612245 1.47428546598639 40000
2990639.15346939 1.57654235204082 40000
3214630.63265306 1.57654235204082 40000
3454587.21306122 1.69028489965986 40000
3711646.76326531 1.69028489965986 40000
3987029.1877551 1.76968440136054 40000
4282039.46530612 1.76968440136054 40000
4598076.76408163 1.74609907482993 40000
4936640.51836735 1.74609907482993 40000
5299336.50530612 1.59991879081633 40000
5687884.44081633 1.59991879081633 40000
6104125.5755102 1.37452257312925 40000
6550036.36734694 1.37452257312925 40000
7027728.48163265 1.37452257312925 40000
7539470.05959184 1.37452257312925 40000
0 4997081.00704993 50000
11241.1530612245 4997081.00704993 50000
23273.1730612245 4997081.00704993 50000
36153.4616326531 4997081.00704993 50000
49942.6093877551 4496924.60509557 50000
64704.3959183673 4496924.60509557 50000
80505.7897959184 26512.198442548 50000
97421.7320408163 26512.198442548 50000
115530.352653061 254.549682595663 50000
134914.565102041 254.549682595663 50000
155665.255306122 26.0770634362245 50000
177879.687142857 26.0770634362245 50000
201659.907959184 10.0083898847789 50000
227115.93755102 10.0083898847789 50000
254367.362653061 6.04855752295918 50000
283540.147959184 6.04855752295918 50000
314768.230612245 4.11686967559524 50000
348198.303673469 4.11686967559524 50000
383985.032653061 3.02318919345238 50000
422294.244489796 3.02318919345238 50000
463304.522040816 2.32302547108844 50000
507205.609591837 2.32302547108844 50000
554201.601836735 1.86458307993197 50000
604510.943877551 1.86458307993197 50000
658366.43122449 1.60967731122449 50000
716018.39877551 1.60967731122449 50000
777733.126326531 1.4864631122449 50000
843800.811020408 1.4864631122449 50000
914524.405918367 1.42017219897959 50000
990235.564897959 1.42017219897959 50000
1071281.88673469 1.37203853826531 50000
1158042.86 1.37203853826531 50000
1250920.29612245 1.33345520705782 50000
1350343.11285714 1.33345520705782 50000
1456776.90122449 1.31018894345238 50000
1570712.76408163 1.31018894345238 50000
1692681.66653061 1.31306566879252 50000
1823248.05795918 1.31306566879252 50000
1963017.8444898 1.34384928741497 50000
2112641.57795918 1.34384928741497 50000
2272812.86142857 1.39309576913265 50000
2444276.32163265 1.39309576913265 50000
2627826.0144898 1.45288249277211 50000
2824314.99204082 1.45288249277211 50000
3034656.89693878 1.52006698469388 50000
3259825.96244898 1.52006698469388 50000
3500868.17387755 1.59174926658163 50000
3758902.86306122 1.59174926658163 50000
4035127.49183673 1.66116936607143 50000
4330824.03 1.66116936607143 50000
4647366.9277551 1.7186839417517 50000
4986224.71020408 1.7186839417517 50000
5348969.54428571 1.77438810714286 50000
5737286.80571429 1.77438810714286 50000
6152978.26795918 1.9531138039966 50000
6597973.26367347 1.9531138039966 50000
7074339.84612245 1.9531138039966 50000
7584286.38367347 1.9531138039966 50000
0 4242532.83544676 60000
11174.066122449 4242532.83544676 60000
23143.5848979592 4242532.83544676 60000
35963.577755102 4242532.83544676 60000
49695.3542857143 5166402.23040734 60000
64401.796122449 5166402.23040734 60000
80155.2171428571 24475.5603634005 60000
97027.9312244898 24475.5603634005 60000
115098.540408163 616.555531517432 60000
134455.078979592 616.555531517432 60000
155188.725306122 76.2218465671769 60000
177393.801836735 76.2218465671769 60000
201178.779387755 18.2574134838435 60000
226655.272857143 18.2574134838435 60000
253941.185306122 7.51800682185374 60000
283166.996122449 7.51800682185374 60000
314469.472857143 4.43390837159864 60000
347999.531428571 4.43390837159864 60000
383911.231836735 3.00655426190476 60000
422375.926530612 3.00655426190476 60000
463574.400204082 2.20904813052721 60000
507701.585918367 2.20904813052721 60000
554966.565102041 1.78713857610544 60000
605590.995510204 1.78713857610544 60000
659813.827346939 1.58193484821429 60000
717891.303265306 1.58193484821429 60000
780095.386326531 1.4732184005102 60000
846723.192244898 1.4732184005102 60000
918087.557142857 1.39136092517007 60000
994523.325714286 1.39136092517007 60000
1076392.06734694 1.32636686267007 60000
1164082.07612245 1.32636686267007 60000
1258005.22673469 1.29122847534014 60000
1358603.26265306 1.29122847534014 60000
1466354.08428571 1.29528303061224 60000
1581763.88877551 1.29528303061224 60000
1705376.6022449 1.34042680272109 60000
1837777.02387755 1.34042680272109 60000
1979589.25387755 1.41821007227891 60000
2131481.40959184 1.41821007227891 60000
2294170.34163265 1.51427159141156 60000
2468424.77795918 1.51427159141156 60000
2655066.89591837 1.61497718112245 60000
2854973.89428571 1.61497718112245 60000
3069093.71367347 1.7045867827381 60000
3298432.46020408 1.7045867827381 60000
3544073.27 1.7572370497449 60000
3807176.30918367 1.7572370497449 60000
4088981.91795918 1.75092923596939 60000
4390818.47081633 1.75092923596939 60000
4714111.80877551 1.69069714710884 60000
5060385.23938776 1.69069714710884 60000
5431273.68510204 1.60504384821429 60000
5828526.82734694 1.60504384821429 60000
6254018.53877551 1.49313746768707 60000
6709754.74346939 1.49313746768707 60000
7197889.13734694 1.49313746768707 60000
7720720.04408163 1.49313746768707 60000
0 2622060.92869742 70000
11604.0885714286 2622060.92869742 70000
24022.1805102041 2622060.92869742 70000
37313.7162244898 2622060.92869742 70000
51538.136122449 471937.263268258 70000
66764.7873469388 471937.263268258 70000
83059.7147959184 2548.23293209609 70000
100498.870102041 2548.23293209609 70000
119164.809387755 181.735401730442 70000
139143.391020408 181.735401730442 70000
160525.426734694 46.8590167744473 70000
183408.332755102 46.8590167744473 70000
207901.083163265 16.4509791594388 70000
234114.303163265 16.4509791594388 70000
262170.175816327 7.09654836458333 70000
292197.488673469 7.09654836458333 70000
324334.936020408 4.06820748171769 70000
358731.118877551 4.06820748171769 70000
395544.545 2.84305398554422 70000
434945.28 2.84305398554422 70000
477113.29622449 2.26833609927721 70000
522246.728367347 2.26833609927721 70000
570550.315612245 1.94208806271258 70000
622250.261734694 1.94208806271258 70000
677581.026122449 1.72134331079932 70000
736801.835 1.72134331079932 70000
800183.47244898 1.56368175595238 70000
868019.838265306 1.56368175595238 70000
940624.645714286 1.45050075191327 70000
1018329.77040816 1.45050075191327 70000
1101496.80816327 1.37421201509354 70000
1190507.16826531 1.37421201509354 70000
1285773.63132653 1.32775699702381 70000
1387735.39591837 1.32775699702381 70000
1496861.38081633 1.30765114136905 70000
1613656.8294898 1.30765114136905 70000
1738660.00785714 1.31785370216837 70000
1872448.80877551 1.31785370216837 70000
2015639.10091837 1.35830620216837 70000
2168891.33326531 1.35830620216837 70000
2332913.83734694 1.41649450914116 70000
2508462.8272449 1.41649450914116 70000
2696349.00408163 1.47615162712585 70000
2897437.55602041 1.47615162712585 70000
3112659.71612245 1.5321969147534 70000
3343004.50673469 1.5321969147534 70000
3589538.55295918 1.60109343877551 70000
3853397.82704082 1.60109343877551 70000
4135799.20622449 1.72782052657313 70000
4438045.42612245 1.72782052657313 70000
4761533.33632653 1.97830612159864 70000
5107753.90040816 1.97830612159864 70000
5478305.40489796 2.40333943835034 70000
5874896.76153061 2.40333943835034 70000
6299359.06510204 2.91474365837585 70000
6753652.19795918 2.91474365837585 70000
7239868.1322449 2.91474365837585 70000
7760254.04561224 2.91474365837585 70000
0 3928416.41372701 80000
11818.9837755102 3928416.41372701 80000
24467.1633673469 3928416.41372701 80000
38006.7705102041 3928416.41372701 80000
52494.991122449 9401435.64146297 80000
68002.4666326531 9401435.64146297 80000
84599.8384693878 430680.083052544 80000
102362.793877551 430680.083052544 80000
121375.429795918 2682.98200833227 80000
141723.525102041 2682.98200833227 80000
163499.586428571 133.313705079082 80000
186807.893979592 133.313705079082 80000
211752.727959184 22.5176666770833 80000
238451.824081633 22.5176666770833 80000
267026.281938776 8.0393134389881 80000
297608.974693878 8.0393134389881 80000
330339.503265306 4.48022236479592 80000
365370.924081633 4.48022236479592 80000
402863.021326531 3.05277494217687 80000
442990.716632653 3.05277494217687 80000
485939.023265306 2.32029761352041 80000
531903.046122449 2.32029761352041 80000
581098.073367347 1.90052073554422 80000
633749.484795918 1.90052073554422 80000
690101.161530612 1.6504059275085 80000
750412.122142857 1.6504059275085 80000
814961.568469388 1.50586080994898 80000
884045.521734694 1.50586080994898 80000
957985.232244898 1.42382074213435 80000
1037120.45163265 1.42382074213435 80000
1121816.16061225 1.37851001232993 80000
1212464.25091837 1.37851001232993 80000
1309480.16142857 1.35609117006803 80000
1413314.65173469 1.35609117006803 80000
1524445.39244898 1.35145532631803 80000
1643383.69295918 1.35145532631803 80000
1770681.22918367 1.3680434474915 80000
1906923.31581633 1.3680434474915 80000
2052738.99795918 1.40849757908163 80000
2208801.05112245 1.40849757908163 80000
2375827.66316327 1.46475492708333 80000
2554592.52591837 1.46475492708333 80000
2745919.78938776 1.53090067346939 80000
2950689.10755102 1.53090067346939 80000
3169849.09387755 1.61931809247449 80000
3404408.91163265 1.61931809247449 80000
3655450.04744898 1.73214464795918 80000
3924133.03908163 1.73214464795918 80000
4211694.11153061 1.82023969536565 80000
4519461.99642857 1.82023969536565 80000
4848857.93204082 1.81293026977041 80000
5201399.02714286 1.81293026977041 80000
5578711.71653061 1.71332795790816 80000
5982538.48877551 1.71332795790816 80000
6414741.25010204 1.59353887670068 80000
6877314.77989796 1.59353887670068 80000
7372393.45846939 1.59353887670068 80000
7902259.6767347 1.59353887670068 80000
0 4117762.41402723 90000
12286.2657142857 4117762.41402723 90000
25424.9828571429 4117762.41402723 90000
39476.2828571429 4117762.41402723 90000
54503.8342857143 6630677.82455269 90000
70576.6114285714 6630677.82455269 90000
87765.3571428571 38509.2556486667 90000
106147.888571429 38509.2556486667 90000
125807.328571429 308.906647970238 90000
146832.105714286 308.906647970238 90000
169317.722857143 66.0429154166667 90000
193364.988571429 66.0429154166667 90000
219083.554285714 27.4835815773809 90000
246588.377142857 27.4835815773809 90000
276003.257142857 10.0385514404762 90000
307460.837142857 10.0385514404762 90000
341106.14 4.76141800595238 90000
377085.957142857 4.76141800595238 90000
415566.534285714 3.07256493452381 90000
456721.191428571 3.07256493452381 90000
500733.86 2.34174700595238 90000
547804.388571429 2.34174700595238 90000
598143.237142857 1.93175898809524 90000
651980.32 1.93175898809524 90000
709556.162857143 1.68591282142857 90000
771132.514285714 1.68591282142857 90000
836987.04 1.54694363690476 90000
907415.091428571 1.54694363690476 90000
982735.011428571 1.46670944642857 90000
1063288.13428571 1.46670944642857 90000
1149437.01714286 1.40855292261905 90000
1241570.74571429 1.40855292261905 90000
1340103.16571429 1.36532608928571 90000
1445481.72571429 1.36532608928571 90000
1558180.40285714 1.34881942261905 90000
1678706.77714286 1.34881942261905 90000
1807607.33714286 1.36469603571429 90000
1945462.17428571 1.36469603571429 90000
2092892.05714286 1.40808130357143 90000
2250563.73714286 1.40808130357143 90000
2419188.18 1.47141826785714 90000
2599527.64 1.47141826785714 90000
2792392.12285714 1.54747420833333 90000
2998657.07142857 1.54747420833333 90000
3219249.21714286 1.6201182797619 90000
3455164.26571429 1.6201182797619 90000
3707468.66571429 1.66875030952381 90000
3977301.37714286 1.66875030952381 90000
4265875.64 1.69058111309524 90000
4574498.42857143 1.69058111309524 90000
4904558.07142857 1.71364254761905 90000
5257547.24285714 1.71364254761905 90000
5635057.65714286 1.81585860714286 90000
6038790.68 1.81585860714286 90000
6470571.47714286 2.3985070952381 90000
6932345.47714286 2.3985070952381 90000
7426197.82571428 2.3985070952381 90000
7954356.92285714 2.3985070952381 90000
0 1458.34805802572 hpsmc
8434.03928571429 1458.34805802572 hpsmc
17495.9647959184 1458.34805802572 hpsmc
27234.4235714286 1458.34805802572 hpsmc
37698.0626530612 405.272512794855 hpsmc
48942.3170408163 405.272512794855 hpsmc
61024.8843877551 171.572383261692 hpsmc
74006.8563265306 171.572383261692 hpsmc
87958.3751020408 23.408866477466 hpsmc
102948.451632653 23.408866477466 hpsmc
119057.410102041 7.2537121747449 hpsmc
136365.574693878 7.2537121747449 hpsmc
154965.714183673 4.23799396534864 hpsmc
174951.728673469 4.23799396534864 hpsmc
196427.700204082 3.25980426530612 hpsmc
219504.49877551 3.25980426530612 hpsmc
244300.913673469 2.73140171067177 hpsmc
270947.04744898 2.73140171067177 hpsmc
299578.659285714 2.31294288244048 hpsmc
330346.215612245 2.31294288244048 hpsmc
363405.839489796 1.94861095790816 hpsmc
398930.623877551 1.94861095790816 hpsmc
437102.712346939 1.64627337032313 hpsmc
478121.218367347 1.64627337032313 hpsmc
522197.7 1.41039414562075 hpsmc
569560.685204082 1.41039414562075 hpsmc
620453.409183673 1.2384395837585 hpsmc
675139.471020408 1.2384395837585 hpsmc
733902.833673469 1.12497460352891 hpsmc
797047.823979592 1.12497460352891 hpsmc
864899.132653061 1.06299912202381 hpsmc
937808.602244898 1.06299912202381 hpsmc
1016152.9644898 1.04598915625 hpsmc
1100338.36561224 1.04598915625 hpsmc
1190799.235 1.0699968480017 hpsmc
1288003.94183673 1.0699968480017 hpsmc
1392454.79510204 1.13473229485544 hpsmc
1504691.43755102 1.13473229485544 hpsmc
1625296.50234694 1.24390530505952 hpsmc
1754891.0877551 1.24390530505952 hpsmc
1894147.20173469 1.4067479744898 hpsmc
2043784.36795918 1.4067479744898 hpsmc
2204576.41377551 1.64139452465986 hpsmc
2377354.86418367 1.64139452465986 hpsmc
2563013.46714286 1.97622475297619 hpsmc
2762512.71887755 1.97622475297619 hpsmc
2976884.38918367 2.44642527147109 hpsmc
3207236.04673469 2.44642527147109 hpsmc
3454760.10969388 3.08373921704932 hpsmc
3720737.23969388 3.08373921704932 hpsmc
4006540.86714286 3.89398349362245 hpsmc
4313650.76714286 3.89398349362245 hpsmc
4643655.32214286 4.83655054953231 hpsmc
4998260.57255102 4.83655054953231 hpsmc
5379300.39867347 6.00742165625 hpsmc
5788746.70265306 6.00742165625 hpsmc
6228715.06510204 6.00742165625 hpsmc
6701481.715 6.00742165625 hpsmc
