0 4278217.61088439 100000
12430.8255102041 4278217.61088439 100000
25716.8340816326 4278217.61088439 100000
39917.5637755102 4278217.61088439 100000
55097.9652040816 8173139.30012194 100000
71324.7931632653 8173139.30012194 100000
88668.4108163265 6729099.99387895 100000
107208.202244898 6729099.99387895 100000
127023.551530612 44356.0572560814 100000
148204.667857143 44356.0572560814 100000
170845.36877551 1110.70714421514 100000
195046.688571429 1110.70714421514 100000
220915.074081633 74.8269016092687 100000
248564.188877551 74.8269016092687 100000
278120.325816326 14.0068626407313 100000
309711.581938775 14.0068626407313 100000
343478.683571428 5.55974609715136 100000
379573.182142857 5.55974609715136 100000
418155.65 3.20068949362245 100000
459393.87622449 3.20068949362245 100000
503473.691734694 2.26843020238095 100000
550591.75255102 2.26843020238095 100000
600955.539795918 1.83854209630102 100000
654788.772244898 1.83854209630102 100000
712331.406326531 1.61786036330782 100000
773837.831938775 1.61786036330782 100000
839582.285 1.49708154251701 100000
909855.239081632 1.49708154251701 100000
984970.622142857 1.42594784247449 100000
1065260.40397959 1.42594784247449 100000
1151083.61714286 1.38424488860544 100000
1242817.33602041 1.38424488860544 100000
1340872.9144898 1.36040335310374 100000
1445683.35663265 1.36040335310374 100000
1557714.14183673 1.34677800765306 100000
1677465.02897959 1.34677800765306 100000
1805464.64387755 1.34556394238946 100000
1942284.9127551 1.34556394238946 100000
2088530.23714286 1.36423724340986 100000
2244850.12316326 1.36423724340986 100000
2411940.98571428 1.40936438754252 100000
2590544.34428571 1.40936438754252 100000
2781452.2355102 1.49156750616497 100000
2985510.82153061 1.49156750616497 100000
3203631.21510204 1.62693390369898 100000
3436776.85030612 1.62693390369898 100000
3685986.93693877 1.81638070684524 100000
3952365.63540816 1.81638070684524 100000
4237098.29438775 2.01499501828231 100000
4541446.0382653 2.01499501828231 100000
4866762.00479592 2.13671727678571 100000
5214491.34510204 2.13671727678571 100000
5586178.44040816 2.11918662542517 100000
5983472.31459184 2.11918662542517 100000
6408139.26346939 1.90401141135204 100000
6862062.85479592 1.90401141135204 100000
7347260.16591837 1.90401141135204 100000
7865885.39214286 1.90401141135204 100000
0 1247.04882413946 10000
9519.75836734694 1247.04882413946 10000
19736.9730612245 1247.04882413946 10000
30702.3918367347 1247.04882413946 10000
42468.0636734694 151.693685010204 10000
55096.4473469388 151.693685010204 10000
68647.3991836734 71.1477101734694 10000
83191.1853061225 71.1477101734694 10000
98798.0718367347 30.1946947040816 10000
115546.132244898 30.1946947040816 10000
133521.247346939 13.3345880238095 10000
152810.599183673 13.3345880238095 10000
173511.779591837 7.43137167687075 10000
195726.284081633 7.43137167687075 10000
219567.319183673 4.65130826530612 10000
245151.995102041 4.65130826530612 10000
272609.133061224 3.06079175170068 10000
302075.361632653 3.06079175170068 10000
333696.417959184 2.2743154047619 10000
367632.352653061 2.2743154047619 10000
404049.72244898 1.90550229931973 10000
443133.30122449 1.90550229931973 10000
485075.670204082 1.69743921428571 10000
530086.326530612 1.69743921428571 10000
578390.382040816 1.55611810204082 10000
630228.563265306 1.55611810204082 10000
685859.813877551 1.45478795578231 10000
745561.294693877 1.45478795578231 10000
809629.684897959 1.3800759829932 10000
878386.386938775 1.3800759829932 10000
952174.924081633 1.32339139115646 10000
1031360.94040816 1.32339139115646 10000
1116340.00816327 1.28032086054422 10000
1207537.6277551 1.28032086054422 10000
1305407.92653061 1.2532065952381 10000
1410437.56244898 1.2532065952381 10000
1523153.53142857 1.24967973469388 10000
1644115.36 1.24967973469388 10000
1773926.81632653 1.27621658163265 10000
1913235.91020408 1.27621658163265 10000
2062738.79673469 1.32954780952381 10000
2223179.77632653 1.32954780952381 10000
2395359.10204082 1.39587230612245 10000
2580135.58204082 1.39587230612245 10000
2778430.48326531 1.45955640136054 10000
2991235.33877551 1.45955640136054 10000
3219609.34530612 1.50489865306122 10000
3464692.3755102 1.50489865306122 10000
3727706.27918367 1.52384502380952 10000
4009963.99183673 1.52384502380952 10000
4312873.43836735 1.53381565646258 10000
4637944.03918367 1.53381565646258 10000
4986799.72244898 1.55570062585034 10000
5361178.92408163 1.55570062585034 10000
5762950.20244898 1.54502245238095 10000
6194116.14204082 1.54502245238095 10000
6656828.96816326 1.54502245238095 10000
7153395.75183673 1.54502245238095 10000
0 4089827.19016021 110000
12762.2212244898 4089827.19016021 110000
26392.3784693878 4089827.19016021 110000
40950.4586734694 4089827.19016021 110000
56498.3233673469 9233824.35631316 110000
73107.2070408163 9233824.35631316 110000
90844.595 2331336.38933314 110000
109791.094693878 2331336.38933314 110000
130027.313571429 25865.887549923 110000
151639.482857143 25865.887549923 110000
174725.081326531 885.015485213648 110000
199379.713163265 885.015485213648 110000
225715.853877551 78.8945328779762 110000
253842.229795918 78.8945328779762 110000
283884.438571429 15.1287176753827 110000
315971.827040816 15.1287176753827 110000
350243.115 5.38055112478741 110000
386848.269795918 5.38055112478741 110000
425944.757142857 3.10674933482143 110000
467703.164897959 3.10674933482143 110000
512303.453877551 2.36336432036565 110000
559940.581632653 2.36336432036565 110000
610820.753265306 1.98247850233844 110000
665165.170612245 1.98247850233844 110000
723208.157653061 1.71285752062075 110000
785202.784285714 1.71285752062075 110000
851417.117142857 1.51512323044218 110000
922139.843367347 1.51512323044218 110000
997678.396020408 1.38298793835034 110000
1078357.0794898 1.38298793835034 110000
1164528.31704082 1.31071070684524 110000
1256567.02704082 1.31071070684524 110000
1354870.62295918 1.28823513180272 110000
1459866.51173469 1.28823513180272 110000
1572010.21918367 1.30423164880952 110000
1691789.13918367 1.30423164880952 110000
1819720.65908163 1.34798774659864 110000
1956361.53265306 1.34798774659864 110000
2102304.13091837 1.40469414965986 110000
2258182.06591837 1.40469414965986 110000
2424672.06530612 1.45986963605442 110000
2602495.84693878 1.45986963605442 110000
2792425.74265306 1.51224885629252 110000
2995284.69826531 1.51224885629252 110000
3211953.77193878 1.57799235416667 110000
3443372.13418367 1.57799235416667 110000
3690544.56622449 1.67520946789966 110000
3954545.20918367 1.67520946789966 110000
4236515.6894898 1.7991707585034 110000
4537683.86479592 1.7991707585034 110000
4859352.57642857 1.92692028677721 110000
5202920.26989796 1.92692028677721 110000
5569875.37112245 2.04142269940476 110000
5961813.1577551 2.04142269940476 110000
6380432.01 2.1234556192602 110000
6827548.40734694 2.1234556192602 110000
7305102.55234694 2.1234556192602 110000
7815167.74357143 2.1234556192602 110000
0 5307206.0032202 120000
12974.4973469388 5307206.0032202 120000
26827.7455102041 5307206.0032202 120000
41621.0081632653 5307206.0032202 120000
57417.4634693878 5793039.44426943 120000
74282.2040816327 5793039.44426943 120000
92291.8095918367 6067198.10568659 120000
111520.945102041 6067198.10568659 120000
132053.848163265 15097.6600053929 120000
153976.670816327 15097.6600053929 120000
177387.052040816 388.159623283163 120000
202382.630816327 388.159623283163 120000
229072.533061224 49.6524324553571 120000
257571.628163265 49.6524324553571 120000
288002.443469388 14.5758882908163 120000
320495.164285714 14.5758882908163 120000
355189.548367347 6.04624594897959 120000
392236.840408163 6.04624594897959 120000
431792.114081633 3.41582072831633 120000
474029.587959184 3.41582072831633 120000
519129.224081633 2.42843857015306 120000
567286.300408163 2.42843857015306 120000
618705.667346939 1.92601263137755 120000
673611.320204082 1.92601263137755 120000
732236.826734694 1.64624584438776 120000
794834.899591837 1.64624584438776 120000
861677.396326531 1.49900961352041 120000
933047.661428571 1.49900961352041 120000
1009255.8422449 1.42572055102041 120000
1090627.40204082 1.42572055102041 120000
1177514.60693878 1.39086885969388 120000
1270290.78244898 1.39086885969388 120000
1369354.14244898 1.37706060204082 120000
1475131.61816327 1.37706060204082 120000
1588075.02918367 1.37479512244898 120000
1708674.48489796 1.37479512244898 120000
1837448.81204082 1.37804975510204 120000
1974947.46918367 1.37804975510204 120000
2121765.86265306 1.38995947704082 120000
2278533.85959184 1.38995947704082 120000
2445925.36040816 1.41993719642857 120000
2624662.1277551 1.41993719642857 120000
2815511.87204082 1.46840968494898 120000
3019295.90938776 1.46840968494898 120000
3236889.16163265 1.52198349107143 120000
3469231.64326531 1.52198349107143 120000
3717316.9744898 1.56823038520408 120000
3982217.26959184 1.56823038520408 120000
4265067.82102041 1.6032735255102 120000
4567090.07326531 1.6032735255102 120000
4889578.22142857 1.62543773341837 120000
5233924.09959184 1.62543773341837 120000
5601603.77938776 1.63611899107143 120000
5994202.45836735 1.63611899107143 120000
6413408.71653061 1.61394680612245 120000
6861024.08877551 1.61394680612245 120000
7338974.55183673 1.61394680612245 120000
7849316.2677551 1.61394680612245 120000
0 4207670.03945644 130000
13035.947755102 4207670.03945644 130000
26961.2317346939 4207670.03945644 130000
41837.0535714286 4207670.03945644 130000
57724.6148979592 1517035.52164423 130000
74696.5926530612 1517035.52164423 130000
92825.6637755102 58986.2167629277 130000
112188.330306122 58986.2167629277 130000
132872.569591837 8262.62130674851 130000
154966.358979592 8262.62130674851 130000
178567.238571429 1150.23299902296 130000
203776.573571429 1150.23299902296 130000
230703.379387755 138.022340329719 130000
259464.321632653 138.022340329719 130000
290187.54122449 22.5957822323554 130000
323005.004183673 22.5957822323554 130000
358058.239285714 6.78903017091837 130000
395502.163163265 6.78903017091837 130000
435499.342653061 3.39334364795918 130000
478219.994795918 3.39334364795918 130000
523855.374693877 2.31949007929422 130000
572600.56255102 2.31949007929422 130000
624667.851530612 1.87431992240646 130000
680284.835204082 1.87431992240646 130000
739692.495 1.66369625680272 130000
803149.025306122 1.66369625680272 130000
870931.746020408 1.55666512032313 130000
943335.19 1.55666512032313 130000
1020673.01561224 1.47939805909864 130000
1103283.74438775 1.47939805909864 130000
1191523.11081633 1.4024218650085 130000
1285779.3627551 1.4024218650085 130000
1386459.87357143 1.34002488796769 130000
1494004.53 1.34002488796769 130000
1608878.08193878 1.31494257823129 130000
1731583.53030612 1.31494257823129 130000
1862652.56428571 1.33855859885204 130000
2002655.12408163 1.33855859885204 130000
2152201.31346939 1.41255440093537 130000
2311939.4872449 1.41255440093537 130000
2482567.72653061 1.52661017793367 130000
2664826.18857143 1.52661017793367 130000
2859508.58204082 1.65314933482143 130000
3067462.16704082 1.65314933482143 130000
3289589.66765306 1.75949514051871 130000
3526858.83469388 1.75949514051871 130000
3780300.53316326 1.8280800170068 130000
4051018.305 1.8280800170068 130000
4340188.36908163 1.85250488732993 130000
4649071.09653061 1.85250488732993 130000
4979007.18561225 1.83227169132653 130000
5331434.87469388 1.83227169132653 130000
5707884.20459184 1.80071858397109 130000
6109992.31897959 1.80071858397109 130000
6539513.02714286 1.8523614460034 130000
6998309.15377551 1.8523614460034 130000
7488379.31469388 1.8523614460034 130000
8011856.00428571 1.8523614460034 130000
0 2885341.24177356 140000
13577.4740816327 2885341.24177356 140000
28068.9912244898 2885341.24177356 140000
43535.0840816326 2885341.24177356 140000
60040.3208163265 10927438.0902859 140000
77659.3583673469 10927438.0902859 140000
96462.8181632653 11510024.2307281 140000
116529.392653061 11510024.2307281 140000
137947.863061224 52668.5154839613 140000
160809.028367347 52668.5154839613 140000
185207.723061224 1032.5781486892 140000
211246.852653061 1032.5781486892 140000
239039.411428571 92.9708071105442 140000
268700.411428571 92.9708071105442 140000
300358.988979592 19.5018552806122 140000
334148.315918367 19.5018552806122 140000
370209.635102041 6.81683428061224 140000
408698.313673469 6.81683428061224 140000
449777.789795918 3.52345860671769 140000
493619.572653061 3.52345860671769 140000
540413.33122449 2.4165854162415 140000
590354.787755102 2.4165854162415 140000
643655.806530612 1.9545363125 140000
700544.393877551 1.9545363125 140000
761262.680408163 1.71994705994898 140000
826064.903265306 1.71994705994898 140000
895227.494897959 1.58444639753401 140000
969045.04755102 1.58444639753401 140000
1047828.2955102 1.48482394302721 140000
1131914.20387755 1.48482394302721 140000
1221655.87979592 1.40423144132653 140000
1317438.7144898 1.40423144132653 140000
1419666.25897959 1.35653675510204 140000
1528772.33061224 1.35653675510204 140000
1645221.01306122 1.35009675340136 140000
1769504.63857143 1.35009675340136 140000
1902149.84122449 1.38539485671769 140000
2043723.61020408 1.38539485671769 140000
2194821.18326531 1.45591539753401 140000
2356088.24204082 1.45591539753401 140000
2528204.77 1.53861393112245 140000
2711905.23 1.53861393112245 140000
2907964.44 1.59762906420068 140000
3117217.75061224 1.59762906420068 140000
3340552.97408163 1.6073563252551 140000
3578914.41979592 1.6073563252551 140000
3833315.00081633 1.57688401955782 140000
4104834.21612245 1.57688401955782 140000
4394624.20387755 1.54620153103741 140000
4703915.79469388 1.54620153103741 140000
5034016.49387755 1.54771064370748 140000
5386330.65897959 1.54771064370748 140000
5762353.44653061 1.56993117176871 140000
6163676.86530612 1.56993117176871 140000
6592005.91836735 1.54810999107143 140000
7049156.58530612 1.54810999107143 140000
7537067.92877551 1.54810999107143 140000
8057812.1832653 1.54810999107143 140000
0 4505151.02687221 150000
13886.9560204082 4505151.02687221 150000
28710.5267346939 4505151.02687221 150000
44538.4934693878 4505151.02687221 150000
61434.5295918367 11478989.9912971 150000
79474.6323469388 11478989.9912971 150000
98732.745 6201957.93518592 150000
119293.080714286 6201957.93518592 150000
141243.960612245 69440.3414186716 150000
164679.867755102 69440.3414186716 150000
189699.393163265 1191.88093259099 150000
216409.34377551 1191.88093259099 150000
244926.796428571 106.231982817389 150000
275370.881938776 106.231982817389 150000
307873.055 23.7584418465136 150000
342572.98622449 23.7584418465136 150000
379618.562142857 8.51917561670918 150000
419169.993163265 8.51917561670918 150000
461393.651632653 4.01406664158163 150000
506472.341734694 4.01406664158163 150000
554599.13755102 2.47374883354592 150000
605979.437040816 2.47374883354592 150000
660833.016020408 1.91307659183673 150000
719394.028163265 1.91307659183673 150000
781915.112959184 1.69191006016156 150000
848663.287755102 1.69191006016156 150000
919922.001734694 1.57979700744048 150000
996001.405816326 1.57979700744048 150000
1077221.92081633 1.50323063903061 150000
1163934.7772449 1.50323063903061 150000
1256507.63744898 1.45126923448129 150000
1355341.02744898 1.45126923448129 150000
1460856.01306122 1.42033116687925 150000
1573504.46979592 1.42033116687925 150000
1693767.02887755 1.40574363265306 150000
1822161.29316327 1.40574363265306 150000
1959235.67520408 1.41167449872449 150000
2105575.55918367 1.41167449872449 150000
2261809.46285714 1.44859478188775 150000
2428606.98357143 1.44859478188775 150000
2606680.8522449 1.5203171817602 150000
2796791.04132653 1.5203171817602 150000
2999755.03469388 1.62261392368197 150000
3216441.66571429 1.62261392368197 150000
3447777.27918367 1.75232701403061 150000
3694751.89326531 1.75232701403061 150000
3958423.30744898 1.90367963520408 150000
4239919.15653061 1.90367963520408 150000
4540447.1805102 2.05422778103741 150000
4861293.17061224 2.05422778103741 150000
5203829.18520408 2.17929374255952 150000
5569521.76571429 2.17929374255952 150000
5959938.09857143 2.26816259289966 150000
6376748.06918367 2.26816259289966 150000
6821736.58581633 2.30334127253401 150000
7296809.74153061 2.30334127253401 150000
7803998.92214286 2.30334127253401 150000
8345477.23806122 2.30334127253401 150000
0 4989414.71427422 160000
14179.8048979592 4989414.71427422 160000
29310.4360204082 4989414.71427422 160000
45453.3053061224 4989414.71427422 160000
62676.1776530612 4577641.51987142 160000
81055.2885714286 4577641.51987142 160000
100662.638265306 215515.175888066 160000
121582.932857143 215515.175888066 160000
143905.11377551 7559.9540827923 160000
167722.357755102 7559.9540827923 160000
193132.076836735 738.225693941114 160000
220246.506632653 738.225693941114 160000
249173.64744898 102.459784535714 160000
280040.558469388 102.459784535714 160000
312972.18122449 22.6244273633078 160000
348110.398469388 22.6244273633078 160000
385601.328265306 8.15466723171769 160000
425601.676938775 8.15466723171769 160000
468280.856734694 4.24233408354592 160000
513818.868163265 4.24233408354592 160000
562406.3 2.76205047597789 160000
614246.446938775 2.76205047597789 160000
669557.427244898 2.06797644982993 160000
728574.300408163 2.06797644982993 160000
791540.596530612 1.71632251190476 160000
858725.25755102 1.71632251190476 160000
930407.813673469 1.53423081930272 160000
1006891.08928571 1.53423081930272 160000
1088494.85 1.43620995323129 160000
1175562.15561224 1.43620995323129 160000
1268461.4777551 1.38447304187925 160000
1367580.34693878 1.38447304187925 160000
1473338.05846939 1.36896564498299 160000
1586177.20183673 1.36896564498299 160000
1706570.01367347 1.38592451658163 160000
1835026.84836735 1.38592451658163 160000
1972085.58979592 1.4300511122449 160000
2118322.23959184 1.4300511122449 160000
2274348.7994898 1.49262334842687 160000
2440825.9772449 1.49262334842687 160000
2618450.48071429 1.56367060863095 160000
2807967.72377551 1.56367060863095 160000
3010176.06163265 1.63920023448129 160000
3225924.67316327 1.63920023448129 160000
3456119.91387755 1.71652986543367 160000
3701731.66887755 1.71652986543367 160000
3963789.11755102 1.78500505952381 160000
4243393.4394898 1.78500505952381 160000
4541722.04979592 1.83879785905612 160000
4860026.48142857 1.83879785905612 160000
5199645.09112245 1.88802888095238 160000
5562007.29469388 1.88802888095238 160000
5948633.56704082 1.96028055633503 160000
6361148.14806122 1.96028055633503 160000
6801285.39561224 2.14718549787415 160000
7270896.13846939 2.14718549787415 160000
7771954.02928571 2.14718549787415 160000
8306561.89755102 2.14718549787415 160000
0 3097005.69234954 170000
14572.1281632653 3097005.69234954 170000
30111.0440816326 3097005.69234954 170000
46680.4678571429 3097005.69234954 170000
64350.7113265306 9404744.54410182 170000
83189.8890816326 9404744.54410182 170000
103281.496428571 4698245.34807892 170000
124702.436938775 4698245.34807892 170000
147547.192142857 177595.52539485 170000
171903.651836735 177595.52539485 170000
197877.28377551 4516.37883929145 170000
225573.555714286 4516.37883929145 170000
255106.724387755 232.226048807185 170000
286599.835510204 232.226048807185 170000
320180.329285714 28.8732536339286 170000
355988.829387755 28.8732536339286 170000
394170.353979592 8.25444941687925 170000
434885.301938775 8.25444941687925 170000
478300.663877551 4.06569498490646 170000
524594.416632653 4.06569498490646 170000
573959.917755102 2.6752921462585 170000
626599.31377551 2.6752921462585 170000
682730.131938776 2.05269364923469 170000
742583.082959184 2.05269364923469 170000
806404.258265306 1.72648517857143 170000
874459.524489796 1.72648517857143 170000
947027.931734694 1.54862278167517 170000
1024410.50255102 1.54862278167517 170000
1106923.64020408 1.45675047937925 170000
1194910.11489796 1.45675047937925 170000
1288732.47204082 1.41845433184524 170000
1388777.42673469 1.41845433184524 170000
1495455.86377551 1.41305734906463 170000
1609211.62663265 1.41305734906463 170000
1730510.53122449 1.4249957130102 170000
1859853.54938775 1.4249957130102 170000
1997776.80887755 1.44757698193027 170000
2144847.19887755 1.44757698193027 170000
2301671.15897959 1.48146490688775 170000
2468894.67918367 1.48146490688775 170000
2647209.89163265 1.52597742644558 170000
2837350.67612245 1.52597742644558 170000
3040103.64632653 1.58382905357143 170000
3256303.75530612 1.58382905357143 170000
3486840.8872449 1.658041 170000
3732668.64642857 1.658041 170000
3994799.9627551 1.73192335969388 170000
4274318.07795918 1.73192335969388 170000
4572372.15112245 1.77121742261905 170000
4890194.83663265 1.77121742261905 170000
5229097.88969388 1.74636566730442 170000
5590476.56081633 1.74636566730442 170000
5975820.58204082 1.64752169005102 170000
6386722.95591837 1.64752169005102 170000
6824877.75826531 1.45206302359694 170000
7292093.32163265 1.45206302359694 170000
7790294.43255102 1.45206302359694 170000
8321535.515 1.45206302359694 170000
0 6654579.62554159 180000
14942.3675510204 6654579.62554159 180000
30870.9404081633 6654579.62554159 180000
47851.3147959184 6654579.62554159 180000
65953.6108163265 12641365.0031807 180000
85252.4724489796 12641365.0031807 180000
105827.06755102 14870925.4479295 180000
127758.825918367 14870925.4479295 180000
151140.487040816 869059.163217983 180000
176067.052346939 869059.163217983 180000
202638.047142857 7853.04517023023 180000
230966.568367347 7853.04517023023 180000
261165.712959184 316.465299975765 180000
293359.88755102 316.465299975765 180000
327680.284591837 40.2778772506378 180000
364267.144285714 40.2778772506378 180000
403272.016530612 11.0261221530612 180000
444853.237040816 11.0261221530612 180000
489180.45122449 4.8136931690051 180000
536436.876122449 4.8136931690051 180000
586814.776530612 2.84048145344388 180000
640519.988877551 2.84048145344388 180000
697771.92122449 2.05519285905612 180000
758808.077142857 2.05519285905612 180000
823875.007959184 1.70214662755102 180000
893239.622448979 1.70214662755102 180000
967186.924897959 1.52971620727041 180000
1046017.75316327 1.52971620727041 180000
1130057.82642857 1.43964392028061 180000
1219648.69744898 1.43964392028061 180000
1315156.80030612 1.39279822576531 180000
1416975.71234694 1.39279822576531 180000
1525519.36836735 1.37466501658163 180000
1641233.37030612 1.37466501658163 180000
1764590.46336735 1.3851877442602 180000
1896097.32183673 1.3851877442602 180000
2036292.28714286 1.42681213010204 180000
2185745.36785714 1.42681213010204 180000
2345071.81132653 1.49401056122449 180000
2514925.31785714 1.49401056122449 180000
2695995.77877551 1.57830547959184 180000
2889029.63387755 1.57830547959184 180000
3094814.03785714 1.67472533227041 180000
3314192.69387755 1.67472533227041 180000
3548061.32969388 1.77799226211735 180000
3797379.00734694 1.77799226211735 180000
4063168.12316326 1.88476519706633 180000
4346512.14581633 1.88476519706633 180000
4648575.97377551 1.98783891964286 180000
4970590.10173469 1.98783891964286 180000
5313877.76387755 2.07449944897959 180000
5679843.62418367 2.07449944897959 180000
6069980.5622449 2.16524089285714 180000
6485892.29265306 2.16524089285714 180000
6929277.53142857 2.37716570663265 180000
7401950.35346939 2.37716570663265 180000
7905846.97836735 2.37716570663265 180000
8443030.29428571 2.37716570663265 180000
0 3963193.90532861 190000
15248.2102040816 3963193.90532861 190000
31494.3155102041 3963193.90532861 190000
48801.267244898 3963193.90532861 190000
67241.3428571429 14442300.7819565 190000
86889.1513265306 14442300.7819565 190000
107819.301632653 7079220.35064881 190000
130118.060408163 7079220.35064881 190000
153876.357346939 291275.040723016 190000
179189.785204082 291275.040723016 190000
206156.268265306 5554.28697951212 190000
234887.72 5554.28697951212 190000
265498.385408163 384.534918826743 190000
298109.504081633 384.534918826743 190000
332856.304795918 51.6467449217687 190000
369871.684795918 51.6467449217687 190000
409311.856632653 12.3432687818878 190000
451328.369795918 12.3432687818878 190000
496093.75755102 4.89602484885204 190000
543787.547755102 4.89602484885204 190000
594600.925918367 2.80863949319728 190000
648734.403673469 2.80863949319728 190000
706411.807959184 2.02006726658163 190000
767859.297244898 2.02006726658163 190000
833326.345306123 1.66436312755102 190000
903074.083571429 1.66436312755102 190000
977384.627244898 1.50269576636905 190000
1056556.4122449 1.50269576636905 190000
1140904.19520408 1.4372186150085 190000
1230768.37959184 1.4372186150085 190000
1326508.02112245 1.42206852338435 190000
1428512.48540816 1.42206852338435 190000
1537185.1272449 1.43326472767857 190000
1652966.60591837 1.43326472767857 190000
1776320.89602041 1.45481195642007 190000
1907742.28204082 1.45481195642007 190000
2047757.68989796 1.47781639179422 190000
2196931.35 1.47781639179422 190000
2355860.13418367 1.50196716305272 190000
2525182.88183674 1.50196716305272 190000
2705580.39989796 1.53852362011054 190000
2897775.46285714 1.53852362011054 190000
3102542.13887755 1.60341303146259 190000
3320698.79520408 1.60341303146259 190000
3553122.08734694 1.69765058439626 190000
3800746.95908163 1.69765058439626 190000
4064566.64244898 1.79810069494048 190000
4345641.98387755 1.79810069494048 190000
4645096.78112245 1.87051900722789 190000
4964138.76704082 1.87051900722789 190000
5304045.62040816 1.88101089498299 190000
5666181.28663265 1.88101089498299 190000
6052002.97234694 1.80179714243197 190000
6463056.48234694 1.80179714243197 190000
6900992.54030612 1.59092477062075 190000
7367571.45183674 1.59092477062075 190000
7864663.1044898 1.59092477062075 190000
8394265.62 1.59092477062075 190000
0 4308650.31484031 200000
15621.9244897959 4308650.31484031 200000
32266.2012244898 4308650.31484031 200000
49997.3243877551 4308650.31484031 200000
68889.3428571429 16707879.4257219 200000
89016.3055102041 16707879.4257219 200000
110459.427244898 7481004.21531989 200000
133304.700306122 7481004.21531989 200000
157645.282959184 2390758.69832013 200000
183576.722142857 2390758.69832013 200000
211204.119489796 19651.3463343444 200000
240639.742653061 19651.3463343444 200000
271998.247959184 590.300154803571 200000
305411.01244898 590.300154803571 200000
341004.635816327 56.1448791218112 200000
378929.604489796 56.1448791218112 200000
419331.62755102 12.4556830656888 200000
462377.912142857 12.4556830656888 200000
508240.442755102 4.88488203252551 200000
557100.758571429 4.88488203252551 200000
609157.119489796 2.81780363456633 200000
664617.340102041 2.81780363456633 200000
723705.955714286 2.08293321811224 200000
786657.056326531 2.08293321811224 200000
853726.23 1.76189052742347 200000
925181.008163265 1.76189052742347 200000
1001310.42030612 1.5946734317602 200000
1082417.82795918 1.5946734317602 200000
1168828.09071429 1.50555102933673 200000
1260892.34357143 1.50555102933673 200000
1358976.05357143 1.45920578762755 200000
1463473.35183673 1.45920578762755 200000
1574807.03357143 1.43640390880102 200000
1693419.00336735 1.43640390880102 200000
1819791.77326531 1.43837456441327 200000
1954426.96469388 1.43837456441327 200000
2097866.80653061 1.47673765561224 200000
2250689.3577551 1.47673765561224 200000
2413506.11877551 1.55369275255102 200000
2586969.19744898 1.55369275255102 200000
2771778.47510204 1.64758254910714 200000
2968674.4405102 1.64758254910714 200000
3178447.74459184 1.72335823852041 200000
3401936.81173469 1.72335823852041 200000
3640044.5605102 1.76805629081633 200000
3893726.46030612 1.76805629081633 200000
4163995.30867347 1.80370724234694 200000
4451942.72938775 1.80370724234694 200000
4758720.06306122 1.85827847831633 200000
5085559.86520408 1.85827847831633 200000
5433775.90622449 1.94074245344388 200000
5804765.56010204 1.94074245344388 200000
6200016.97040816 2.04102692793367 200000
6621118.605 2.04102692793367 200000
7069759.25602041 2.1203756747449 200000
7547739.98326531 2.1203756747449 200000
8056983.66887755 2.1203756747449 200000
8599530.24 2.1203756747449 200000
0 3056902.60981574 20000
9921.39153061224 3056902.60981574 20000
20557.2554081633 3056902.60981574 20000
31959.9036734694 3056902.60981574 20000
44185.7782653061 79229.8507530459 20000
57291.321122449 79229.8507530459 20000
71341.2339795918 293.191479728954 20000
86404.3484693877 293.191479728954 20000
102552.249489796 31.2201156256378 20000
119864.781734694 31.2201156256378 20000
138424.543163265 12.7087399668367 20000
158322.391530612 12.7087399668367 20000
179653.314489796 7.15441725765306 20000
202521.936122449 7.15441725765306 20000
227038.387040816 4.60252749681122 20000
253322.434285714 4.60252749681122 20000
281500.728061224 3.24802994961735 20000
311709.555 3.24802994961735 20000
344096.214795918 2.5452102244898 20000
378816.266938775 2.5452102244898 20000
416037.660612245 2.15093976466837 20000
455943.487959184 2.15093976466837 20000
498723.724285714 1.84299277614796 20000
544587.617755102 1.84299277614796 20000
593756.80622449 1.58626512627551 20000
646470.82377551 1.58626512627551 20000
702981.594183673 1.41172244579082 20000
763567.197244898 1.41172244579082 20000
828518.10244898 1.31581130165816 20000
898149.558673469 1.31581130165816 20000
972800.21755102 1.27156116581633 20000
1052830.75683673 1.27156116581633 20000
1138629.38693878 1.25262673086735 20000
1230610.47428571 1.25262673086735 20000
1329221.4244898 1.24883238711735 20000
1434938.55244898 1.24883238711735 20000
1548275.34214286 1.26217425191327 20000
1669779.69336735 1.26217425191327 20000
1800040.80489796 1.29030344579082 20000
1939689.1744898 1.29030344579082 20000
2089403.48204082 1.32625363392857 20000
2249906.45969388 1.32625363392857 20000
2421977.28153061 1.37030587882653 20000
2606448.81030612 1.37030587882653 20000
2804214.48061224 1.43057084119898 20000
3016233.80540816 1.43057084119898 20000
3243532.37602041 1.5032168934949 20000
3487214.25183673 1.5032168934949 20000
3748456.45377551 1.56891668686224 20000
4028525.48387755 1.56891668686224 20000
4328780.07857143 1.62853635267857 20000
4650673.96193877 1.62853635267857 20000
4995766.85877551 1.72850282716837 20000
5365730.00112245 1.72850282716837 20000
5762355.76469388 1.99378567538265 20000
6187565.92867347 1.99378567538265 20000
6643421.31214286 1.99378567538265 20000
7132128.6572449 1.99378567538265 20000
0 5575385.43954554 210000
16161.497755102 5575385.43954554 210000
33367.8446938776 5575385.43954554 210000
51691.3573469388 5575385.43954554 210000
71201.8585714286 13209046.2803624 210000
91976.652244898 13209046.2803624 210000
114095.535918367 10050890.8134178 210000
137650.775510204 10050890.8134178 210000
162732.143265306 6723840.56490168 210000
189436.89244898 6723840.56490168 210000
217874.744693878 46298.3446630472 210000
248155.421632653 46298.3446630472 210000
280396.125918367 1022.54264587628 210000
314729.022244898 1022.54264587628 210000
351283.781632653 77.8851528367347 210000
390210.024489796 77.8851528367347 210000
431657.37122449 15.2078598737245 210000
475792.897959184 15.2078598737245 210000
522786.174489796 5.37551319005102 210000
572826.72 5.37551319005102 210000
626109.041020408 2.89760701020408 210000
682845.099795918 2.89760701020408 210000
743256.833265306 2.06942688010204 210000
807583.634081633 2.06942688010204 210000
876079.856938776 1.72341410076531 210000
949014.818571429 1.72341410076531 210000
1026675.29142857 1.56298257908163 210000
1109370.49102041 1.56298257908163 210000
1197424.59489796 1.49338311352041 210000
1291184.22367347 1.49338311352041 210000
1391020.93469388 1.47332982270408 210000
1497326.23469388 1.47332982270408 210000
1610521.5544898 1.47972505612245 210000
1731053.26163265 1.47972505612245 210000
1859392.66040816 1.49725350255102 210000
1996053.44755102 1.49725350255102 210000
2141569.26918367 1.5217070880102 210000
2296513.67020408 1.5217070880102 210000
2461500.09428571 1.55829655102041 210000
2637179.39020408 1.55829655102041 210000
2824242.3055102 1.60890773214286 210000
3023429.46122449 1.60890773214286 210000
3235523.87081633 1.66664146811225 210000
3461363.40857143 1.66664146811225 210000
3701838.31591837 1.72099835459184 210000
3957898.68244898 1.72099835459184 210000
4230551.9522449 1.75304725382653 210000
4520875.3922449 1.75304725382653 210000
4830011.10489796 1.7347759005102 210000
5159183.48387755 1.7347759005102 210000
5509686.74571429 1.65010529591837 210000
5882902.38551021 1.65010529591837 210000
6280306.65795918 1.50663594897959 210000
6703465.59 1.50663594897959 210000
7154044.95551021 1.301832625 210000
7633827.73102041 1.301832625 210000
8144699.13367347 1.301832625 210000
8688681.53265306 1.301832625 210000
0 7872230.0241805 220000
16502.9147959184 7872230.0241805 220000
34065.7206122449 7872230.0241805 220000
52752.7312244898 7872230.0241805 220000
72641.1231632653 9154124.6424695 220000
93802.9278571429 9154124.6424695 220000
116323.039489796 20940739.2202399 220000
140288.924795918 20940739.2202399 220000
165793.195612245 4917572.22748323 220000
192931.036326531 4917572.22748323 220000
221810.494081633 36346.8252373533 220000
252542.188571429 36346.8252373533 220000
285247.029693878 903.288499133503 220000
320048.499897959 903.288499133503 220000
357082.944387755 68.4103218335459 220000
396491.853469388 68.4103218335459 220000
438432.152755102 13.6428651205357 220000
483060.767857143 13.6428651205357 220000
530552.632244898 5.25801559268707 220000
581090.397040816 5.25801559268707 220000
634869.576122449 2.98732663711735 220000
692101.118673469 2.98732663711735 220000
753003.691530612 2.14730833673469 220000
817811.396836735 2.14730833673469 220000
886776.344591837 1.77675380017007 220000
960168.652653061 1.77675380017007 220000
1038266.15653061 1.59976764944728 220000
1121374.98979592 1.59976764944728 220000
1209814.14877551 1.52159961479592 220000
1303928.35530612 1.52159961479592 220000
1404080.33908163 1.49566508482143 220000
1510655.9827551 1.49566508482143 220000
1624066.8944898 1.4932533182398 220000
1744755.55306122 1.4932533182398 220000
1873185.01765306 1.50174809608844 220000
2009854.36316327 1.50174809608844 220000
2155290.96255102 1.51562915263605 220000
2310058.2044898 1.51562915263605 220000
2474752.92081633 1.53417295790816 220000
2650013.10418367 1.53417295790816 220000
2836515.3355102 1.55975376211735 220000
3034982.50163265 1.55975376211735 220000
3246181.2227551 1.58710319515306 220000
3470929.57010204 1.58710319515306 220000
3710094.49336735 1.6031869985119 220000
3964602.11091837 1.6031869985119 220000
4235437.70979592 1.60690647852891 220000
4523645.74571428 1.60690647852891 220000
4830342.70581633 1.62219171917517 220000
5156717.10867347 1.62219171917517 220000
5504026.93173469 1.67332653018707 220000
5873615.04663265 1.67332653018707 220000
6266914.36428571 1.74976345238095 220000
6685445.26234694 1.74976345238095 220000
7130823.30285714 1.80096257716837 220000
7604772.095 1.80096257716837 220000
8109125.86765306 1.80096257716837 220000
8645834.6144898 1.80096257716837 220000
0 8100816.34266123 230000
16665.1883673469 8100816.34266123 230000
34402.7860204082 8100816.34266123 230000
53275.1121428571 8100816.34266123 230000
73362.6623469388 12453039.2755121 230000
94735.5457142857 12453039.2755121 230000
117482.047755102 8654592.13185059 230000
141690.453979592 8654592.13185059 230000
167449.049897959 10164183.5004668 230000
194864.29744898 10164183.5004668 230000
224037.465306122 135543.758864874 230000
255082.805306122 135543.758864874 230000
288119.76255102 2043.59393793091 230000
323278.168673469 2043.59393793091 230000
360695.645204082 113.732585939201 230000
400512.410306122 113.732585939201 230000
442884.261938775 18.0945913656463 230000
487974.787959184 18.0945913656463 230000
535960.559387755 5.81943245110544 230000
587028.53377551 5.81943245110544 230000
641370.861938776 3.02801989115646 230000
699203.064387755 3.02801989115646 230000
760745.854897959 2.13884090667517 230000
826240.720306122 2.13884090667517 230000
895936.937346939 1.7752852869898 230000
970107.15244898 1.7752852869898 230000
1049039.59183673 1.59429999107143 230000
1133035.46489796 1.59429999107143 230000
1222424.54397959 1.49934979039116 230000
1317549.58459184 1.49934979039116 230000
1418781.90520408 1.45468229910714 230000
1526508.40408163 1.45468229910714 230000
1641152.33234694 1.43962723937075 230000
1763152.52091837 1.43962723937075 230000
1892984.15357143 1.44599980867347 230000
2031148.38040816 1.44599980867347 230000
2178182.70438776 1.47545536033163 230000
2334650.59479592 1.47545536033163 230000
2501164.85693878 1.52770718282313 230000
2678364.26244898 1.52770718282313 230000
2866936.91897959 1.59718874489796 230000
3067612.48030612 1.59718874489796 230000
3281169.93622449 1.67807926169218 230000
3508432.41928571 1.67807926169218 230000
3750282.78459184 1.76797143835034 230000
4007655.81989796 1.76797143835034 230000
4281546.0355102 1.86987304102891 230000
4573018.05081633 1.86987304102891 230000
4883196.2077551 1.97887751594388 230000
5213282.7472449 1.97887751594388 230000
5564555.21255102 2.0610014332483 230000
5938374.23918367 2.0610014332483 230000
6336186.15153061 2.06481523745748 230000
6759533.34938775 2.06481523745748 230000
7210049.11469388 1.90848713244048 230000
7689480.98122449 1.90848713244048 230000
8199685.54132653 1.90848713244048 230000
8742638.83244898 1.90848713244048 230000
0 6417466.5678619 240000
17195.3714285714 6417466.5678619 240000
35477.6816326531 6417466.5678619 240000
54917.5816326531 6417466.5678619 240000
75588.4397959184 6750846.12091832 240000
97566.3418367347 6750846.12091832 240000
120932.808163265 5831190.69724005 240000
145780.228571429 5831190.69724005 240000
172200.992857143 78543.5927365944 240000
200292.925510204 78543.5927365944 240000
230162.003061225 4708.45809538903 240000
261919.636734694 4708.45809538903 240000
295688.107142857 512.012637982568 240000
331595.129591837 512.012637982568 240000
369771.136734694 72.6670880357143 240000
410365.582653061 72.6670880357143 240000
453527.921428571 16.034849162415 240000
499421.193877551 16.034849162415 240000
548216.592857143 5.8626590369898 240000
600101.615306122 5.8626590369898 240000
655269.192857143 3.20812810161565 240000
713928.56122449 3.20812810161565 240000
776299.825510204 2.25304858630952 240000
842619.394897959 2.25304858630952 240000
913131.830612245 1.82289822704082 240000
988108.867346939 1.82289822704082 240000
1067827.6744898 1.60287238095238 240000
1152592.59489796 1.60287238095238 240000
1242721.55816327 1.49487482355442 240000
1338554.23265306 1.49487482355442 240000
1440449.30816327 1.45714899022109 240000
1548795.36530612 1.45714899022109 240000
1663994.57142857 1.46061360756803 240000
1786481.70204082 1.46061360756803 240000
1916721.42346939 1.48820034013605 240000
2055202.85816327 1.48820034013605 240000
2202447.73673469 1.53231759991497 240000
2359010.39795918 1.53231759991497 240000
2525477.78877551 1.58109963860544 240000
2702480.33367347 1.58109963860544 240000
2890683.78265306 1.62060306972789 240000
3090794.64591837 1.62060306972789 240000
3303568.34591837 1.64997306122449 240000
3529806.5 1.64997306122449 240000
3770362.35510204 1.67785417304422 240000
4026138.07040816 1.67785417304422 240000
4298098.30408163 1.70551450042517 240000
4587267.49591837 1.70551450042517 240000
4894738.01938776 1.72641542729592 240000
5221662.02959184 1.72641542729592 240000
5569273.20204082 1.72193180484694 240000
5938881.29795918 1.72193180484694 240000
6331874.88163265 1.66120476190476 240000
6749740.34183673 1.66120476190476 240000
7194045.5877551 1.49929051232993 240000
7666464.50510204 1.49929051232993 240000
8168779.67346939 1.49929051232993 240000
8702876.93163265 1.49929051232993 240000
0 7105014.11954942 250000
17628.9413265306 7105014.11954942 250000
36372.4362244898 7105014.11954942 250000
56297.5255102041 7105014.11954942 250000
77482.4234693877 13623439.8409471 250000
100002.551020408 13623439.8409471 250000
123941.709183673 5581662.58951371 250000
149394.87244898 5581662.58951371 250000
176454.221938776 1330742.23306338 250000
205220.318877551 1330742.23306338 250000
235802.104591837 37893.9396323342 250000
268314.107142857 37893.9396323342 250000
302879.234693878 1672.97318773916 250000
339625.982142857 1672.97318773916 250000
378691.224489796 140.858772480867 250000
420220.216836735 140.858772480867 250000
464372.181122449 23.1580279017857 250000
511311.926020408 23.1580279017857 250000
561212.640306122 6.85973620854592 250000
614261.479591837 6.85973620854592 250000
670659.566326531 3.26642992665816 250000
730616.403061224 3.26642992665816 250000
794358.25255102 2.17939102359694 250000
862125.344387755 2.17939102359694 250000
934166.288265306 1.77612771045918 250000
1010754.83418367 1.77612771045918 250000
1092175.90561224 1.60292729591837 250000
1178736.77295918 1.60292729591837 250000
1270761.46683673 1.51956273915816 250000
1368593.57142857 1.51956273915816 250000
1472601.81122449 1.47719084821429 250000
1583174.46428571 1.47719084821429 250000
1700722.15561224 1.46154799107143 250000
1825691.82397959 1.46154799107143 250000
1958547.16836735 1.47398429528061 250000
2099788.20153061 1.47398429528061 250000
2249942.86989796 1.51662388392857 250000
2409575.43367347 1.51662388392857 250000
2579283.67346939 1.58082477678571 250000
2759701.68367347 1.58082477678571 250000
2951505.45918367 1.65255030293367 250000
3155415.68877551 1.65255030293367 250000
3372194.96173469 1.72772680165816 250000
3602658.94132653 1.72772680165816 250000
3847665.19132653 1.81504280931122 250000
4108135.52295918 1.81504280931122 250000
4385044.82142857 1.92429838966837 250000
4679429.42602041 1.92429838966837 250000
4992395.51020408 2.05368367346939 250000
5325113.49489796 2.05368367346939 250000
5678832.01530612 2.18447146045918 250000
6054872.33418367 2.18447146045918 250000
6454647.89540816 2.28415393813775 250000
6879655.94387755 2.28415393813775 250000
7331485.90561224 2.29223142538265 250000
7811830.56122449 2.29223142538265 250000
8322494.42602041 2.29223142538265 250000
8865388.1632653 2.29223142538265 250000
0 5846406.21223451 260000
17924.08 5846406.21223451 260000
36977.3257142857 5846406.21223451 260000
57228.1714285714 5846406.21223451 260000
78750.7542857143 16214666.4906136 260000
101624.914285714 16214666.4906136 260000
125939.045714286 19939634.6829372 260000
151781.542857143 19939634.6829372 260000
179249.354285714 3670673.63281798 260000
208442.28 3670673.63281798 260000
239471.525714286 33976.8478032143 260000
272451.148571429 33976.8478032143 260000
307500.908571429 1208.9834612619 260000
344757.674285714 1208.9834612619 260000
384355.462857143 105.339345535714 260000
426442.548571429 105.339345535714 260000
471175.76 19.0302798333333 260000
518723.331428571 19.0302798333333 260000
569256.348571429 6.47266563095238 260000
622965.857142857 6.47266563095238 260000
680054.308571429 3.36524411904762 260000
740729.857142857 3.36524411904762 260000
805220.617142857 2.25440477380952 260000
873766.108571429 2.25440477380952 260000
946620.108571429 1.79267532142857 260000
1024053.50285714 1.79267532142857 260000
1106354.28571429 1.60580576190476 260000
1193830.41142857 1.60580576190476 260000
1286804.09142857 1.54347828571429 260000
1385623.2 1.54347828571429 260000
1490652.72 1.52384501190476 260000
1602286.14857143 1.52384501190476 260000
1720936.94285714 1.50771067857143 260000
1847047.07428571 1.50771067857143 260000
1981087.02857143 1.49808116666667 260000
2123550.10285714 1.49808116666667 260000
2274969.51428571 1.5175184047619 260000
2435909.84571429 1.5175184047619 260000
2606964.19428571 1.58032111904762 260000
2788774.13142857 1.58032111904762 260000
2982012.59428571 1.6758261547619 260000
3187398.14285714 1.6758261547619 260000
3405697.81142857 1.76675702380952 260000
3637718.55428571 1.76675702380952 260000
3884324.35428571 1.8131818452381 260000
4146433.37142857 1.8131818452381 260000
4425020.79428571 1.80293452380952 260000
4721118.84 1.80293452380952 260000
5035833.86285714 1.75131772619048 260000
5370329.24571429 1.75131772619048 260000
5725856.76571429 1.67687167857143 260000
6103730.93142857 1.67687167857143 260000
6505360.34857143 1.5860715 260000
6932239.16571429 1.5860715 260000
7385952.77714286 1.45380679761905 260000
7868186.37714286 1.45380679761905 260000
8380739.21714286 1.45380679761905 260000
8925510.34857143 1.45380679761905 260000
0 7082410.28176211 270000
17702.0271428571 7082410.28176211 270000
36533.0242857143 7082410.28176211 270000
56559.7285714286 7082410.28176211 270000
77862.7807142857 10359076.951208 270000
100522.821428571 10359076.951208 270000
124626.052857143 15313655.2958431 270000
150261.457857143 15313655.2958431 270000
177529.142142857 14068452.4399891 270000
206534.772857143 14068452.4399891 270000
237384.017142857 259949.672547182 270000
270199.226428571 259949.672547182 270000
305102.752142857 4467.82701519197 270000
342228.068571429 4467.82701519197 270000
381719.772857143 225.354432796131 270000
423722.462142857 225.354432796131 270000
468400.198571429 28.4222020982143 270000
515919.825 28.4222020982143 270000
566467.649285714 7.49950532440476 270000
620232.76 7.49950532440476 270000
677420.93 3.38597730208333 270000
738249.055 3.38597730208333 270000
802947.934285714 2.18060717708333 270000
871767.832142857 2.18060717708333 270000
944970.135714286 1.75421360714286 270000
1022830.13571429 1.75421360714286 270000
1105648.14928571 1.5939401875 270000
1193738.39714286 1.5939401875 270000
1287437.34571429 1.5329150952381 270000
1387098.14571429 1.5329150952381 270000
1493107.31642857 1.51590639285714 270000
1605862.5 1.51590639285714 270000
1725797.48785714 1.52624717410714 270000
1853368.31714286 1.52624717410714 270000
1989058.83214286 1.55589654017857 270000
2133386.24571429 1.55589654017857 270000
2286903.92 1.59950740922619 270000
2450195.805 1.59950740922619 270000
2623882 1.655984875 270000
2808624.315 1.655984875 270000
3005129.05142857 1.72580976934524 270000
3214144.22142857 1.72580976934524 270000
3436465.10928571 1.80518757589286 270000
3672939.83285714 1.80518757589286 270000
3924466.56285714 1.87646655208333 270000
4192007.42642857 1.87646655208333 270000
4476580.165 1.90804503869048 270000
4779269.25714286 1.90804503869048 270000
5101228.69928571 1.8793920952381 270000
5443684.78642857 1.8793920952381 270000
5807941.67357143 1.79103489880952 270000
6195386.93714286 1.79103489880952 270000
6607497.13642857 1.65946076785714 270000
7045846.15571429 1.65946076785714 270000
7512099.64285714 1.4859557827381 270000
8008034.47428571 1.4859557827381 270000
8535541.53571429 1.4859557827381 270000
9096631.28357143 1.4859557827381 270000
0 6072437.90899645 280000
18452.9469387755 6072437.90899645 280000
38064.3616326531 6072437.90899645 280000
58902.0424489796 6072437.90899645 280000
81042.6310204082 16896896.7671372 280000
104568.664489796 16896896.7671372 280000
129571.523265306 14933835.2516034 280000
156136.692244898 14933835.2516034 280000
184364.395102041 5687457.62802596 280000
214360.751020408 5687457.62802596 280000
246234.826938775 144924.437273012 280000
280104.533061224 144924.437273012 280000
316093.675102041 4418.89163385034 280000
354337.849795918 4418.89163385034 280000
394975.601632653 250.011711857143 280000
438154.318367347 250.011711857143 280000
484039.074285714 30.5852621173469 280000
532797.891428571 30.5852621173469 280000
584607.635102041 8.03268792346939 280000
639659.909387755 8.03268792346939 280000
698158.109387755 3.65189396088435 280000
760320.368979592 3.65189396088435 280000
826373.665306122 2.30282313265306 280000
896562.662040816 2.30282313265306 280000
971143.813877551 1.77349229251701 280000
1050397.15755102 1.77349229251701 280000
1134608.62530612 1.55566547278912 280000
1224093.62693878 1.55566547278912 280000
1319182.31102041 1.48554574829932 280000
1420222.51265306 1.48554574829932 280000
1527588.59673469 1.49278617176871 280000
1641675.56244898 1.49278617176871 280000
1762904.93877551 1.53420213095238 280000
1891724.7844898 1.53420213095238 280000
2028606.74040816 1.58240406802721 280000
2174060.76816327 1.58240406802721 280000
2328620.41142857 1.62652827721088 280000
2492854.58693878 1.62652827721088 280000
2667370.5322449 1.66421041326531 280000
2852813.80571429 1.66421041326531 280000
3049865.33877551 1.69323965986395 280000
3259253.22693877 1.69323965986395 280000
3481749.78204082 1.71746652210884 280000
3718174.48 1.71746652210884 280000
3969402.80408163 1.75209650340136 280000
4236357.40163265 1.75209650340136 280000
4520022.82285714 1.80763098129252 280000
4821448.46857143 1.80763098129252 280000
5141745.64244898 1.8828417244898 280000
5482093.44653061 1.8828417244898 280000
5843747.6244898 2.00266182823129 280000
6228043.50938775 2.00266182823129 280000
6636398.97142857 2.27572220918367 280000
7070317.36571429 2.27572220918367 280000
7531402.27102041 3.28486774489796 280000
8021351.59428571 3.28486774489796 280000
8541975.25714286 3.28486774489796 280000
9095192.24816326 3.28486774489796 280000
0 8707259.5603792 290000
18960.5575510204 8707259.5603792 290000
39084.7371428571 8707259.5603792 290000
60443.5289795918 8707259.5603792 290000
83117.1828571429 18255271.4292609 290000
107182.862040816 18255271.4292609 290000
132726.989387755 22783796.3795997 290000
159839.074285714 22783796.3795997 290000
188617.885714286 10225094.3722999 290000
219162.192653061 10225094.3722999 290000
251586.196734694 173668.912834082 290000
285997.926530612 173668.912834082 290000
322527.016326531 3758.83406754762 290000
361300.013877551 3758.83406754762 290000
402452.726530612 212.04119357483 290000
446133.307755102 212.04119357483 290000
492496.084081633 28.350767505102 290000
541710.814693877 28.350767505102 290000
593944.172244898 7.91438534183674 290000
649390.608163265 7.91438534183674 290000
708238.400816327 3.7185427670068 290000
770703.607346939 3.7185427670068 290000
837005.371428571 2.3806474914966 290000
907381.355918367 2.3806474914966 290000
982078.483265306 1.83231889795918 290000
1061365.28163265 1.83231889795918 290000
1145519.53877551 1.59265622619048 290000
1234846.82122449 1.59265622619048 290000
1329658.86857143 1.4976425255102 290000
1430295.19918367 1.4976425255102 290000
1537113.85061225 1.47540664455782 290000
1650494.46612245 1.47540664455782 290000
1770841.38122449 1.49597708503401 290000
1898577.45061225 1.49597708503401 290000
2034162.56734694 1.5430145255102 290000
2178075.14367347 1.5430145255102 290000
2330827.54367347 1.60084839285714 290000
2492962.99673469 1.60084839285714 290000
2665058.68408163 1.65728689115646 290000
2847725.73877551 1.65728689115646 290000
3041612.3322449 1.70045330782313 290000
3247409.84734694 1.70045330782313 290000
3465849.79183673 1.71193134353742 290000
3697706.88489796 1.71193134353742 290000
3943805.23020408 1.6780373792517 290000
4205024.48897959 1.6780373792517 290000
4482287.53387755 1.61037162585034 290000
4776578.96816327 1.61037162585034 290000
5088951.29877551 1.54111116496599 290000
5420512.59020408 1.54111116496599 290000
5772438.81061225 1.4933471037415 290000
6145983.09142857 1.4933471037415 290000
6542472.64081633 1.46365210714286 290000
6963318.00326531 1.46365210714286 290000
7410016.14612245 1.41215205782313 290000
7884153.54612245 1.41215205782313 290000
8387412.36244898 1.41215205782313 290000
8921588.95591837 1.41215205782313 290000
0 8579053.37042284 300000
19394.3724489796 8579053.37042284 300000
39978.6030612245 8579053.37042284 300000
61831.5948979592 8579053.37042284 300000
85022.7826530612 8705884.81848458 300000
109643.693877551 8705884.81848458 300000
135773.231632653 13825463.3738588 300000
163512.391836735 13825463.3738588 300000
192952.702040816 14552457.4246644 300000
224204.626530612 14552457.4246644 300000
257375.473469388 313200.416097277 300000
292585.175510204 313200.416097277 300000
329956.821428571 5357.5491619324 300000
369629.280612245 5357.5491619324 300000
411735.110204082 282.888850644133 300000
456428.960204081 282.888850644133 300000
503871.792857143 36.5502124489796 300000
554227.726530612 36.5502124489796 300000
607679.81632653 9.37764197704082 300000
664414.273469388 9.37764197704082 300000
724636.245918367 3.97706277423469 300000
788557.193877551 3.97706277423469 300000
856407.514285714 2.41176411989796 300000
928427.072448979 2.41176411989796 300000
1004871.51428571 1.83787585459184 300000
1086015.42244898 1.83787585459184 300000
1172142.84795918 1.60099571428571 300000
1263563.09081633 1.60099571428571 300000
1360604.3877551 1.51035582270408 300000
1463604.44387755 1.51035582270408 300000
1572935.68163265 1.49668586734694 300000
1688986.30408163 1.49668586734694 300000
1812166.60714286 1.52541973214286 300000
1942915.29183673 1.52541973214286 300000
2081699.46428571 1.57188048469388 300000
2229014.63571429 1.57188048469388 300000
2385378.41020408 1.61945903061224 300000
2551352.57755102 1.61945903061224 300000
2727524.17653061 1.66413788903061 300000
2914521.2755102 1.66413788903061 300000
3113009.81632653 1.70881017219388 300000
3323693.61428571 1.70881017219388 300000
3547326.98265306 1.74711760841837 300000
3784702.10816326 1.74711760841837 300000
4036661.6755102 1.76296397321429 300000
4304105.17959184 1.76296397321429 300000
4587982.6132653 1.75986045280612 300000
4889300.77959184 1.75986045280612 300000
5209139.07244898 1.7671918622449 300000
5548630.53979592 1.7671918622449 300000
5908980.82040816 1.80644613520408 300000
6291477.6122449 1.80644613520408 300000
6697474.89183673 1.88661164540816 300000
7128424.4755102 1.88661164540816 300000
7585853.92653061 2.06236163903061 300000
8071388.64795918 2.06236163903061 300000
8586764.50714286 2.06236163903061 300000
9133805.74285714 2.06236163903061 300000
0 4846048.15962919 30000
10311.4726530612 4846048.15962919 30000
21362.9687755102 4846048.15962919 30000
33206.2181632653 4846048.15962919 30000
45900.1353061224 4814505.57364552 30000
59506.5085714286 4814505.57364552 30000
74087.1263265306 32006.7791013036 30000
89715.2724489796 32006.7791013036 30000
106464.230816327 252.411045756378 30000
124414.47 252.411045756378 30000
143653.643265306 19.7533398954082 30000
164273.714693878 19.7533398954082 30000
186372.396122449 7.360192 30000
210057.457959184 7.360192 30000
235442.418367347 4.56891148596939 30000
262649.417142857 4.56891148596939 30000
291807.77877551 3.19366228826531 30000
323058.323265306 3.19366228826531 30000
356551.929183673 2.47380385969388 30000
392449.533673469 2.47380385969388 30000
430922.13244898 2.0658060497449 30000
472155.090612245 2.0658060497449 30000
516348.142653061 1.79416474872449 30000
563711.081632653 1.79416474872449 30000
614473.817755102 1.59849859183673 30000
668879.193673469 1.59849859183673 30000
727187.295306123 1.46995843112245 30000
789681.199591837 1.46995843112245 30000
856658.352857143 1.39931792219388 30000
928442.066326531 1.39931792219388 30000
1005377.20530612 1.35923631122449 30000
1087833.06306122 1.35923631122449 30000
1176206.23469388 1.32556105229592 30000
1270919.18020408 1.32556105229592 30000
1372430.28306122 1.2943824744898 30000
1481225.22857143 1.2943824744898 30000
1597827.06244898 1.27163693112245 30000
1722796.19081633 1.27163693112245 30000
1856731.81714286 1.26393134693878 30000
2000280.56387755 1.26393134693878 30000
2154129.2877551 1.27930659183673 30000
2319016.57530612 1.27930659183673 30000
2495737.05367347 1.32838104464286 30000
2685139.95367347 1.32838104464286 30000
2888131.98367347 1.42047085841837 30000
3105691.69897959 1.42047085841837 30000
3338862.31714286 1.55261833418367 30000
3588766.08734694 1.55261833418367 30000
3856602.85346939 1.7030478622449 30000
4143657.23877551 1.7030478622449 30000
4451311.57836735 1.84211659311224 30000
4781043.04530612 1.84211659311224 30000
5134435.14612245 1.96603759438776 30000
5513184.9055102 1.96603759438776 30000
5919114.36183673 2.09055432653061 30000
6354173.44102041 2.09055432653061 30000
6820450.01510204 2.09055432653061 30000
7320187.1455102 2.09055432653061 30000
0 3668604.6409755 40000
10548.5262244898 3668604.6409755 40000
21849.5663265306 3668604.6409755 40000
33953.4854081633 3668604.6409755 40000
46921.0178571429 162478.986416516 40000
60811.4167346939 162478.986416516 40000
75689.8604081633 730.561929958546 40000
91628.933877551 730.561929958546 40000
108702.703469388 84.9739664253826 40000
126992.642142857 84.9739664253826 40000
146584.666836735 27.4963954056122 40000
167573.58244898 27.4963954056122 40000
190055.675204082 10.5084995471939 40000
214137.600612245 10.5084995471939 40000
239936.383469388 5.44363737053571 40000
267572.01122449 5.44363737053571 40000
297174.840612245 3.5720337627551 40000
328887.078979592 3.5720337627551 40000
362855.377653061 2.68907673979592 40000
399244.163877551 2.68907673979592 40000
438225.271530612 2.19642148278061 40000
479980.90377551 2.19642148278061 40000
524709.558367347 1.8530746817602 40000
572624.546326531 1.8530746817602 40000
623952.510612245 1.60666835778061 40000
678933.426122449 1.60666835778061 40000
737830.968979592 1.4420621192602 40000
800922.147244898 1.4420621192602 40000
868507.670204082 1.33561337755102 40000
940904.541734694 1.33561337755102 40000
1018457.91091837 1.27255207270408 40000
1101533.66540816 1.27255207270408 40000
1190524.35673469 1.24881072895408 40000
1285853.64428571 1.24881072895408 40000
1387971.85132653 1.25480701530612 40000
1497361.89030612 1.25480701530612 40000
1614540.74418367 1.27737255612245 40000
1740065.39173469 1.27737255612245 40000
1874528.36357143 1.31461557397959 40000
2018566.63010204 1.31461557397959 40000
2172861.60153061 1.37083191581633 40000
2338146.5344898 1.37083191581633 40000
2515199.12540816 1.44203125829082 40000
2704862.24908163 1.44203125829082 40000
2908030.62673469 1.50574681568878 40000
3125667.12061224 1.50574681568878 40000
3358802.73397959 1.53142005612245 40000
3608539.57377551 1.53142005612245 40000
3876061.21989796 1.54053330038265 40000
4162632.72520408 1.54053330038265 40000
4469613.94744898 1.63524561543367 40000
4798453.62397959 1.63524561543367 40000
5150711.59163265 1.97046363711735 40000
5528055.82408163 1.97046363711735 40000
5932269.83846939 3.02764934885204 40000
6365270.47132653 3.02764934885204 40000
6829104.91591837 3.02764934885204 40000
7325971.46081633 3.02764934885204 40000
0 3530936.07470873 50000
10766.8042857143 3530936.07470873 50000
22301.1551020408 3530936.07470873 50000
34657.4455102041 3530936.07470873 50000
47894.6013265306 85906.7441665262 50000
62074.5702040816 85906.7441665262 50000
77263.8325510204 359.996959681335 50000
93537.9342857143 359.996959681335 50000
110969.399489796 50.5268823854167 50000
129644.350510204 50.5268823854167 50000
149650.420612245 25.5286467130102 50000
171081.286734694 25.5286467130102 50000
194039.691326531 13.1381151173469 50000
218634.420510204 13.1381151173469 50000
244980.304081633 6.71731012797619 50000
273205.770102041 6.71731012797619 50000
303440.75755102 3.95954729868197 50000
335831.825510204 3.95954729868197 50000
370530.065816327 2.67465917134354 50000
407701.679489796 2.67465917134354 50000
447521.933061225 2.05324362882653 50000
490179.691326531 2.05324362882653 50000
535877.417346939 1.7488470894983 50000
584831.17244898 1.7488470894983 50000
637273.638061225 1.59504819068878 50000
693454.115714286 1.59504819068878 50000
753637.016122449 1.49960536607143 50000
818109.41377551 1.49960536607143 50000
887175.003265306 1.42133035140306 50000
961163.164795918 1.42133035140306 50000
1040422.9205102 1.3562349517432 50000
1125332 1.3562349517432 50000
1216290.79663265 1.30738192453231 50000
1313731.43306122 1.30738192453231 50000
1418116.25030612 1.27660011054422 50000
1529940.82959184 1.27660011054422 50000
1649732.48142857 1.26903922321429 50000
1778060.82204082 1.26903922321429 50000
1915534.75153061 1.2898300894983 50000
2062803.96479592 1.2898300894983 50000
2220568.01704082 1.33653320578231 50000
2389574.81285714 1.33653320578231 50000
2570625.13897959 1.40854105697279 50000
2764577.19704082 1.40854105697279 50000
2972351.13632653 1.52347787627551 50000
3194930.56469388 1.52347787627551 50000
3433371.61408163 1.69988074340986 50000
3688804.45142857 1.69988074340986 50000
3962437.81142857 1.90704024255952 50000
4255572.59479592 1.90704024255952 50000
4569595.82459184 2.0699801974915 50000
4905997.26632653 2.0699801974915 50000
5266369.42795918 2.16650899468537 50000
5652424.18 2.16650899468537 50000
6065988.2227551 2.2034698352466 50000
6509022.72826531 2.2034698352466 50000
6983629.38397959 2.2034698352466 50000
7492056.43642857 2.2034698352466 50000
0 2238188.55700625 60000
11118.4592857143 2238188.55700625 60000
23022.4362244898 2238188.55700625 60000
35765.4530612245 2238188.55700625 60000
49410.4771428571 187.963663369473 60000
64018.9016326531 187.963663369473 60000
79658.4164285714 494.75247258057 60000
96403.0081632653 494.75247258057 60000
114329.811836735 555.352116092474 60000
133522.259183673 555.352116092474 60000
154071.652857143 92.4417586037415 60000
176072.443877551 92.4417586037415 60000
199625.38 18.587196681335 60000
224843.80244898 18.587196681335 60000
251842.626632653 7.05908561054422 60000
280747.787244898 7.05908561054422 60000
311694.664081633 3.92039621364796 60000
344828.082040816 3.92039621364796 60000
380300.736938775 2.70309309715136 60000
418279.492244898 2.70309309715136 60000
458939.082346939 2.12808971492347 60000
502473.131836735 2.12808971492347 60000
549079.987857143 1.81050471789966 60000
598978.461938775 1.81050471789966 60000
652401.533265306 1.61635539817177 60000
709597.922857143 1.61635539817177 60000
770835.241938775 1.48465197704082 60000
836396.843571428 1.48465197704082 60000
906588.119387755 1.39122745556973 60000
981738.07377551 1.39122745556973 60000
1062194.60132653 1.33498974383503 60000
1148333.93193878 1.33498974383503 60000
1240557.48244898 1.31445976509354 60000
1339295.005 1.31445976509354 60000
1445006.16122449 1.3146368607568 60000
1558183.67061224 1.3146368607568 60000
1679354.88469388 1.31726050021258 60000
1809083.36122449 1.31726050021258 60000
1947975.16091837 1.31566991879252 60000
2096675.69908163 1.31566991879252 60000
2255879.19071429 1.31949059375 60000
2426327.07632653 1.31949059375 60000
2608814.31867347 1.35100706271258 60000
2804189.4027551 1.35100706271258 60000
3013363.78091837 1.43402229464286 60000
3237313.44704082 1.43402229464286 60000
3477078.93653061 1.59038792665816 60000
3733777.91979592 1.59038792665816 60000
4008608.35061224 1.82806998405612 60000
4302850.04030612 1.82806998405612 60000
4617872.52867347 2.12075992219388 60000
4955144.52908163 2.12075992219388 60000
5316238.65102041 2.4137942130102 60000
5702836.12265306 2.4137942130102 60000
6116739.38428571 2.55932421407313 60000
6559873.66255102 2.55932421407313 60000
7034307.43479592 2.55932421407313 60000
7542250.85489796 2.55932421407313 60000
0 3744636.81242681 70000
11434.8836734694 3744636.81242681 70000
23672.3297959184 3744636.81242681 70000
36767.8 3744636.81242681 70000
50780.0183673469 9473247.03518722 70000
65775.8651020408 9473247.03518722 70000
81822.2204081633 131396.802568157 70000
98992.4893877551 131396.802568157 70000
117368.233265306 1280.00853207781 70000
137031.013265306 1280.00853207781 70000
158073.809183673 85.2339502172619 70000
180589.600816327 85.2339502172619 70000
204686.048979592 18.8891921760204 70000
230470.814489796 18.8891921760204 70000
258061.345510204 7.84891869855442 70000
287588.14 7.84891869855442 70000
319184.958367347 4.48978228571429 70000
352995.348367347 4.48978228571429 70000
389177.53877551 2.95980925935374 70000
427894.652040816 2.95980925935374 70000
469327.754081633 2.16226962244898 70000
513664.435714286 2.16226962244898 70000
561108.6 1.77294391411565 70000
611880.462244898 1.77294391411565 70000
666210.025102041 1.57897093197279 70000
724348.497142857 1.57897093197279 70000
786563.399183674 1.46570617984694 70000
853138.564285714 1.46570617984694 70000
924382.293877551 1.38804969897959 70000
1000619.20163265 1.38804969897959 70000
1082201.63204082 1.33439260841837 70000
1169503.1355102 1.33439260841837 70000
1262923.36204082 1.30580200085034 70000
1362894.58612245 1.30580200085034 70000
1469871.91938775 1.30386832015306 70000
1584349.62285714 1.30386832015306 70000
1706852.95081633 1.3299237329932 70000
1837944.67571429 1.3299237329932 70000
1978225.08816327 1.37795989583333 70000
2128340.15306122 1.37795989583333 70000
2288979.87836735 1.43111742389456 70000
2460879.94632653 1.43111742389456 70000
2644829.86959184 1.47913659481293 70000
2841676.25367347 1.47913659481293 70000
3052321.16571429 1.53145472193878 70000
3277735.18428571 1.53145472193878 70000
3518949.24326531 1.59643183078231 70000
3777074.20653061 1.59643183078231 70000
4053294.34306122 1.65265130314626 70000
4348877.11428571 1.65265130314626 70000
4665182.96142857 1.64257169515306 70000
5003662.04306122 1.64257169515306 70000
5365868.91612245 1.52703682227891 70000
5753469.06081633 1.52703682227891 70000
6168240.51183673 1.3217030412415 70000
6612088.53938776 1.3217030412415 70000
7087052.17408163 1.3217030412415 70000
7595310.73183673 1.3217030412415 70000
0 3830403.5931482 80000
11580.2091836735 3830403.5931482 80000
23974.5102040816 3830403.5931482 80000
37238.9336734694 3830403.5931482 80000
51436.1020408163 107297.003514477 80000
66630.2857142857 107297.003514477 80000
82892.3469387755 1100.62249656675 80000
100298.091836735 1100.62249656675 80000
118924.974489796 303.280087818878 80000
138861.984693878 303.280087818878 80000
160199.760204082 103.039468505527 80000
183037.178571429 103.039468505527 80000
207479.709183673 27.1158431335034 80000
233639.413265306 27.1158431335034 80000
261638.239795918 9.18998858418367 80000
291603.081632653 9.18998858418367 80000
323674.015306122 4.50055593112245 80000
357999.357142857 4.50055593112245 80000
394735.663265306 2.95167342687075 80000
434052.673469388 2.95167342687075 80000
476134.959183673 2.24624389880952 80000
521172.035714286 2.24624389880952 80000
569374.841836735 1.82935485756803 80000
620964.204081633 1.82935485756803 80000
676180.724489796 1.58285449617347 80000
735274.892857143 1.58285449617347 80000
798523.566326531 1.45101432823129 80000
866215.137755102 1.45101432823129 80000
938664.367346939 1.38798675595238 80000
1016204.14285714 1.38798675595238 80000
1099192.07142857 1.3601122130102 80000
1188012.12755102 1.3601122130102 80000
1283073.00510204 1.34825377338435 80000
1384814.70918367 1.34825377338435 80000
1493705.26020408 1.34237261904762 80000
1610247.28571429 1.34237261904762 80000
1734979.66836735 1.33714034863946 80000
1868475.89795918 1.33714034863946 80000
2011353.95918367 1.3429837372449 80000
2164271.3877551 1.3429837372449 80000
2327933.51020408 1.38573111181973 80000
2503096.73979592 1.38573111181973 80000
2690568.57653061 1.48575536777211 80000
2891214.19897959 1.48575536777211 80000
3105958.1122449 1.63932456420068 80000
3335794.03571429 1.63932456420068 80000
3581778.31122449 1.81036899447279 80000
3845049.67857143 1.81036899447279 80000
4126819.3877551 1.93754337797619 80000
4428390.9744898 1.93754337797619 80000
4751152.02040816 1.98331887755102 80000
5096593.92857143 1.98331887755102 80000
5466310.2755102 1.96652342687075 80000
5862006.69897959 1.96652342687075 80000
6285507.48979592 1.87162157738095 80000
6738768.7755102 1.87162157738095 80000
7223878.52040816 1.87162157738095 80000
7743079.59693877 1.87162157738095 80000
0 4282245.30122811 90000
11966.3398979592 4282245.30122811 90000
24759.3759183673 4282245.30122811 90000
38439.6402040816 4282245.30122811 90000
53064.2059183673 6295336.3313635 90000
68702.2526530612 6295336.3313635 90000
85421.2305102041 1102083.61003017 90000
103297.237040816 1102083.61003017 90000
122409.82877551 7570.75007360693 90000
142845.480204082 7570.75007360693 90000
164695.854285714 314.160027082908 90000
188056.072959184 314.160027082908 90000
213033.364591837 42.6040534619473 90000
239738.416530612 42.6040534619473 90000
268292.293061224 11.666612110119 90000
298821.246938775 11.666612110119 90000
331461.907857143 4.94273050637755 90000
366361.28244898 4.94273050637755 90000
403675.024795918 2.91309856568878 90000
443570.895408163 2.91309856568878 90000
486227.031734694 2.15695481760204 90000
531833.677653061 2.15695481760204 90000
580596.64244898 1.81054882079082 90000
632732.112346939 1.81054882079082 90000
688475.297959184 1.61563171768707 90000
748076.975306122 1.61563171768707 90000
811800.026836734 1.4933531860119 90000
879933.277346939 1.4933531860119 90000
952781.117040816 1.41250314115646 90000
1030666.9605102 1.41250314115646 90000
1113943.62367347 1.35601368069728 90000
1202981.21734694 1.35601368069728 90000
1298179.25367347 1.31979528188776 90000
1399964.91663265 1.31979528188776 90000
1508791.33255102 1.30432355442177 90000
1625147.94704082 1.30432355442177 90000
1749555.33653061 1.31209544919218 90000
1882568.6672449 1.31209544919218 90000
2024786.34265306 1.34756079931973 90000
2176844.815 1.34756079931973 90000
2339422.04428571 1.41552254209184 90000
2513247.87520408 1.41552254209184 90000
2699102.30765306 1.5125937599915 90000
2897813.7672449 1.5125937599915 90000
3110272.94122449 1.61079274936224 90000
3337434.50795918 1.61079274936224 90000
3580310.21897959 1.66491136755952 90000
3839991.38234694 1.66491136755952 90000
4117640.21520408 1.65935898469388 90000
4414498.49122449 1.65935898469388 90000
4731894.45857143 1.63823038435374 90000
5071253.21683673 1.63823038435374 90000
5434089.79908163 1.66298010395408 90000
5822029.92571429 1.66298010395408 90000
6236811.73397959 1.71596734757653 90000
6680290.96642857 1.71596734757653 90000
7154454.80683673 1.71596734757653 90000
7661423.60969388 1.71596734757653 90000
0 96162.7447481633 hpsmc
8124.10775510204 96162.7447481633 hpsmc
16856.3853061225 96162.7447481633 hpsmc
26243.4481632653 96162.7447481633 hpsmc
36334.08 341.099370176871 hpsmc
47181.4008163265 341.099370176871 hpsmc
58840.6987755102 46.9360754013605 hpsmc
71373.7665306122 46.9360754013605 hpsmc
84846.7330612245 17.693619292517 hpsmc
99328.9795918367 17.693619292517 hpsmc
114896.391836735 7.64200084353741 hpsmc
131630.275918367 7.64200084353741 hpsmc
149618.44244898 4.43509540136054 hpsmc
168955.206530612 4.43509540136054 hpsmc
189740.303673469 3.2813231292517 hpsmc
212083.226122449 3.2813231292517 hpsmc
236099.970612245 2.68994304761905 hpsmc
261917.374693878 2.68994304761905 hpsmc
289668.780408163 2.26003466666667 hpsmc
319499.454693877 2.26003466666667 hpsmc
351566.589387755 1.89984854421769 hpsmc
386036.048979592 1.89984854421769 hpsmc
423088.875102041 1.60397556462585 hpsmc
462919.118367347 1.60397556462585 hpsmc
505732.754285714 1.37674979591837 hpsmc
551755.271836735 1.37674979591837 hpsmc
601227.337142857 1.21471346938776 hpsmc
654405.87755102 1.21471346938776 hpsmc
711570.586122449 1.10902680272109 hpsmc
773018.50122449 1.10902680272109 hpsmc
839071.595102041 1.05101036734694 hpsmc
910073.521632653 1.05101036734694 hpsmc
986397.204897959 1.03460234013605 hpsmc
1068440.50285714 1.03460234013605 hpsmc
1156631.6277551 1.0564262585034 hpsmc
1251431.31428571 1.0564262585034 hpsmc
1353336.07183673 1.11603493877551 hpsmc
1462876.01632653 1.11603493877551 hpsmc
1580625.71102041 1.21746206802721 hpsmc
1707199.83020408 1.21746206802721 hpsmc
1843258.57959184 1.37156427210884 hpsmc
1989513.11673469 1.37156427210884 hpsmc
2146727.71918367 1.59826832653061 hpsmc
2315724.12081633 1.59826832653061 hpsmc
2497384.76408163 1.92806628571429 hpsmc
2692659.3044898 1.92806628571429 hpsmc
2902566.77877551 2.40171961904762 hpsmc
3128204.27755102 2.40171961904762 hpsmc
3370751.28163265 3.06539213605442 hpsmc
3631473.99836735 3.06539213605442 hpsmc
3911735.11836735 3.95621589115646 hpsmc
4212998.15183673 3.95621589115646 hpsmc
4536837.18530612 5.06791902040816 hpsmc
4884945.55428571 5.06791902040816 hpsmc
5259139.0955102 6.54987216326531 hpsmc
5661374.57632653 6.54987216326531 hpsmc
6093752.94693878 6.54987216326531 hpsmc
6558533.43346939 6.54987216326531 hpsmc
