0 2691337.32716926 100000
12429.81 2691337.32716926 100000
25731.5142857143 2691337.32716926 100000
39965.3657142857 2691337.32716926 100000
55196.9335714286 15299894.8171138 100000
71498.8757142857 15299894.8171138 100000
88943.85 3321698.01770463 100000
107611.602857143 3321698.01770463 100000
127588.969285714 15568.2206136741 100000
148966.328571429 15568.2206136741 100000
171844.692857143 378.117609848214 100000
196326.846428571 378.117609848214 100000
222526.206428571 40.4776552946429 100000
250563.278571429 40.4776552946429 100000
280567.429285714 11.0369020223214 100000
312675.113571429 11.0369020223214 100000
347035.191428571 5.18924409375 100000
383805.383571429 5.18924409375 100000
423155.815714286 3.25084100892857 100000
465263.702142857 3.25084100892857 100000
510327.522857143 2.37048104910714 100000
558549.302142857 2.37048104910714 100000
610155.874285714 1.90444808928571 100000
665381.162142857 1.90444808928571 100000
724478.582142857 1.66184911607143 100000
787722.816428571 1.66184911607143 100000
855400.952142857 1.54134340178571 100000
927826.658571428 1.54134340178571 100000
1005333.09857143 1.47715491071429 100000
1088274.70071429 1.47715491071429 100000
1177036.02 1.43608919196429 100000
1272019.33285714 1.43608919196429 100000
1373667.675 1.41010883928571 100000
1482443.57571429 1.41010883928571 100000
1598850.32357143 1.40444167410714 100000
1723419.56142857 1.40444167410714 100000
1856729.00785714 1.42318577678571 100000
1999386.50785714 1.42318577678571 100000
2152049.52642857 1.46553260714286 100000
2315419.83214286 1.46553260714286 100000
2490250.58571429 1.53568362053571 100000
2677342.79571429 1.53568362053571 100000
2877555.95142857 1.64127379910714 100000
3091813.33928571 1.64127379910714 100000
3321098.49857143 1.77988490625 100000
3566465.85428571 1.77988490625 100000
3829040.71714286 1.93456344196429 100000
4110033.46071429 1.93456344196429 100000
4410735.97714286 2.05947366964286 100000
4732526.99357143 2.05947366964286 100000
5076889.79357143 2.08904630357143 100000
5445405.12857143 2.08904630357143 100000
5839767.16714286 2.01651028125 100000
6261788.81142857 2.01651028125 100000
6713410.55785714 1.86213079464286 100000
7196709.35785714 1.86213079464286 100000
7713905.70642857 1.86213079464286 100000
8267376.04714286 1.86213079464286 100000
0 608.081266806973 10000
9855.26530612245 608.081266806973 10000
20425.1734693878 608.081266806973 10000
31758.7285714286 608.081266806973 10000
43914.4632653061 60.5785904846939 10000
56949.5489795918 60.5785904846939 10000
70927.9632653061 25.2311296683673 10000
85919.1285714285 25.2311296683673 10000
101996.551020408 17.6979658758503 10000
119236.459183673 17.6979658758503 10000
137724.610204082 13.8298621556122 10000
157552.206122449 13.8298621556122 10000
178815.893877551 7.64818159013605 10000
201617.765306122 7.64818159013605 10000
226070.802040816 4.31762825680272 10000
252294.791836735 4.31762825680272 10000
280417.689795918 3.11855679846939 10000
310575.618367347 3.11855679846939 10000
342918.312244898 2.57239099489796 10000
377602.312244898 2.57239099489796 10000
414796.410204082 2.14805761904762 10000
454684.371428571 2.14805761904762 10000
497460.851020408 1.80470575680272 10000
543334.11632653 1.80470575680272 10000
592528.769387755 1.57105157312925 10000
645285.746938776 1.57105157312925 10000
701860.959183673 1.42912974064626 10000
762533.457142857 1.42912974064626 10000
827598.626530612 1.35181218962585 10000
897374.993877551 1.35181218962585 10000
972202.865306122 1.31502226190476 10000
1052448.41020408 1.31502226190476 10000
1138503.66122449 1.29901369472789 10000
1230790.59795918 1.29901369472789 10000
1329758.4244898 1.28930079081633 10000
1435893.09795918 1.28930079081633 10000
1549710.52244898 1.27854995323129 10000
1671770.16122449 1.27854995323129 10000
1802666.86938776 1.27024648384354 10000
1943040.42244898 1.27024648384354 10000
2093576.87755102 1.27517525085034 10000
2255014.01836735 1.27517525085034 10000
2428138.63265306 1.30741074829932 10000
2613797.40204082 1.30741074829932 10000
2812899.6244898 1.37815755527211 10000
3026417.21428571 1.37815755527211 10000
3255392.86938775 1.49280101615646 10000
3500948.23877551 1.49280101615646 10000
3764282.56122449 1.65004796768707 10000
4046682.19387755 1.65004796768707 10000
4349528.77959184 1.81873487670068 10000
4674301.96938775 1.81873487670068 10000
5022590.3122449 1.9027706377551 10000
5396095.33877551 1.9027706377551 10000
5796642.45102041 1.73191711309524 10000
6226190.45102041 1.73191711309524 10000
6686839.70816327 1.73191711309524 10000
7180840.32653061 1.73191711309524 10000
0 3348805.37780117 110000
12778.7479591837 3348805.37780117 110000
26446.7718367347 3348805.37780117 110000
41064.7040816326 3348805.37780117 110000
56700.5265306122 8480722.50790826 110000
73422.2210204082 8480722.50790826 110000
91308.7934693877 139245.622228074 110000
110437.41244898 139245.622228074 110000
130898.107959184 2877.11664915689 110000
152780.91 2877.11664915689 110000
176186.872653061 197.121913725765 110000
201218.887346939 197.121913725765 110000
227992.706938775 35.2083942104592 110000
256629.596326531 35.2083942104592 110000
287258.169795918 11.7039 110000
320016.228367347 11.7039 110000
355052.597142857 5.47470439540816 110000
392525.287959184 5.47470439540816 110000
432605.174081633 3.26922968622449 110000
475472.315510204 3.26922968622449 110000
521321.471020408 2.37460249489796 110000
570358.423469388 2.37460249489796 110000
622807.329183673 1.9557486377551 110000
678903.368571429 1.9557486377551 110000
738900.095510204 1.72732430739796 110000
803071.274693877 1.72732430739796 110000
871705.369591837 1.58333755229592 110000
945112.891836735 1.58333755229592 110000
1023624.56387755 1.48314089923469 110000
1107598.66836735 1.48314089923469 110000
1197411.86142857 1.41551887627551 110000
1293473.87142857 1.41551887627551 110000
1396214.63755102 1.38062076785714 110000
1506102.68326531 1.38062076785714 110000
1623632.25489796 1.38098058163265 110000
1749338.02040816 1.38098058163265 110000
1883785.88265306 1.41701937627551 110000
2027584.00346939 1.41701937627551 110000
2181384.64102041 1.48459546556122 110000
2345880.47510204 1.48459546556122 110000
2521819.30591837 1.57482833928571 110000
2709993.03 1.57482833928571 110000
2911256.01367347 1.67613888392857 110000
3126517.74367347 1.67613888392857 110000
3356750.17653061 1.77734990561224 110000
3602995.08795918 1.77734990561224 110000
3866367.74755102 1.86379707908163 110000
4148056.91877551 1.86379707908163 110000
4449339.5577551 1.91145709311224 110000
4771575.30122449 1.91145709311224 110000
5116223.00265306 1.89170178571429 110000
5484842.56959184 1.89170178571429 110000
5879098.63836735 1.79424584183673 110000
6300777.11020408 1.79424584183673 110000
6751783.31387755 1.61023554591837 110000
7234158.54183673 1.61023554591837 110000
7750081.88755102 1.61023554591837 110000
8301890.45632653 1.61023554591837 110000
0 4518948.84813876 120000
13144.927755102 4518948.84813876 120000
27194.9536734694 4518948.84813876 120000
42213.0909183674 4518948.84813876 120000
58264.2621428571 9093156.93332432 120000
75421.0279591837 9093156.93332432 120000
93757.8584693877 7631244.64424346 120000
113358.77122449 7631244.64424346 120000
134307.78377551 29806.6369833977 120000
156698.461122449 29806.6369833977 120000
180632.00622449 582.231822545706 120000
206211.531530612 582.231822545706 120000
233553.515918367 53.3403284338861 120000
262778.257244898 53.3403284338861 120000
294013.691326531 13.0941393046344 120000
327399.210918367 13.0941393046344 120000
363083.75622449 5.77407834715136 120000
401223.905408163 5.77407834715136 120000
441989.603061224 3.44274645238095 120000
485562.250714286 3.44274645238095 120000
532134.706836735 2.43901916305272 120000
581915.105816326 2.43901916305272 120000
635119.22 1.96340503592687 120000
691987.645102041 1.96340503592687 120000
752772.43377551 1.70781584863946 120000
817739.005102041 1.70781584863946 120000
887179.511020408 1.55570111777211 120000
961401.379387755 1.55570111777211 120000
1040731.13295918 1.47112663222789 120000
1125522.02734694 1.47112663222789 120000
1216150.23204082 1.43699450212585 120000
1313018.64938775 1.43699450212585 120000
1416555.00510204 1.43506114370748 120000
1527219.48622449 1.43506114370748 120000
1645502.83163265 1.44623961522109 120000
1771928.24153061 1.44623961522109 120000
1907055.19642857 1.45801878039966 120000
2051487.09510204 1.45801878039966 120000
2205861.70714286 1.4658834914966 120000
2370862.62989796 1.4658834914966 120000
2547223.10744898 1.47409827572279 120000
2735726.03061224 1.47409827572279 120000
2937203.93693878 1.50382266687925 120000
3152554.28663265 1.50382266687925 120000
3382728.00561224 1.59269748256803 120000
3628746.67091837 1.59269748256803 120000
3891704.42020408 1.77708656909014 120000
4172762.22326531 1.77708656909014 120000
4473168.88642857 2.06094416156463 120000
4794257.23357143 2.06094416156463 120000
5137449.83459184 2.38539432461735 120000
5504268.55285714 2.38539432461735 120000
5896340.27367347 2.63048529613095 120000
6315402.6327551 2.63048529613095 120000
6763313.56367347 2.62484036692177 120000
7242060.84530612 2.62484036692177 120000
7753765.92081632 2.62484036692177 120000
8300697.26408163 2.62484036692177 120000
0 4158406.6501455 130000
13484.8423469388 4158406.6501455 130000
27893.0882653061 4158406.6501455 130000
43287.7418367347 4158406.6501455 130000
59737.7137755102 6023830.04969077 130000
77313.8836734694 6023830.04969077 130000
96095.0066326531 671753.608718663 130000
116161.806632653 671753.608718663 130000
137600.914285714 17320.5635283057 130000
160510.773469388 17320.5635283057 130000
184989.828061224 945.714735967262 130000
211144.39744898 945.714735967262 130000
239090.645408163 98.2663299160289 130000
268950.642346939 98.2663299160289 130000
300854.334183673 20.7343274245323 130000
334945.448979592 20.7343274245323 130000
371371.65255102 7.22159264562075 130000
410290.455102041 7.22159264562075 130000
451877.086734694 3.59315230867347 130000
496310.715306122 3.59315230867347 130000
543788.228571429 2.43969770089286 130000
594516.358673469 2.43969770089286 130000
648719.557653061 2.00468651147959 130000
706636.059693878 2.00468651147959 130000
768517.881122449 1.76141118090986 130000
834638.695918367 1.76141118090986 130000
905287.929081633 1.58610314413265 130000
980776.663265306 1.58610314413265 130000
1061433.70102041 1.4722404942602 130000
1147617.37806122 1.4722404942602 130000
1239701.78112245 1.41389198767007 130000
1338094.46785714 1.41389198767007 130000
1443224.65357143 1.39499076318027 130000
1555555.0244898 1.39499076318027 130000
1675579.76887755 1.40288678252551 130000
1803826.54591837 1.40288678252551 130000
1940854.51683673 1.43290396152211 130000
2087268.12704082 1.43290396152211 130000
2243711.1994898 1.48965275510204 130000
2410866.93469388 1.48965275510204 130000
2589471.69285714 1.58517613095238 130000
2780311.05612245 1.58517613095238 130000
2984217.85969388 1.72307959608844 130000
3202091.88061224 1.72307959608844 130000
3434888.0244898 1.87614341836735 130000
3683630.10765306 1.87614341836735 130000
3949404.9505102 1.98921851721939 130000
4233386.00408163 1.98921851721939 130000
4536815.63010204 2.02644260841837 130000
4861026.75867347 2.02644260841837 130000
5207442.88826531 2.00374719281463 130000
5577585.96122449 2.00374719281463 130000
5973078.33265306 1.97100639987245 130000
6395660.49030612 1.97100639987245 130000
6847183.17908163 2.11799131271258 130000
7329632.99642857 2.11799131271258 130000
7845124.51683673 2.11799131271258 130000
8395921.9494898 2.11799131271258 130000
0 4054240.20836484 140000
13827.4946938776 4054240.20836484 140000
28588.9481632653 4054240.20836484 140000
44349.7579591837 4054240.20836484 140000
61177.3653061224 9026940.7917907 140000
79143.2987755102 9026940.7917907 140000
98325.2179591837 6392309.77768148 140000
118804.869795918 6392309.77768148 140000
140670.132244898 214892.254891903 140000
164012.970612245 214892.254891903 140000
188937.612244898 3571.61842401786 140000
215546.240816326 3571.61842401786 140000
243957.389387755 183.801481885204 140000
274289.591020408 183.801481885204 140000
306673.640816326 25.4492355816327 140000
341248.508571429 25.4492355816327 140000
378163.38244898 7.39368703061225 140000
417575.625306122 7.39368703061225 140000
459654.862040816 3.61047702295918 140000
504580.935918367 3.61047702295918 140000
552545.952244898 2.43088146938776 140000
603756.322040816 2.43088146938776 140000
658430.718367347 1.96250131377551 140000
716804.163673469 1.96250131377551 140000
779128.029795918 1.73954931122449 140000
845667.994285714 1.73954931122449 140000
916710.171428571 1.61307572704082 140000
992559.068571429 1.61307572704082 140000
1073539.62979592 1.5299237627551 140000
1159999.27959184 1.5299237627551 140000
1252307.92285714 1.47136826020408 140000
1350862.0322449 1.47136826020408 140000
1456084.64816327 1.43212972959184 140000
1568425.37877551 1.43212972959184 140000
1688366.53102041 1.41092661734694 140000
1816423.11061224 1.41092661734694 140000
1953142.82204082 1.40852104336735 140000
2099114.24326531 1.40852104336735 140000
2254960.69469388 1.43093758673469 140000
2421350.45755102 1.43093758673469 140000
2598998.81755102 1.48729188265306 140000
2788666.02122449 1.48729188265306 140000
2991165.45061224 1.58432379591837 140000
3207365.66693878 1.58432379591837 140000
3438192.45428571 1.72141596683673 140000
3684636.99428571 1.72141596683673 140000
3947753.82244898 1.88140579591837 140000
4228675.13387755 1.88140579591837 140000
4528600.56489796 2.03147955102041 140000
4848817.62979592 2.03147955102041 140000
5190701.72081633 2.14713018112245 140000
5555714.06448979 2.14713018112245 140000
5945424.20204082 2.2023774872449 140000
6361499.77102041 2.2023774872449 140000
6805724.89836735 2.07677246428571 140000
7280006.33142857 2.07677246428571 140000
7786375.48163265 2.07677246428571 140000
8327004.77387755 2.07677246428571 140000
0 3670991.87868039 150000
14230.3665306122 3670991.87868039 150000
29414.9496938775 3670991.87868039 150000
45617.5056122449 3670991.87868039 150000
62903.9156122449 18579045.5210669 150000
81346.4366326531 18579045.5210669 150000
101025.826428571 9325569.83621426 150000
122022.842755102 9325569.83621426 150000
144424.618979592 120218.511372032 150000
168326.789285714 120218.511372032 150000
193831.363469388 2208.7857724983 150000
221042.476530612 2208.7857724983 150000
250074.889489796 143.183668041241 150000
281051.864183673 143.183668041241 150000
314105.163265306 24.0294611755952 150000
349370.799795918 24.0294611755952 150000
386997.538061225 7.75423656016156 150000
427142.643163265 7.75423656016156 150000
469978.256632653 3.92612415795068 150000
515680.770408163 3.92612415795068 150000
564445.703265306 2.62437467283163 150000
616474.949591837 2.62437467283163 150000
671987.405408163 2.03909346875 150000
731218.968367347 2.03909346875 150000
794416.162142857 1.73353782440476 150000
861844.637244898 1.73353782440476 150000
933791.29622449 1.56794015136054 150000
1010553.66765306 1.56794015136054 150000
1092454.78255102 1.48514131483844 150000
1179843.17438775 1.48514131483844 150000
1273082.25306122 1.4546402087585 150000
1372565.18132653 1.4546402087585 150000
1478710.62438776 1.44755176764456 150000
1591962.74989796 1.44755176764456 150000
1712799.72877551 1.44521847066327 150000
1841727.35959184 1.44521847066327 150000
1979289.69459184 1.44563465646259 150000
2126064.78928571 1.44563465646259 150000
2282666.82765306 1.4512487372449 150000
2449756.74816327 1.4512487372449 150000
2628035.86816327 1.47018519111395 150000
2818252.2594898 1.47018519111395 150000
3021207.12408163 1.52811913988095 150000
3237752.66877551 1.52811913988095 150000
3468798.48091837 1.65280663435374 150000
3715317.90397959 1.65280663435374 150000
3978343.78714286 1.83763297682823 150000
4258985.48693878 1.83763297682823 150000
4558418.24122449 2.02739599128401 150000
4877902.29602041 2.02739599128401 150000
5218780.78030612 2.13873012011054 150000
5582486.08163265 2.13873012011054 150000
5970548.34693878 2.1014460710034 150000
6384595.48255102 2.1014460710034 150000
6826370.15581633 1.83685816284014 150000
7297727.66989796 1.83685816284014 150000
7800648.715 1.83685816284014 150000
8337247.86918367 1.83685816284014 150000
0 3587241.5659791 160000
14470.9144897959 3587241.5659791 160000
29912.5834693877 3587241.5659791 160000
46393.8853061224 3587241.5659791 160000
63983.6983673469 10421167.3167066 160000
82755.2059183673 10421167.3167066 160000
102790.201020408 7783914.12178497 160000
124170.476734694 7783914.12178497 160000
146988.588367347 184196.696358723 160000
171339.243673469 184196.696358723 160000
197327.912653061 2972.37471024872 160000
225064.370204082 2972.37471024872 160000
254664.848571429 138.174780644133 160000
286256.342244898 138.174780644133 160000
319970.150612245 19.9941568669218 160000
355950.487755102 19.9941568669218 160000
394350.17755102 7.16130089328231 160000
435332.806122449 7.16130089328231 160000
479068.416938775 4.11193987670068 160000
525746.425510204 4.11193987670068 160000
575560.552244898 2.85296798426871 160000
628723.889591837 2.85296798426871 160000
685460.292244898 2.1856863792517 160000
746012.986938775 2.1856863792517 160000
810635.962653061 1.80798091028912 160000
879602.580408163 1.80798091028912 160000
953205.573265306 1.59329654591837 160000
1031757.04632653 1.59329654591837 160000
1115590.62918367 1.4705890170068 160000
1205057.17102041 1.4705890170068 160000
1300541.96020408 1.40322633248299 160000
1402443.19979592 1.40322633248299 160000
1511195.6844898 1.38284084693878 160000
1627257.88591837 1.38284084693878 160000
1751124.86734694 1.41016349617347 160000
1883317.52142857 1.41016349617347 160000
2024397.63734694 1.48586243622449 160000
2174963.59591837 1.48586243622449 160000
2335650.36959184 1.60510362542517 160000
2507138.1322449 1.60510362542517 160000
2690156.56408163 1.7358828380102 160000
2885478.39428571 1.7358828380102 160000
3093930.16326531 1.81793150255102 160000
3316396.52755102 1.81793150255102 160000
3553818.10734694 1.81860414285714 160000
3807202.24877551 1.81860414285714 160000
4077618.71897959 1.77306190986395 160000
4366216.92571428 1.77306190986395 160000
4674215.15510204 1.73831331164966 160000
5002917.79122449 1.73831331164966 160000
5353719.62102041 1.736299875 160000
5728105.83428571 1.736299875 160000
6127658.48102041 1.75186477168367 160000
6554073.69102041 1.75186477168367 160000
7009155.21653061 1.73107570195578 160000
7494831.65183673 1.73107570195578 160000
8013156.43326531 1.73107570195578 160000
8566327.21122449 1.73107570195578 160000
0 5356072.44130797 170000
14894.6040816327 5356072.44130797 170000
30780.6863265306 5356072.44130797 170000
47721.0553061224 5356072.44130797 170000
65785.2490816326 8488468.77140903 170000
85049.5352040816 8488468.77140903 170000
105592.424387755 13240874.0318639 170000
127499.156836735 13240874.0318639 170000
150861.702244898 445674.248417072 170000
175776.516632653 445674.248417072 170000
202344.542346939 4995.51267970514 170000
230675.694387755 4995.51267970514 170000
260888.860408163 221.127324127976 170000
293109.65755102 221.127324127976 170000
327468.189285714 30.1873416033163 170000
364110.26122449 30.1873416033163 170000
403183.922142857 8.99146759311224 170000
444852.922959184 8.99146759311224 170000
489289.987244898 4.31706584247449 170000
536676.81122449 4.31706584247449 170000
587210.793265306 2.75338009651361 170000
641098.304387755 2.75338009651361 170000
698565.904081632 2.07858518048469 170000
759851.367653061 2.07858518048469 170000
825203.68622449 1.74097976254252 170000
894896.525714286 1.74097976254252 170000
969217.011020408 1.57118164987245 170000
1048474.69867347 1.57118164987245 170000
1132994.84734694 1.48885755803571 170000
1223125.14734694 1.48885755803571 170000
1319242.45010204 1.45297629230442 170000
1421741.55234694 1.45297629230442 170000
1531048.65510204 1.45148552338435 170000
1647612.39102041 1.45148552338435 170000
1771917.28336735 1.47418353167517 170000
1904477.01653061 1.47418353167517 170000
2045838.92234694 1.50817680165816 170000
2196588.46642857 1.50817680165816 170000
2357349.24816327 1.54577782589286 170000
2528783.00071429 1.54577782589286 170000
2711603.05 1.58721092070578 170000
2906560.85571429 1.58721092070578 170000
3114466.19979592 1.64002339583333 170000
3336178.21377551 1.64002339583333 170000
3572612.10826531 1.70657057270408 170000
3824745.90244898 1.70657057270408 170000
4093622.6672449 1.76674810055272 170000
4380355.01163265 1.76674810055272 170000
4686127.32581633 1.78387091347789 170000
5012202.51071429 1.78387091347789 170000
5359933.19377551 1.75488270153061 170000
5730754.99948979 1.75488270153061 170000
6126200.00836735 1.72055763031463 170000
6547903.48642857 1.72055763031463 170000
6997610.61469388 1.67802164689626 170000
7477180.9755102 1.67802164689626 170000
7988597.52520408 1.67802164689626 170000
8533975.56673469 1.67802164689626 170000
0 4440617.95124719 180000
15214.0618367347 4440617.95124719 180000
31433.326122449 4440617.95124719 180000
48722.3471428571 4440617.95124719 180000
67152.5957142857 8001749.14894512 180000
86800.1536734694 8001749.14894512 180000
107743.408367347 10852004.8359854 180000
130067.663673469 10852004.8359854 180000
153865.14 2064355.38491361 180000
179234.974285714 2064355.38491361 180000
206278.608979592 15859.4592065774 180000
235104.403061224 15859.4592065774 180000
265834.548571429 472.41798442517 180000
298593.543061224 472.41798442517 180000
333512.800612245 43.3678189064626 180000
370737.568367347 43.3678189064626 180000
410417.704489796 10.0661601492347 180000
452716.900204082 10.0661601492347 180000
497808.06877551 4.4279148664966 180000
545875.651020408 4.4279148664966 180000
597115.615306122 2.79155018027211 180000
651735.45755102 2.79155018027211 180000
709958.812244898 2.1038116832483 180000
772027.757959184 2.1038116832483 180000
838188.984285714 1.74808586819728 180000
908719.152448979 1.74808586819728 180000
983904.145714286 1.56312150892857 180000
1064048.29142857 1.56312150892857 180000
1149483.58306122 1.47712597831633 180000
1240555.84714286 1.47712597831633 180000
1337640.88183673 1.4492341079932 180000
1441130.62387755 1.4492341079932 180000
1551449.28714286 1.45775969260204 180000
1669048.75163265 1.45775969260204 180000
1794408.56346939 1.48627116879252 180000
1928042.85142857 1.48627116879252 180000
2070495.71591837 1.52070972746599 180000
2222348.1455102 1.52070972746599 180000
2384222.62795918 1.55840481930272 180000
2556778.53918367 1.55840481930272 180000
2740723.67081633 1.60543242431973 180000
2936807.31367347 1.60543242431973 180000
3145831.78530612 1.65780112797619 180000
3368650.1244898 1.65780112797619 180000
3606170.7022449 1.70368078103741 180000
3859368.74938776 1.70368078103741 180000
4129274.82897959 1.73966114965986 180000
4416993.28040816 1.73966114965986 180000
4723699.91387755 1.76480562032313 180000
5050646.62142857 1.76480562032313 180000
5399168.29346939 1.77937356292517 180000
5770692.04081633 1.77937356292517 180000
6166732.58367347 1.79830276232993 180000
6588908.39020408 1.79830276232993 180000
7038946.28755102 1.86564767602041 180000
7518683.76734694 1.86564767602041 180000
8030078.2077551 1.86564767602041 180000
8575223.01204081 1.86564767602041 180000
0 4239823.46261597 190000
15790.0986734694 4239823.46261597 190000
32609.0895918367 4239823.46261597 190000
50522.4918367347 4239823.46261597 190000
69600.677755102 8242686.02494717 190000
89918.8729591837 8242686.02494717 190000
111562.009591837 3779723.44147443 190000
134612.593163265 3779723.44147443 190000
159162.835714286 132138.248635305 190000
185309.80255102 132138.248635305 190000
213157.838877551 5114.48524871237 190000
242820.996428571 5114.48524871237 190000
274410.900306122 360.940389273597 190000
308058.588673469 360.940389273597 190000
343895.099693878 47.5823988807398 190000
382063.604693878 47.5823988807398 190000
422716.981530612 11.6540650918367 190000
466015.387959184 11.6540650918367 190000
512131.114897959 4.80144153252551 190000
561246.159795918 4.80144153252551 190000
613559.506530612 2.84262826658163 190000
669274.992244898 2.84262826658163 190000
728615.867142857 2.11069519260204 190000
791819.94122449 2.11069519260204 190000
859137.157653061 1.78228079591837 190000
930834.446020408 1.78228079591837 190000
1007195.72234694 1.6106673125 190000
1088526.74234694 1.6106673125 190000
1175150.24816327 1.51480015625 190000
1267410.82163265 1.51480015625 190000
1365674.88428571 1.47067083035714 190000
1470333.12397959 1.47067083035714 190000
1581802.92153061 1.46578217665816 190000
1700525.92408163 1.46578217665816 190000
1826972.89836735 1.48473013329082 190000
1961648.58397959 1.48473013329082 190000
2105089.26673469 1.51447660522959 190000
2257862.77867347 1.51447660522959 190000
2420578.20459184 1.55177091581633 190000
2593881.02877551 1.55177091581633 190000
2778462.84153061 1.59440887372449 190000
2975054.05928571 1.59440887372449 190000
3184438.48438776 1.63471119770408 190000
3407448.45183673 1.63471119770408 190000
3644969.68255102 1.66564065306122 190000
3897946.13663265 1.66564065306122 190000
4167384.86663265 1.68163115114796 190000
4454358.44418367 1.68163115114796 190000
4760004.96 1.6707011932398 190000
5085540.15704082 1.6707011932398 190000
5432257.4305102 1.62502994451531 190000
5801539.96102041 1.62502994451531 190000
6194848.58142857 1.56236215625 190000
6613753.32306122 1.56236215625 190000
7059916.42928571 1.48538229081633 190000
7535111.76857143 1.48538229081633 190000
8041232.11438776 1.48538229081633 190000
8580284.29193878 1.48538229081633 190000
0 5897283.93942655 200000
15773.0820408163 5897283.93942655 200000
32580.74 5897283.93942655 200000
50492.5857142857 5897283.93942655 200000
69583.0318367347 9886962.91697007 200000
89926.4910204082 9886962.91697007 200000
111606.97755102 3796713.36017187 200000
134713.306530612 3796713.36017187 200000
159336.693469388 142617.191410155 200000
185577.955510204 142617.191410155 200000
213545.111020408 5913.75824018197 200000
243346.178367347 5913.75824018197 200000
275108.379183673 442.553366380102 200000
308956.534693878 442.553366380102 200000
345029.868571429 58.8140856947279 200000
383472.405306122 58.8140856947279 200000
424440.171428571 13.5909709965986 200000
468101.195510204 13.5909709965986 200000
514630.707346939 5.16378804591837 200000
564215.93877551 5.16378804591837 200000
617060.924489796 2.89090156632653 200000
673376.900408163 2.89090156632653 200000
733394.305714286 2.08195401360544 200000
797353.18122449 2.08195401360544 200000
865517.571836735 1.73917572789116 200000
938158.723673469 1.73917572789116 200000
1015571.88693878 1.57870344132653 200000
1098073.9155102 1.57870344132653 200000
1185996.06571429 1.50392072534014 200000
1279695.99836735 1.50392072534014 200000
1379550.57755102 1.47433569472789 200000
1485967.87265306 1.47433569472789 200000
1599375.15632653 1.47052504676871 200000
1720235.70734694 1.47052504676871 200000
1849039.20897959 1.48619271088435 200000
1986304.14938776 1.48619271088435 200000
2132587.42326531 1.52684962414966 200000
2288481.93142857 1.52684962414966 200000
2454621.38163265 1.59918192346939 200000
2631675.4877551 1.59918192346939 200000
2820364.3722449 1.69188768707483 200000
3021451.36489796 1.69188768707483 200000
3235750.20408163 1.77711217857143 200000
3464129.83755102 1.77711217857143 200000
3707516.82285714 1.83008118537415 200000
3966892.92693878 1.83008118537415 200000
4243314.32938776 1.84439361904762 200000
4537894.81959184 1.84439361904762 200000
4851834.60163265 1.82456524744898 200000
5186401.09102041 1.82456524744898 200000
5542948.11795918 1.77485679506803 200000
5922925.52897959 1.77485679506803 200000
6327867.18489796 1.70676021598639 200000
6759417.36530612 1.70676021598639 200000
7219323.56734694 1.60752834268707 200000
7709446.10734694 1.60752834268707 200000
8231774.92367347 1.60752834268707 200000
8788422.3755102 1.60752834268707 200000
0 3592915.2991347 20000
10393.7910204082 3592915.2991347 20000
21528.2253061224 3592915.2991347 20000
33455.7893877551 3592915.2991347 20000
46233.3436734694 3300158.99351639 20000
59923.5804081633 3300158.99351639 20000
74587.733877551 1515.45036876531 20000
90298.7020408163 1515.45036876531 20000
107129.382857143 69.9049512244898 20000
125159.964081633 69.9049512244898 20000
144475.007346939 17.1836922210884 20000
165167.822040816 17.1836922210884 20000
187336.091428571 7.79279487414966 20000
211083.330612245 7.79279487414966 20000
236524.718367347 4.87611107823129 20000
263778.349387755 4.87611107823129 20000
292976.897959184 3.47650974829932 20000
324254.496326531 3.47650974829932 20000
357764.230204082 2.67058028571429 20000
393660.643265306 2.67058028571429 20000
432117.232653061 2.13746232312925 20000
473314.785306123 2.13746232312925 20000
517448.667755102 1.77233770748299 20000
564730.284081633 1.77233770748299 20000
615381.244081633 1.55191857823129 20000
669643.568979592 1.55191857823129 20000
727773.859591837 1.43933982993197 20000
790047.670204082 1.43933982993197 20000
856760.966530612 1.39120591496599 20000
928231.583673469 1.39120591496599 20000
1004794.8522449 1.36667575170068 20000
1086816.72 1.36667575170068 20000
1174686.46204082 1.34028669047619 20000
1268819.59673469 1.34028669047619 20000
1369663.71755102 1.30818425170068 20000
1477697.03510204 1.30818425170068 20000
1593429.83510204 1.2833928707483 20000
1717414.68408163 1.2833928707483 20000
1850237.68163265 1.28452582653061 20000
1992528.66612245 1.28452582653061 20000
2144964.13061224 1.31534951360544 20000
2308265.76489796 1.31534951360544 20000
2483207.74530612 1.36209229251701 20000
2670622.56653061 1.36209229251701 20000
2871396.6677551 1.40917829931973 20000
3086483.55428571 1.40917829931973 20000
3316902.33959184 1.44200060544218 20000
3563747.95102041 1.44200060544218 20000
3828191.12979592 1.44911726870748 20000
4111484.26285714 1.44911726870748 20000
4414973.04653061 1.42836868707483 20000
4740096.48653061 1.42836868707483 20000
5088398.56163265 1.37641066666667 20000
5461528.22367347 1.37641066666667 20000
5861258.35102041 1.26154170748299 20000
6289482.83265306 1.26154170748299 20000
6748235.52163265 1.26154170748299 20000
7239690.23510204 1.26154170748299 20000
0 7234116.79898802 210000
16264.8147959184 7234116.79898802 210000
33592.3803061224 7234116.79898802 210000
52052.3851020408 7234116.79898802 210000
71717.0066326531 7648682.37307228 210000
92668.3778571429 7648682.37307228 210000
114988.631734694 11611139.1885175 210000
138767.367857143 11611139.1885175 210000
164101.65244898 9293446.444466 210000
191091.040612245 9293446.444466 210000
219842.554081633 58281.4382639005 210000
250473.170102041 58281.4382639005 210000
283104.843673469 1187.87658576701 210000
317871.974183673 1187.87658576701 210000
354908.961020408 73.3430162625425 210000
394365.136836735 73.3430162625425 210000
436402.278673469 13.3522680637755 210000
481184.65244898 13.3522680637755 210000
528893.94622449 5.21637105208333 210000
579721.803571428 5.21637105208333 210000
633869.823571428 3.0373535710034 210000
691557.02744898 3.0373535710034 210000
753014.880816326 2.15798128061224 210000
818487.293673469 2.15798128061224 210000
888240.575918367 1.7480320369898 210000
962548.504081632 1.7480320369898 210000
1041714.72122449 1.56742767453231 210000
1126055.31479592 1.56742767453231 210000
1215906.28326531 1.50755461394558 210000
1311628.51387755 1.50755461394558 210000
1413607.78265306 1.50390944536565 210000
1522249.77663265 1.50390944536565 210000
1637992.53826531 1.51956863329082 210000
1761296.50989796 1.51956863329082 210000
1892661.95591837 1.5409418692602 210000
2032609.05173469 1.5409418692602 210000
2181702.77255102 1.57161209991497 210000
2340537.96010204 1.57161209991497 210000
2509754.25591837 1.62084002380952 210000
2690031.12357143 1.62084002380952 210000
2882085.35979592 1.68488713945578 210000
3086691.0055102 1.68488713945578 210000
3304666.90142857 1.74308539285714 210000
3536889.13244898 1.74308539285714 210000
3784286.04989796 1.78360743048469 210000
4047850.71591837 1.78360743048469 210000
4328635.92571429 1.82252725318878 210000
4627774.11857143 1.82252725318878 210000
4946457.46683673 1.89533729187925 210000
5285967.74244898 1.89533729187925 210000
5647666.36142857 2.04212921577381 210000
6032999.36163265 2.04212921577381 210000
6443514.82489796 2.27241779634354 210000
6880855.41040816 2.27241779634354 210000
7346778.26571428 2.48279017134354 210000
7843147.56010204 2.48279017134354 210000
8371954.39561224 2.48279017134354 210000
8935316.80704081 2.48279017134354 210000
0 4119546.78721066 220000
16602.5857142857 4119546.78721066 220000
34277.8826530612 4119546.78721066 220000
53092.7744897959 4119546.78721066 220000
73121.8622448979 8872295.57132329 220000
94444.8918367347 8872295.57132329 220000
117144.181632653 10745591.066346 220000
141307.194897959 10745591.066346 220000
167029.112244898 1465201.09503598 220000
194412.831632653 1465201.09503598 220000
223563.823469388 21524.0960305995 220000
254597.847959184 21524.0960305995 220000
287630.665306122 879.701111770833 220000
322798.615306122 879.701111770833 220000
360235.465306122 82.0622854102891 220000
400087.844897959 82.0622854102891 220000
442515.245918367 15.6614713329082 220000
487677.160204082 15.6614713329082 220000
535756.231632653 5.49140147746599 220000
586937.676530612 5.49140147746599 220000
641422.145918367 3.01627681760204 220000
699423.153061224 3.01627681760204 220000
761169.645918367 2.15390081207483 220000
826898.289795918 2.15390081207483 220000
896871.474489796 1.77025220238095 220000
971359.307142857 1.77025220238095 220000
1050655.04693878 1.59418950680272 220000
1135069.96020408 1.59418950680272 220000
1224933.32040816 1.52623397959184 220000
1320594.98061224 1.52623397959184 220000
1422430.51836735 1.50635645195578 220000
1530838.66326531 1.50635645195578 220000
1646243.86938775 1.50792135841837 220000
1769098.8877551 1.50792135841837 220000
1899882.19387755 1.52338820790816 220000
2039105.70510204 1.52338820790816 220000
2187317.35306122 1.54413393707483 220000
2345093.36632653 1.54413393707483 220000
2513051.13265306 1.56918851828231 220000
2691851.77142857 1.56918851828231 220000
2882189.84387755 1.61162320790816 220000
3084813.93265306 1.61162320790816 220000
3300516.35204082 1.68575797193878 220000
3530138.29285714 1.68575797193878 220000
3774582.68469388 1.79573016581633 220000
4034803.90612245 1.79573016581633 220000
4311818.0744898 1.93117496386054 220000
4606713.33571429 1.93117496386054 220000
4920642.14693878 2.06330237457483 220000
5254828.99387755 2.06330237457483 220000
5610588.39795918 2.14981169005102 220000
5989306.90918367 2.14981169005102 220000
6392468.83061225 2.16306516156463 220000
6821651.07346939 2.16306516156463 220000
7278536.01938776 2.0748087244898 220000
7764906.3755102 2.0748087244898 220000
8282668.32653061 2.0748087244898 220000
8833846.38979592 2.0748087244898 220000
0 4375876.07485778 230000
17271.4131632653 4375876.07485778 230000
35642.4839795918 4375876.07485778 230000
55181.0925510204 4375876.07485778 230000
75963.2645918367 22990585.7421936 230000
98067.7410204081 22990585.7421936 230000
121575.977959184 11710931.5742506 230000
146583.00755102 11710931.5742506 230000
173178.431530612 2990165.21099673 230000
201468.142857143 2990165.21099673 230000
231555.319285714 45905.5251953899 230000
263556.714591837 45905.5251953899 230000
297591.797755102 1619.22954068474 230000
333793.61377551 1619.22954068474 230000
372300.638061224 123.730990185374 230000
413254.06122449 123.730990185374 230000
456814.080306122 19.4525705420918 230000
503143.60755102 19.4525705420918 230000
552421.846428571 6.00587304166667 230000
604833.430816327 6.00587304166667 230000
660579.285816327 3.13346430038265 230000
719871.197346939 3.13346430038265 230000
782934.527346939 2.21789748405612 230000
850010.928979592 2.21789748405612 230000
921352.91622449 1.81879076743197 230000
997234.724693877 1.81879076743197 230000
1077941.45081633 1.6097313664966 230000
1163782.62785714 1.6097313664966 230000
1255084.08030612 1.50190382440476 230000
1352193.35428571 1.50190382440476 230000
1455479.71755102 1.46242023171769 230000
1565336.87469388 1.46242023171769 230000
1682182.96714286 1.47285679740646 230000
1806460.57316327 1.47285679740646 230000
1938642.13826531 1.51977326126701 230000
2079235.40561224 1.51977326126701 230000
2228769.84 1.59107565178571 230000
2387815.63428571 1.59107565178571 230000
2556980.99418367 1.66986182355442 230000
2736906.70785714 1.66986182355442 230000
2928277.00673469 1.73165534311224 230000
3131819.5655102 1.73165534311224 230000
3348310.93255102 1.76114359077381 230000
3578573.81469388 1.76114359077381 230000
3823485.22285714 1.76595176466837 230000
4083973.75683673 1.76595176466837 230000
4361033.18132653 1.75933345471939 230000
4655716.9955102 1.75933345471939 230000
4969143.86346939 1.73647483035714 230000
5302511.19020408 1.73647483035714 230000
5657084.26081633 1.67899735395408 230000
6034209.81653061 1.67899735395408 230000
6435326.9155102 1.58070696619898 230000
6861958.7872449 1.58070696619898 230000
7315729.12377551 1.44553505633503 230000
7798364.79489796 1.44553505633503 230000
8311703.99377551 1.44553505633503 230000
8857693.52173469 1.44553505633503 230000
0 5478003.0043846 240000
17281.7814285714 5478003.0043846 240000
35671.0230612245 5478003.0043846 240000
55237.9540816327 5478003.0043846 240000
76055.5047959184 14709253.7977048 240000
98204.708877551 14709253.7977048 240000
121769.301122449 10208589.8541865 240000
146843.820816327 10208589.8541865 240000
173522.807244898 1139423.32527823 240000
201908.903061224 1139423.32527823 240000
232112.854285714 20708.9446187464 240000
264245.406938776 20708.9446187464 240000
298436.214897959 885.982799972577 240000
334814.932040816 885.982799972577 240000
373522.016734694 87.1944216877126 240000
414703.329591837 87.1944216877126 240000
458520.937959184 17.3804230440051 240000
505142.311428571 17.3804230440051 240000
554748.425204082 6.03451013520408 240000
607525.656734694 6.03451013520408 240000
663681.99244898 3.20576527784864 240000
723430.821020408 3.20576527784864 240000
787001.737857143 2.22126241857993 240000
854640.545102041 2.22126241857993 240000
926606.550510204 1.80261657568027 240000
1003177.96969388 1.80261657568027 240000
1084649.225 1.6110563480017 240000
1171333.64663265 1.6110563480017 240000
1263563.47265306 1.52936990327381 240000
1361695.25122449 1.52936990327381 240000
1466107.1394898 1.50762024022109 240000
1577198.90357143 1.50762024022109 240000
1695397.32081633 1.52012981356293 240000
1821158.88091837 1.52012981356293 240000
1954969.78591837 1.55202556781463 240000
2097340.54795918 1.55202556781463 240000
2248819.49489796 1.59261555994898 240000
2409992.77030612 1.59261555994898 240000
2581478.93122449 1.63605861267007 240000
2763937.05153061 1.63605861267007 240000
2958069.42306122 1.68372216921769 240000
3164621.55561225 1.68372216921769 240000
3384392.98142857 1.73717625701531 240000
3618223.74959184 1.73717625701531 240000
3867018.73612245 1.78891963392857 240000
4131731.4372449 1.78891963392857 240000
4413380.17612245 1.82954339009354 240000
4713050.80397959 1.82954339009354 240000
5031896.70010204 1.85834973554422 240000
5371144.17408163 1.85834973554422 240000
5732097.86806122 1.86378574447279 240000
6116146.15897959 1.86378574447279 240000
6524769.26193877 1.81568888286565 240000
6959536.52908163 1.81568888286565 240000
7422122.65632653 1.67161213690476 240000
7914307.68336735 1.67161213690476 240000
8437985.09704082 1.67161213690476 240000
8995167.23357143 1.67161213690476 240000
0 4522100.70649312 250000
17796.2146938775 4522100.70649312 250000
36720.1214285714 4522100.70649312 250000
56847.4607142857 4522100.70649312 250000
78248.3626530612 15059452.6082105 250000
101009.788571429 15059452.6082105 250000
125213.089387755 8271888.79910281 250000
150953.642040816 8271888.79910281 250000
178326.823469388 6986209.06416485 250000
207436.42622449 6986209.06416485 250000
238391.853265306 54823.1314162011 250000
271310.923163265 54823.1314162011 250000
306317.064897959 1353.70564470685 250000
343547.733469388 1353.70564470685 250000
383137.578673469 106.779427131378 250000
425240.886734694 106.779427131378 250000
470011.943877551 19.3653581945153 250000
517627.477959184 19.3653581945153 250000
568261.411632653 6.54439501806973 250000
622107.303979592 6.54439501806973 250000
679369.934897959 3.38208845684524 250000
740265.305102041 3.38208845684524 250000
805023.44132653 2.28853808737245 250000
873888.396326531 2.28853808737245 250000
947123.859285714 1.82739175722789 250000
1025007.54540816 1.82739175722789 250000
1107828.39071429 1.61444754655612 250000
1195906.18846939 1.61444754655612 250000
1289569.14755102 1.52617128061224 250000
1389176.33408163 1.52617128061224 250000
1495100.84020408 1.51136798490646 250000
1607743.81010204 1.51136798490646 250000
1727534.44 1.53451091857993 250000
1854927.17295918 1.53451091857993 250000
1990398.89367347 1.57044675170068 250000
2134465.75969388 1.57044675170068 250000
2287669.17540816 1.60683258630952 250000
2450595.42846939 1.60683258630952 250000
2623856.05336735 1.63886451041667 250000
2808110.27306122 1.63886451041667 250000
3004050.97295918 1.67218799723639 250000
3212421.53214286 1.67218799723639 250000
3434013.01816326 1.72560375829082 250000
3669664.18704082 1.72560375829082 250000
3920261.48326531 1.81531184715136 250000
4186758.67622449 1.81531184715136 250000
4470160.02897959 1.93310119770408 250000
4771542.73989796 1.93310119770408 250000
5092042.91663265 2.03149957504252 250000
5432875.21255102 2.03149957504252 250000
5795332.82673469 2.04273207971939 250000
6180781.89357143 2.04273207971939 250000
6590683.92438775 1.93698757419218 250000
7026593.0022449 1.93698757419218 250000
7490152.97673469 1.7002634147534 250000
7983122.71081632 1.7002634147534 250000
8507364.86 1.7002634147534 250000
9064865.50877551 1.7002634147534 250000
0 4670789.49441876 260000
17857.4194897959 4670789.49441876 260000
36856.2814285714 4670789.49441876 260000
57069.3247959184 4670789.49441876 260000
78572.0862244898 15679387.3530909 260000
101445.697653061 15679387.3530909 260000
125779.683979592 11979598.5785791 260000
151666.367755102 11979598.5785791 260000
179206.464489796 9149159.70577361 260000
208506.285 9149159.70577361 260000
239674.937755102 82054.678957021 260000
272832.721836735 82054.678957021 260000
308108.329285714 1804.16536282589 260000
345636.04744898 1804.16536282589 260000
385555.758979592 116.64627345727 260000
428026.930102041 116.64627345727 260000
473209.027040816 19.9546917640306 260000
521275.504285714 19.9546917640306 260000
572411.006938776 6.65693386096939 260000
626808.573061224 6.65693386096939 260000
684678.026632653 3.41206430102041 260000
746243.179897959 3.41206430102041 260000
811739.035714286 2.30312125510204 260000
881414.585204081 2.30312125510204 260000
955538.403061224 1.83643192538265 260000
1034393.0522449 1.83643192538265 260000
1118283.47693878 1.6263514942602 260000
1207525.81193878 1.6263514942602 260000
1302466.96622449 1.54037611862245 260000
1403467.83704082 1.54037611862245 260000
1510917.29816327 1.51185754272959 260000
1625226.60459184 1.51185754272959 260000
1746829.39255102 1.51261524043367 260000
1876198.46540816 1.51261524043367 260000
2013823.41244898 1.54140775318878 260000
2160232.99010204 1.54140775318878 260000
2315989.52663265 1.60106187627551 260000
2481688.92214286 1.60106187627551 260000
2657966.24387755 1.68439696683673 260000
2845495.72622449 1.68439696683673 260000
3044996.36602041 1.77305925510204 260000
3257229.12489796 1.77305925510204 260000
3483013.71520408 1.84583903380102 260000
3723209.01642857 1.84583903380102 260000
3978738.25408163 1.89914015306122 260000
4250577.80908163 1.89914015306122 260000
4539771.20602041 1.96250116645408 260000
4847426.3155102 1.96250116645408 260000
5174718.15183673 2.09028979846939 260000
5522902.86122449 2.09028979846939 260000
5893314.92418367 2.32121274489796 260000
6287372.75081633 2.32121274489796 260000
6706584.27612245 2.61067658163265 260000
7152555.35295918 2.61067658163265 260000
7626995.34734694 2.76038016262755 260000
8131722.73377551 2.76038016262755 260000
8668667.89285714 2.76038016262755 260000
9239887.09959184 2.76038016262755 260000
0 8892989.74211061 270000
18292.2653061224 8892989.74211061 270000
37733.0808163265 8892989.74211061 270000
58395.3240816327 8892989.74211061 270000
80351.8726530612 10666899.8470834 270000
103690.179591837 10666899.8470834 270000
128488.952653061 11168250.3908384 270000
154844.390204082 11168250.3908384 270000
182855.605714286 5957676.05374449 270000
212624.627755102 5957676.05374449 270000
244259.315102041 105414.003314335 270000
277882.102040816 105414.003314335 270000
313612.507755102 3181.90595344898 270000
351584.626938776 3181.90595344898 270000
391941.299591837 199.206990008503 270000
434831.195918367 199.206990008503 270000
480411.731428571 27.7273270833333 270000
528851.982040816 27.7273270833333 270000
580329.768979592 7.67893143027211 270000
635043.319183673 7.67893143027211 270000
693185.029387755 3.50578673809524 270000
754979.36244898 3.50578673809524 270000
820650.78122449 2.25782548129252 270000
890441.239183673 2.25782548129252 270000
964613.095510204 1.80624580952381 270000
1043437.45469388 1.80624580952381 270000
1127211.65714286 1.62288589115646 270000
1216238.87346939 1.62288589115646 270000
1310857.2555102 1.54078932993197 270000
1411410.78530612 1.54078932993197 270000
1518272.59591837 1.50528581632653 270000
1631842.05632653 1.50528581632653 270000
1752538.94122449 1.50027548469388 270000
1880809.26122449 1.50027548469388 270000
2017131.09306122 1.52393032312925 270000
2162005.83428571 1.52393032312925 270000
2315969.86367347 1.57441624659864 270000
2479600.37142857 1.57441624659864 270000
2653494.95346939 1.6431883622449 270000
2838303.67755102 1.6431883622449 270000
3034708.67755102 1.72045678571429 270000
3243441.64408163 1.72045678571429 270000
3465269.24897959 1.79750050340136 270000
3701019.38122449 1.79750050340136 270000
3951563.65632653 1.86683742006803 270000
4217831.99183673 1.86683742006803 270000
4500806.77714286 1.92484795068027 270000
4801540.36408163 1.92484795068027 270000
5121146.32163265 1.97345727721088 270000
5460808.18122449 1.97345727721088 270000
5821782.35183673 1.99912232142857 270000
6205412.6955102 1.99912232142857 270000
6613115.95183674 1.94015830952381 270000
7046402.14367347 1.94015830952381 270000
7506880.40734694 1.69830201020408 270000
7996253.16244898 1.69830201020408 270000
8516339.43265306 1.69830201020408 270000
9069060.27020408 1.69830201020408 270000
0 4658278.08148354 280000
18525.1505102041 4658278.08148354 280000
38221.8520408163 4658278.08148354 280000
59166.2554081633 4658278.08148354 280000
81434.5114285714 14097810.8800855 280000
105108.628673469 14097810.8800855 280000
130282.33122449 14061975.858386 280000
157049.343163265 14061975.858386 280000
185509.246326531 7832612.1023403 280000
215767.480306122 7832612.1023403 280000
247938.271326531 73242.6917462204 280000
282147.561122449 73242.6917462204 280000
318518.36255102 1796.13237032759 280000
357191.261734694 1796.13237032759 280000
398309.773673469 124.069278868197 280000
442026.2 124.069278868197 280000
488510.415612245 21.0146415121173 280000
537935.224285714 21.0146415121173 280000
590485.145306122 6.92627675276361 280000
646359.342346939 6.92627675276361 280000
705768.694591837 3.52663705187075 280000
768935.796734694 3.52663705187075 280000
836094.958979592 2.35559248320578 280000
907503.92255102 2.35559248320578 280000
983429.215306123 1.8689716817602 280000
1064157.8672449 1.8689716817602 280000
1149994.48163265 1.65712840922619 280000
1241255.3772449 1.65712840922619 280000
1338292.01938776 1.57652325829082 280000
1441467.58887755 1.57652325829082 280000
1551165.76867347 1.56512504315476 280000
1667802.45938776 1.56512504315476 280000
1791819.92153061 1.58471801360544 280000
1923677.98887755 1.58471801360544 280000
2063877.4994898 1.61141961394558 280000
2212945.65132653 1.61141961394558 280000
2371441.86 1.63990904995748 280000
2539963.61653061 1.63990904995748 280000
2719143.55846939 1.67694714732143 280000
2909655.32765306 1.67694714732143 280000
3112219.42795918 1.73465823873299 280000
3327597.36755102 1.73465823873299 280000
3556594.5877551 1.81967501147959 280000
3800078.03632653 1.81967501147959 280000
4058961.52306122 1.91526625255102 280000
4334220.36418367 1.91526625255102 280000
4626888.45346939 1.98519320408163 280000
4938067.04887755 1.98519320408163 280000
5268930.63030612 2.00722690582483 280000
5620721.04183673 2.00722690582483 280000
5994762.13612245 1.9940591605017 280000
6392459.77438775 1.9940591605017 280000
6815313.54193878 1.98218500276361 280000
7264913.81928571 1.98218500276361 280000
7742953.49765306 2.0004355710034 280000
8251225.05010204 2.0004355710034 280000
8791646.89142857 2.0004355710034 280000
9366251.66265306 2.0004355710034 280000
0 5596149.56626752 290000
19233.1226530612 5596149.56626752 290000
39652.3605102041 5596149.56626752 290000
61332.4294897959 5596149.56626752 290000
84354.2718367347 12536452.6571691 290000
108795.716632653 12536452.6571691 290000
134750.15877551 13444048.819297 290000
162304.766836735 13444048.819297 290000
191565.388367347 7715595.43359151 290000
222631.644591837 7715595.43359151 290000
255615.609387755 122930.471059997 290000
290638.696122449 122930.471059997 290000
327825.431326531 3010.65002240072 290000
367309.681020408 3010.65002240072 290000
409231.53755102 193.656934678359 290000
453743.545918367 193.656934678359 290000
501007.590612245 28.8797973484269 290000
551188.669285714 28.8797973484269 290000
604470.458571429 8.43115306994047 290000
661045.974591837 8.43115306994047 290000
721114.459795918 3.89354249532313 290000
784893.835612245 3.89354249532313 290000
852611.362959184 2.43601134056122 290000
924516.094897959 2.43601134056122 290000
1000860.19765306 1.87118623788265 290000
1081920.7427551 1.87118623788265 290000
1167990.36755102 1.63633049829932 290000
1259374.16204082 1.63633049829932 290000
1356405.23469388 1.54043209821429 290000
1459432.25979592 1.54043209821429 290000
1568822.59061225 1.50656347619048 290000
1684968.48571429 1.50656347619048 290000
1808293.33530612 1.5061548735119 290000
1939232.9822449 1.5061548735119 290000
2078263.7405102 1.53119638052721 290000
2225880.60306122 1.53119638052721 290000
2382619.03397959 1.5805011037415 290000
2549039.40265306 1.5805011037415 290000
2725742.54959184 1.65126071045918 290000
2913360.44693878 1.65126071045918 290000
3112568.65112245 1.72821421492347 290000
3324083.18969388 1.72821421492347 290000
3548663.6744898 1.78598285076531 290000
3787116.41479592 1.78598285076531 290000
4040300.64367347 1.81610919111395 290000
4309128.51795918 1.81610919111395 290000
4594558.89193877 1.84421197534014 290000
4897625.33581633 1.84421197534014 290000
5219414.34357143 1.89998948384354 290000
5561080.89877551 1.89998948384354 290000
5923854.70091837 1.96346558567177 290000
6309037.0522449 1.96346558567177 290000
6718016.42357143 1.95469035671769 290000
7152262.22795918 1.95469035671769 290000
7613334.16020408 1.76911988307823 290000
8102885.31 1.76911988307823 290000
8622683.95408163 1.76911988307823 290000
9174588.65091837 1.76911988307823 290000
0 9305428.66169818 300000
19271.2678571429 9305428.66169818 300000
39751.4117346939 9305428.66169818 300000
61514.256122449 9305428.66169818 300000
84639.7775510204 9218154.75307788 300000
109217.180612245 9218154.75307788 300000
135332.593877551 13062236.3746924 300000
163081.373979592 13062236.3746924 300000
192571.181632653 11127250.9119159 300000
223909.67755102 11127250.9119159 300000
257210.674489796 241126.042625165 300000
292597.213265306 241126.042625165 300000
330201.562755102 3887.35008350234 300000
370162.143877551 3887.35008350234 300000
412626.605612245 207.048228165391 300000
457751.825 207.048228165391 300000
505703.907142857 30.7577753071854 300000
556661.26122449 30.7577753071854 300000
610808.448469388 8.89899112457483 300000
668351.562244898 8.89899112457483 300000
729496.695918367 3.97306485969388 300000
794474.551020408 3.97306485969388 300000
863521.981122449 2.42199438562925 300000
936897.371938776 2.42199438562925 300000
1014868.3372449 1.84423444409014 300000
1097727.09897959 1.84423444409014 300000
1185775.10714286 1.62850928784014 300000
1279341.49591837 1.62850928784014 300000
1378767.70357143 1.5637077912415 300000
1484422.85255102 1.5637077912415 300000
1596700.67346939 1.56181732036565 300000
1716010.27704082 1.56181732036565 300000
1842794.61020408 1.58647675063776 300000
1977524.30408163 1.58647675063776 300000
2120694.59795918 1.62207527848639 300000
2272837.64336735 1.62207527848639 300000
2434510.2 1.65981420386905 300000
2606312.09183673 1.65981420386905 300000
2788876.97908163 1.69902064732143 300000
2982881.58622449 1.69902064732143 300000
3189039.55 1.75045427189626 300000
3408116.7994898 1.75045427189626 300000
3640919.25204082 1.82759830038265 300000
3888305.11734694 1.82759830038265 300000
4151194.1255102 1.93384276360544 300000
4430549.07091837 1.93384276360544 300000
4727409.64846939 2.05120575892857 300000
5042870.92142857 2.05120575892857 300000
5378095.6255102 2.14103196322279 300000
5734320.32091837 2.14103196322279 300000
6112867.69642857 2.1591228082483 300000
6515131.18928571 2.1591228082483 300000
6942596.51734694 2.07808889562075 300000
7396844.75510204 2.07808889562075 300000
7879552.33367347 1.86845810480442 300000
8392503.34489796 1.86845810480442 300000
8937592.61734694 1.86845810480442 300000
9516834.94438775 1.86845810480442 300000
0 3450671.68779652 30000
10422.8387755102 3450671.68779652 30000
21591.4120408163 3450671.68779652 30000
33562.4130612245 3450671.68779652 30000
46391.0814285714 749914.027878267 30000
60139.9251020408 749914.027878267 30000
74874.3593877551 116.743077795493 30000
90664.1606122449 116.743077795493 30000
107586.373469388 124.998819533163 30000
125722.403673469 124.998819533163 30000
145159.471632653 32.111619682398 30000
165989.15877551 32.111619682398 30000
188311.768571429 10.120777542517 30000
212236.326530612 10.120777542517 30000
237874.765510204 5.2557745994898 30000
265352.101428571 5.2557745994898 30000
294799.164897959 3.29825184863946 30000
326358.415918367 3.29825184863946 30000
360179.582857143 2.42796782738095 30000
396425.477142857 2.42796782738095 30000
435270.539591837 2.05828049319728 30000
476899.386734694 2.05828049319728 30000
521514.079183673 1.85428467814626 30000
569326.853265306 1.85428467814626 30000
620568.843061224 1.68550410289116 30000
675484.265714286 1.68550410289116 30000
734336.236122449 1.53126631930272 30000
797408.220612245 1.53126631930272 30000
865002.583265306 1.40843999659864 30000
937442.039591837 1.40843999659864 30000
1015075.47122449 1.32669509183673 30000
1098276.4722449 1.32669509183673 30000
1187440.44183673 1.27826353741497 30000
1282999.12102041 1.27826353741497 30000
1385408.96326531 1.25680973979592 30000
1495159.85653061 1.25680973979592 30000
1612780.93795918 1.26493516879252 30000
1738833.3255102 1.26493516879252 30000
1873924.65469388 1.30098324234694 30000
2018701.81020408 1.30098324234694 30000
2173858.19428571 1.35711623767007 30000
2340139.54142857 1.35711623767007 30000
2518341.01102041 1.43128689795918 30000
2709320.27040816 1.43128689795918 30000
2913993.13387755 1.52735654336735 30000
3133337.92367347 1.52735654336735 30000
3368411.46040816 1.63825365816326 30000
3620337.43367347 1.63825365816326 30000
3890326.75346939 1.73802108545918 30000
4179671.7355102 1.73802108545918 30000
4489763.54530612 1.80777015561224 30000
4822086.38346939 1.80777015561224 30000
5178236.38346939 1.86114419982993 30000
5559921.61163265 1.86114419982993 30000
5968972.24285714 1.8917137414966 30000
6407350.73632653 1.8917137414966 30000
6877159.10387755 1.8917137414966 30000
7380650.53938775 1.8917137414966 30000
0 4291645.5531835 40000
10916.4014285714 4291645.5531835 40000
22611.7806122449 4291645.5531835 40000
35139.7018367347 4291645.5531835 40000
48562.9118367347 4291450.2389897 40000
62942.6269387755 4291450.2389897 40000
78349.2459183673 18819.1673435901 40000
94854.6979591837 18819.1673435901 40000
112535.503469388 181.944889232143 40000
131478.895714286 181.944889232143 40000
151773.638367347 20.8495028588435 40000
173516.147142857 20.8495028588435 40000
196808.959387755 9.43856278571428 40000
221763.794897959 9.43856278571428 40000
248498.495102041 6.35563524957483 40000
277140.083877551 6.35563524957483 40000
307823.237142857 4.16547450382653 40000
340696.404489796 4.16547450382653 40000
375914.157142857 2.84632643409864 40000
413644.84 2.84632643409864 40000
454065.980408163 2.19265084736395 40000
497370.409795918 2.19265084736395 40000
543763.202857143 1.85673582057823 40000
593464.738367347 1.85673582057823 40000
646712.229591837 1.64116188903061 40000
703758.193877551 1.64116188903061 40000
764873.513469388 1.4895526420068 40000
830347.435510204 1.4895526420068 40000
900490.632857143 1.39451110671769 40000
975638.264897959 1.39451110671769 40000
1056146.91673469 1.33919322831633 40000
1142396.12959184 1.33919322831633 40000
1234799.11367347 1.30711842389456 40000
1333792.03530612 1.30711842389456 40000
1439846.26020408 1.29796467006803 40000
1553465.29265306 1.29796467006803 40000
1675189.36673469 1.31456322193878 40000
1805595.44632653 1.31456322193878 40000
1945303.34673469 1.3507733167517 40000
2094975.73469388 1.3507733167517 40000
2255324.25 1.40586482227891 40000
2427111.03591837 1.40586482227891 40000
2611150.26959184 1.49684121088435 40000
2808317.3444898 1.49684121088435 40000
3019548.87040816 1.63440577465986 40000
3245845.73428571 1.63440577465986 40000
3488285.34346939 1.78453243877551 40000
3748017.0344898 1.78453243877551 40000
4026275.84673469 1.88676689243197 40000
4324382.52244898 1.88676689243197 40000
4643752.68918367 1.91680115263605 40000
4985904.51183673 1.91680115263605 40000
5352460.22306122 1.8896523494898 40000
5745161.42734694 1.8896523494898 40000
6165875.22265306 1.79217172619048 40000
6616597.26122449 1.79217172619048 40000
7099468.58408163 1.79217172619048 40000
7616783.27306122 1.79217172619048 40000
0 4077914.27820459 50000
11068.5051020408 4077914.27820459 50000
22922.8193877551 4077914.27820459 50000
35616.0591836735 4077914.27820459 50000
49209.1520408163 2103395.41690945 50000
63764.587755102 2103395.41690945 50000
79352.6673469388 42160.1487504847 50000
96043.6918367347 42160.1487504847 50000
113918.897959184 915.612522336309 50000
133059.52244898 915.612522336309 50000
153556.175510204 67.2453312266156 50000
175505.716326531 67.2453312266156 50000
199011.253061224 14.8009066985544 50000
224180.580612245 14.8009066985544 50000
251133.991836735 6.61239030187075 50000
279998.028571429 6.61239030187075 50000
310905.481632653 3.99246329719388 50000
344004.764285714 3.99246329719388 50000
379447.414285714 2.8221465880102 50000
417402.154081633 2.8221465880102 50000
458047.079591837 2.23693290391156 50000
501571.22244898 2.23693290391156 50000
548179.236734694 1.87549452806122 50000
598089.836734694 1.87549452806122 50000
651535.796938775 1.62595194302721 50000
708770.201020408 1.62595194302721 50000
770058.630612245 1.47044022746599 50000
835690.101020408 1.47044022746599 50000
905972.374489796 1.38616036989796 50000
981233.52244898 1.38616036989796 50000
1061828.1744898 1.34039961309524 50000
1148132.83163265 1.34039961309524 50000
1240552.11530612 1.31421899234694 50000
1339520.32959184 1.31421899234694 50000
1445501.46122449 1.30575032312925 50000
1558990.74183673 1.30575032312925 50000
1680522.45918367 1.31680320578231 50000
1810663.70816327 1.31680320578231 50000
1950028.45102041 1.34881620748299 50000
2099266.58163265 1.34881620748299 50000
2259077.98571429 1.40728322278912 50000
2430214.10306122 1.40728322278912 50000
2613474.80306122 1.49540359906463 50000
2809720.88265306 1.49540359906463 50000
3019872.50408163 1.60410004251701 50000
3244913.88163265 1.60410004251701 50000
3485901.09285714 1.70885181760204 50000
3743962.07857143 1.70885181760204 50000
4020309.14081633 1.77546854379252 50000
4316235.81836735 1.77546854379252 50000
4633130.94693878 1.77817968962585 50000
4972480.22142857 1.77817968962585 50000
5335872.44489796 1.70953855442177 50000
5725013.58877551 1.70953855442177 50000
6141728.35510204 1.56921641581633 50000
6587967.9877551 1.56921641581633 50000
7065825.89489796 1.56921641581633 50000
7577542.33571429 1.56921641581633 50000
0 4360660.56647013 60000
11544.3363265306 4360660.56647013 60000
23902.7383673469 4360660.56647013 60000
37132.5346938775 4360660.56647013 60000
51295.967755102 3953085.21448841 60000
66455.28 3953085.21448841 60000
82684.1795918367 17098.7277735893 60000
100056.374693878 17098.7277735893 60000
118653.763265306 588.055195657313 60000
138561.519183673 588.055195657313 60000
159873.006122449 71.5582701760204 60000
182686.501632653 71.5582701760204 60000
207108.473061224 16.5230190501701 60000
233250.301632653 16.5230190501701 60000
261234.834285714 6.63273144387755 60000
291193.107755102 6.63273144387755 60000
323262.710612245 4.01625885629252 60000
357591.059183673 4.01625885629252 60000
394340.311428571 2.89103890816327 60000
433679.177142857 2.89103890816327 60000
475791.107755102 2.26038367346939 60000
520872.658367347 2.26038367346939 60000
569130.211836735 1.89121838520408 60000
620788.168571428 1.89121838520408 60000
676088.946530612 1.66146731037415 60000
735286.429387755 1.66146731037415 60000
798655.794285714 1.51525215391156 60000
866493.511836735 1.51525215391156 60000
939110.794285714 1.42664879931973 60000
1016848.33714286 1.42664879931973 60000
1100063.2155102 1.37558200935374 60000
1189143.62571429 1.37558200935374 60000
1284503.97142857 1.34314018027211 60000
1386584.86367347 1.34314018027211 60000
1495859.67265306 1.32459029251701 60000
1612837.80367347 1.32459029251701 60000
1738061.42122449 1.32946322108844 60000
1872110.36285714 1.32946322108844 60000
2015607.05306122 1.35981323979592 60000
2169218.14122449 1.35981323979592 60000
2333656.13959184 1.40533485544218 60000
2509685.97510204 1.40533485544218 60000
2698120.0755102 1.46468016411565 60000
2899838.02489796 1.46468016411565 60000
3115771.82204082 1.55368618367347 60000
3346927.17387755 1.55368618367347 60000
3594373.6677551 1.68570910629252 60000
3859261.15102041 1.68570910629252 60000
4142819.73102041 1.84974048129252 60000
4446364.68897959 1.84974048129252 60000
4771303.03183673 2.00461293452381 60000
5119144.95795918 2.00461293452381 60000
5491502.21918367 2.08414609013605 60000
5890106.13836735 2.08414609013605 60000
6316804.33346939 1.99720458163265 60000
6773578.73510204 1.99720458163265 60000
7262547.2244898 1.99720458163265 60000
7785978.37510204 1.99720458163265 60000
0 5160470.1527978 70000
11896.4369387755 5160470.1527978 70000
24623.7685714286 5160470.1527978 70000
38241.587755102 5160470.1527978 70000
52809.4873469388 5562809.07907907 70000
68395.5734693877 5562809.07907907 70000
85071.3575510204 76983.7202049834 70000
102911.756326531 76983.7202049834 70000
121998.497142857 1225.79479258163 70000
142420.117959184 1225.79479258163 70000
164266.859387755 107.840617691327 70000
187640.880612245 107.840617691327 70000
212647.746122449 21.2688326020408 70000
239401.533673469 21.2688326020408 70000
268026.536938776 7.52786194132653 70000
298648.752244898 7.52786194132653 70000
331412.905102041 4.18717859693878 70000
366465.423673469 4.18717859693878 70000
403966.357346939 2.96783779591837 70000
444087.674081633 2.96783779591837 70000
487013.260408163 2.34301023596939 70000
532937.21877551 2.34301023596939 70000
582070.678163265 1.94178713647959 70000
634636.686122449 1.94178713647959 70000
690875.316734694 1.68334923214286 70000
751043.670612245 1.68334923214286 70000
815415.874897959 1.53105401020408 70000
884286.488571428 1.53105401020408 70000
957968.799795918 1.43994078826531 70000
1036798.23122449 1.43994078826531 70000
1121135.74530612 1.37671560459184 70000
1211367.84428571 1.37671560459184 70000
1307903.16489796 1.33222315178571 70000
1411182.69428571 1.33222315178571 70000
1521679.77 1.3141963125 70000
1639894.97204082 1.3141963125 70000
1766373.14938775 1.33193228188776 70000
1901686.39346939 1.33193228188776 70000
2046454.47 1.38144756122449 70000
2201338.00836735 1.38144756122449 70000
2367041.90693877 1.44755306632653 70000
2544325.54897959 1.44755306632653 70000
2733994.28938776 1.52027054081633 70000
2936916.48122449 1.52027054081633 70000
3154016.66510204 1.60181698086735 70000
3386285.78510204 1.60181698086735 70000
3634782.89142857 1.69439519387755 70000
3900643.65367347 1.69439519387755 70000
4185078.65816327 1.79023327806122 70000
4489388.73183673 1.79023327806122 70000
4814959.83428571 1.87177262372449 70000
5163280.08428571 1.87177262372449 70000
5535938.05714286 1.91322867857143 70000
5934631.29795918 1.91322867857143 70000
6361183.34816326 1.93593071938776 70000
6817538.63755102 1.93593071938776 70000
7305779.51081633 1.93593071938776 70000
7828133.03816326 1.93593071938776 70000
0 115.239193372449 80000
11893.2183673469 115.239193372449 80000
24627.0480612245 115.239193372449 80000
38258.7652040816 115.239193372449 80000
52854.068877551 1926.52421611161 80000
68478.6581632653 1926.52421611161 80000
85208.3396938775 11814.3047893259 80000
103117.235510204 11814.3047893259 80000
122291.259795918 1360.34928244069 80000
142818.011326531 1360.34928244069 80000
164795.196428571 125.736109719388 80000
188323.890612245 125.736109719388 80000
213513.592346939 29.6324898239796 80000
240482.223061224 29.6324898239796 80000
269354.44255102 10.3179951460459 80000
300265.018163265 10.3179951460459 80000
333358.824795918 4.90923051147959 80000
368787.475714286 4.90923051147959 80000
406717.745510204 3.13946500956633 80000
447326.51632653 3.13946500956633 80000
490802.462448979 2.35616490114796 80000
537347.734897959 2.35616490114796 80000
587179.646020408 1.91008498278061 80000
640530.669489796 1.91008498278061 80000
697646.755714286 1.64032567665816 80000
758795.754795918 1.64032567665816 80000
824262.362755102 1.48491506058673 80000
894349.806122449 1.48491506058673 80000
969386.580306122 1.41207752104592 80000
1049721.39581633 1.41207752104592 80000
1135728.23204082 1.38653489732143 80000
1227806.3372449 1.38653489732143 80000
1326386.96693878 1.37647998979592 80000
1431926.6455102 1.37647998979592 80000
1544917.27377551 1.37220884757653 80000
1665884.44438775 1.37220884757653 80000
1795394.18020408 1.38521179081633 80000
1934046.19591837 1.38521179081633 80000
2082489.05938775 1.42985698405612 80000
2241410.08408163 1.42985698405612 80000
2411553.85959184 1.50928548915816 80000
2593707.09030612 1.50928548915816 80000
2788723.86428571 1.61500415561224 80000
2997507.1227551 1.61500415561224 80000
3221032.24438775 1.73262727104592 80000
3460336.9377551 1.73262727104592 80000
3716539.77183673 1.85342303443877 80000
3990828.38387755 1.85342303443877 80000
4284484.74826531 1.99333891517857 80000
4598871.69979592 1.99333891517857 80000
4935456.51795918 2.17606799553571 80000
5295805.87316326 2.17606799553571 80000
5681594.24969388 2.35569812882653 80000
6094622.47622449 2.35569812882653 80000
6536810.98744898 2.35629124553571 80000
7010218.35459184 2.35629124553571 80000
7517049.70836735 2.35629124553571 80000
8059663.47734694 2.35629124553571 80000
0 3730972.00819874 90000
12444.6310204082 3730972.00819874 90000
25742.2045918367 3730972.00819874 90000
39956.1028571429 3730972.00819874 90000
55144.2752040816 7944061.91973393 90000
71377.3474489796 7944061.91973393 90000
88725.9454081633 147425.253051279 90000
107267.938571429 147425.253051279 90000
127081.196428571 2725.08344675276 90000
148258.075816327 2725.08344675276 90000
170889.122653061 194.541082264881 90000
195075.748367347 194.541082264881 90000
220924.797142857 33.2660799511054 90000
248548.545918367 33.2660799511054 90000
278071.948061224 10.3279730414541 90000
309623.57877551 10.3279730414541 90000
343342.87877551 4.97155569409014 90000
379380.154285714 4.97155569409014 90000
417892.955204082 3.17854655484694 90000
459053.31877551 3.17854655484694 90000
503040.525918367 2.38713750085034 90000
550051.966734694 2.38713750085034 90000
600292.275 1.95365268941327 90000
653986.004591837 1.95365268941327 90000
711368.574897959 1.6823695724915 90000
772693.514489796 1.6823695724915 90000
838234.272040816 1.51322602423469 90000
908276.972653061 1.51322602423469 90000
983133.094285714 1.4167191662415 90000
1063134.035 1.4167191662415 90000
1148631.11295918 1.37133302465986 90000
1240004.62102041 1.37133302465986 90000
1337654.77214286 1.35665326764456 90000
1442016.18673469 1.35665326764456 90000
1553548.83806122 1.35804541113946 90000
1672745.29591837 1.35804541113946 90000
1800132.53755102 1.36938628741497 90000
1936273.75857143 1.36938628741497 90000
2081770.18387755 1.38937807164116 90000
2237262.87857143 1.38937807164116 90000
2403441.80255102 1.42015991113946 90000
2581038.56683673 1.42015991113946 90000
2770839.11 1.46850388605442 90000
2973683.69816326 1.46850388605442 90000
3190465.11408163 1.54030679931973 90000
3422143.1444898 1.54030679931973 90000
3669740.95826531 1.63004912266156 90000
3934352.35010204 1.63004912266156 90000
4217147.17326531 1.71754288903061 90000
4519373.1505102 1.71754288903061 90000
4842368.5505102 1.77835579145408 90000
5187556.75510204 1.77835579145408 90000
5556466.17938775 1.80615716113946 90000
5950724.83897959 1.80615716113946 90000
6372074.83734694 1.80075081526361 90000
6822379.60948979 1.80075081526361 90000
7303625.73285714 1.80075081526361 90000
7817941.03653061 1.80075081526361 90000
0 2821014.18250367 hpsmc
8278.79183673469 2821014.18250367 hpsmc
17175.9673469388 2821014.18250367 hpsmc
26735.9346938775 2821014.18250367 hpsmc
37008.6530612245 3612.60805523809 hpsmc
48047.4122448979 3612.60805523809 hpsmc
59909.9428571428 91.2288023129252 hpsmc
72656.1959183673 91.2288023129252 hpsmc
86353.893877551 21.0972243537415 hpsmc
101072.979591837 21.0972243537415 hpsmc
116888.946938776 7.1237725170068 hpsmc
133885.06122449 7.1237725170068 hpsmc
152149.028571429 4.07203891156463 hpsmc
171774.106122449 4.07203891156463 hpsmc
192863.542857143 3.15623619047619 hpsmc
215525.028571429 3.15623619047619 hpsmc
239876.244897959 2.70964040816327 hpsmc
266043.755102041 2.70964040816327 hpsmc
294163.004081633 2.32234108843537 hpsmc
324378.318367347 2.32234108843537 hpsmc
356847.346938776 1.95295306122449 hpsmc
391738.840816327 1.95295306122449 hpsmc
429230.432653061 1.63821020408163 hpsmc
469518.628571429 1.63821020408163 hpsmc
512812.146938775 1.39657428571429 hpsmc
559333.028571428 1.39657428571429 hpsmc
609323.297959184 1.22616258503401 hpsmc
663041.632653061 1.22616258503401 hpsmc
720765.583673469 1.11667333333333 hpsmc
782794.906122449 1.11667333333333 hpsmc
849449.33877551 1.05706925170068 hpsmc
921075.265306122 1.05706925170068 hpsmc
998042.383673469 1.03951646258503 hpsmc
1080748.14693878 1.03951646258503 hpsmc
1169622.20408163 1.06056639455782 hpsmc
1265124.17959184 1.06056639455782 hpsmc
1367748.11428571 1.12054285714286 hpsmc
1478024.68571429 1.12054285714286 hpsmc
1596524.53877551 1.22351659863946 hpsmc
1723861.61632653 1.22351659863946 hpsmc
1860695.37959184 1.37896367346939 hpsmc
2007733.02857143 1.37896367346939 hpsmc
2165735.05306122 1.60446231292517 hpsmc
2335519.67346939 1.60446231292517 hpsmc
2517966.17142857 1.9283874829932 hpsmc
2714018.22040816 1.9283874829932 hpsmc
2924691.65714286 2.39132176870748 hpsmc
3151074.48163265 2.39132176870748 hpsmc
3394339.06938776 3.04033088435374 hpsmc
3655745.50204082 3.04033088435374 hpsmc
3936646.00816326 3.90125945578231 hpsmc
4238492.73469388 3.90125945578231 hpsmc
4562851.06938775 4.92588068027211 hpsmc
4911396.31020408 4.92588068027211 hpsmc
5285934.75918367 6.12368217687075 hpsmc
5688403.72244898 6.12368217687075 hpsmc
6120884.83265306 6.12368217687075 hpsmc
6585618.48163265 6.12368217687075 hpsmc
