0 21979605.6300187 1000000
64796.303877551 21979605.6300187 1000000
133591.991836735 21979605.6300187 1000000
206648.803673469 21979605.6300187 1000000
284238.94877551 62855613.9561906 1000000
366613.697346939 62855613.9561906 1000000
454097.606734694 72096390.9110056 1000000
546994.295102041 72096390.9110056 1000000
645638.789387755 36063158.2246162 1000000
750387.055714286 36063158.2246162 1000000
861615.999387755 495976.514487065 1000000
979733.934489796 495976.514487065 1000000
1105149.17510204 11132.9915252657 1000000
1238343.32244898 11132.9915252657 1000000
1379766.56897959 655.060615009779 1000000
1529952.86387755 655.060615009779 1000000
1689425.68673469 94.3088400012755 1000000
1858771.33469388 94.3088400012755 1000000
2038586.5744898 27.1667368261054 1000000
2229541.46 27.1667368261054 1000000
2432316.51469388 12.7523336551871 1000000
2647634.14040816 12.7523336551871 1000000
2876279.55653061 8.19873736734694 1000000
3119069.39122449 8.19873736734694 1000000
3376893.55979592 6.40067221598639 1000000
3650662.91673469 6.40067221598639 1000000
3941382.54285714 5.62620597151361 1000000
4250088.9277551 5.62620597151361 1000000
4577902.3177551 5.29752622278912 1000000
4926005.77673469 5.29752622278912 1000000
5295645.18612245 5.18342948341837 1000000
5688171.12326531 5.18342948341837 1000000
6104976.04387755 5.18783543664966 1000000
6547578.03877551 5.18783543664966 1000000
7017578.9555102 5.27104688010204 1000000
7516664.39836735 5.27104688010204 1000000
8046635.13714286 5.41964964923469 1000000
8609396.63755102 5.41964964923469 1000000
9206990.47 5.63133170918367 1000000
9841573.37040816 5.63133170918367 1000000
10515417.2402041 5.89442382738095 1000000
11230971.9638776 5.89442382738095 1000000
11990802.5914286 6.17662295068027 1000000
12797652.1559184 6.17662295068027 1000000
13654441.6734694 6.43336787882653 1000000
14564259.6736735 6.43336787882653 1000000
15530372.6691837 6.62600836862245 1000000
16556277.5036735 6.62600836862245 1000000
17645680.4126531 6.73439045578231 1000000
18802486.5538776 6.73439045578231 1000000
20030894.2336735 6.76176407610544 1000000
21335321.6197959 6.76176407610544 1000000
22720469.5589796 6.73733502848639 1000000
24191352.9857143 6.73733502848639 1000000
25753248.5742857 6.62443792984694 1000000
27411809.9042857 6.62443792984694 1000000
29173015.1126531 6.62443792984694 1000000
31043208.7720408 6.62443792984694 1000000
0 13327454.6726348 100000
34964.0290816326 13327454.6726348 100000
72445.273877551 13327454.6726348 100000
112623.535510204 13327454.6726348 100000
155688.334081633 1658492.67959733 100000
201853.487142857 1658492.67959733 100000
251342.53122449 4344.45731659056 100000
304393.581326531 4344.45731659056 100000
361259.330918367 230.987130739158 100000
422216.770918367 230.987130739158 100000
487557.470714286 63.3828923486394 100000
557602.156632653 63.3828923486394 100000
632686.133469388 29.9124780754677 100000
713173.862959184 29.9124780754677 100000
799454.104285714 17.0943183705357 100000
891939.914081632 17.0943183705357 100000
991078.365408163 11.4893524681122 100000
1097355.4072449 11.4893524681122 100000
1211271.56704082 8.72323976084184 100000
1333390.54561224 8.72323976084184 100000
1464290.6222449 7.12283766411564 100000
1604613.24959184 7.12283766411564 100000
1755033.89673469 6.1118714317602 100000
1916271.76816326 6.1118714317602 100000
2089114.10122449 5.44401555080782 100000
2274391.86867347 5.44401555080782 100000
2473004.07612245 4.98943052827381 100000
2685903.18357143 4.98943052827381 100000
2914119.40285714 4.68803079761905 100000
3158755.83816327 4.68803079761905 100000
3420998.205 4.50730839689626 100000
3702105.11122449 4.50730839689626 100000
4003437.21397959 4.41215351232993 100000
4326457.21969388 4.41215351232993 100000
4672710.44612245 4.37041251977041 100000
5043883.13622449 4.37041251977041 100000
5441758.7227551 4.37522138988095 100000
5868261.56367347 4.37522138988095 100000
6325452.08265306 4.44635217176871 100000
6815541.34755102 4.44635217176871 100000
7340891.07040816 4.60021576743197 100000
7904037.90489796 4.60021576743197 100000
8507703.16530612 4.82411675977891 100000
9154807.405 4.82411675977891 100000
9848465.55693877 5.08268211267007 100000
10592035.5285714 5.08268211267007 100000
11389108.4828571 5.35201933460884 100000
12243528.2762245 5.35201933460884 100000
13159425.475 5.64452012457483 100000
14141222.214898 5.64452012457483 100000
15193661.3579592 5.97754703465136 100000
16321821.0710204 5.97754703465136 100000
17531158.5611224 6.29509444494048 100000
18827505.2160204 6.29509444494048 100000
20217124.9180612 6.37590371067177 100000
21706728.6226531 6.37590371067177 100000
23303513.2341837 6.37590371067177 100000
25015185.9034694 6.37590371067177 100000
0 13952559.8421227 150000
36180.6760204082 13952559.8421227 150000
74948.9413265306 13952559.8421227 150000
116487.091836735 13952559.8421227 150000
160992.614795918 4201926.89320047 150000
208678.18877551 4201926.89320047 150000
259766.619897959 8874.20470862564 150000
314511.096938775 8874.20470862564 150000
373164.808673469 620.852045280612 150000
436011.326530612 620.852045280612 150000
503349.413265306 120.911006563563 150000
575493.022959184 120.911006563563 150000
652796.619897959 37.3120289647109 150000
735624.795918367 37.3120289647109 150000
824367.461734694 18.0622657047194 150000
919449.974489796 18.0622657047194 150000
1021328.07397959 11.6634679793793 150000
1130487.88265306 11.6634679793793 150000
1247445.90561224 8.84370458652211 150000
1372759.15816327 8.84370458652211 150000
1507030.22959184 7.27883971088435 150000
1650892.09183673 7.27883971088435 150000
1805033.41836735 6.26544108737245 150000
1970188.45663265 6.26544108737245 150000
2147147.15561224 5.56870777529762 150000
2336745.03826531 5.56870777529762 150000
2539893.58418367 5.08448424213435 150000
2757559.9744898 5.08448424213435 150000
2990777.21938775 4.75680521896258 150000
3240654.28571429 4.75680521896258 150000
3508391.28826531 4.54714381377551 150000
3795254.17091837 4.54714381377551 150000
4102615.21683673 4.43258644238946 150000
4431937.85714286 4.43258644238946 150000
4784791.8622449 4.39953475765306 150000
5162858.40561224 4.39953475765306 150000
5567940.19132653 4.44103661777211 150000
6001961.45408163 4.44103661777211 150000
6466998.34183673 4.55360012755102 150000
6965263.72448979 4.55360012755102 150000
7499132.5127551 4.72127439413265 150000
8071141.65816326 4.72127439413265 150000
8684025.59948979 4.91965834927721 150000
9340701.07142857 4.91965834927721 150000
10044297.4872449 5.1465576902636 150000
10798172.130102 5.1465576902636 150000
11605905.0892857 5.43423288690476 150000
12471360.0255102 5.43423288690476 150000
13398648.7244898 5.79291698554422 150000
14392191.8622449 5.79291698554422 150000
15456734.1964286 6.13952186968537 150000
16597334.4387755 6.13952186968537 150000
17819436.1479592 6.29135073873299 150000
19128857.6020408 6.29135073873299 150000
20531842.4362245 5.95676177189626 150000
22035069.7704082 5.95676177189626 150000
23645709.9107143 5.95676177189626 150000
25371434.4770408 5.95676177189626 150000
0 10381964.4118041 200000
37686.3492857143 10381964.4118041 200000
78030.5835714285 10381964.4118041 200000
121214.53 10381964.4118041 200000
167446.755 6406086.29783845 200000
216935.825 6406086.29783845 200000
269906.35 26299.4521171637 200000
326615.027142857 26299.4521171637 200000
387323.901428571 867.899045197917 200000
452305.713571428 867.899045197917 200000
521865.291428571 137.013080440476 200000
596328.854285714 137.013080440476 200000
676044.012857143 48.0026442485119 200000
761369.073571428 48.0026442485119 200000
852715.821428571 23.0268032857143 200000
950490.693571429 23.0268032857143 200000
1055164.30142857 13.8082228497024 200000
1167207.25642857 13.8082228497024 200000
1287154.34428571 9.63781901190476 200000
1415545.69857143 9.63781901190476 200000
1552990.975 7.48134018452381 200000
1700121.22071429 7.48134018452381 200000
1857615.61357143 6.29232213839286 200000
2026212.15785714 6.29232213839286 200000
2206691.64071429 5.57435003422619 200000
2399888.32785714 5.57435003422619 200000
2606700.65928571 5.08712682440476 200000
2828085.90142857 5.08712682440476 200000
3065070.84285714 4.74363841666667 200000
3318762.49 4.74363841666667 200000
3590326.67571429 4.51915097172619 200000
3881030.84214286 4.51915097172619 200000
4192222.64928571 4.39932554761905 200000
4525340.67071429 4.39932554761905 200000
4881935.785 4.37025771577381 200000
5263665.82785714 4.37025771577381 200000
5672290.24428571 4.41860011607143 200000
6109712.87142857 4.41860011607143 200000
6577965.895 4.53582960119047 200000
7079209.84928571 4.53582960119047 200000
7615781.74785714 4.71809125744048 200000
8190168.34428571 4.71809125744048 200000
8805032.87142857 4.95376463690476 200000
9463225.73714286 4.95376463690476 200000
10167800.5678571 5.21803791071429 200000
10922030.2521429 5.21803791071429 200000
11729412.2885714 5.47831143303571 200000
12593690.1771429 5.47831143303571 200000
13518874.8107143 5.68412594345238 200000
14509265.8664286 5.68412594345238 200000
15569441.11 5.74806626041667 200000
16704336.6135714 5.74806626041667 200000
17919209.3207143 5.60182465029762 200000
19219690.525 5.60182465029762 200000
20611823.305 5.22519066964286 200000
22102062.5242857 5.22519066964286 200000
23697317.6142857 5.22519066964286 200000
25405000.705 5.22519066964286 200000
0 13777222.6119393 250000
39091.8036734694 13777222.6119393 250000
80926.5989795918 13777222.6119393 250000
125704.685510204 13777222.6119393 250000
173626.362857143 8713392.87806529 250000
224914.186122449 8713392.87806529 250000
279807.402040816 40326.4602102509 250000
338556.385102041 40326.4602102509 250000
401433.765306122 1488.37463879167 250000
468728.864285714 1488.37463879167 250000
540753.259183673 231.941885082908 250000
617835.21877551 231.941885082908 250000
700330.83122449 71.3125779051871 250000
788629.567959184 71.3125779051871 250000
883126.464285714 29.7260126777211 250000
984261.066530612 29.7260126777211 250000
1092506.30428571 15.4052062062075 250000
1208351.79877551 15.4052062062075 250000
1332342.81 9.90353976105442 250000
1465041.28959184 9.90353976105442 250000
1607059.26408163 7.48691591241497 250000
1759058.83489796 7.48691591241497 250000
1921741.05061224 6.27246053996599 250000
2095845.90693878 6.27246053996599 250000
2282185.73 5.5713192372449 250000
2481617.35693878 5.5713192372449 250000
2695064.39142857 5.10080065901361 250000
2923506.07591837 5.10080065901361 250000
3167993.98326531 4.77269416326531 250000
3429663.1444898 4.77269416326531 250000
3709709.79326531 4.57692681335034 250000
4009441.44081633 4.57692681335034 250000
4330226.80102041 4.48747589030612 250000
4673545.86530612 4.48747589030612 250000
5040995.46653061 4.47070311777211 250000
5434255.89571429 4.47070311777211 250000
5855140.97693878 4.51781061437075 250000
6305603.63122449 4.51781061437075 250000
6787713.62102041 4.6368080454932 250000
7303696.49734694 4.6368080454932 250000
7855928.03591837 4.83665557227891 250000
8446962.05653061 4.83665557227891 250000
9079513.73142857 5.11792117389456 250000
9756515.22408163 5.11792117389456 250000
10481076.7420408 5.46599967176871 250000
11256547.7395918 5.46599967176871 250000
12086500.2261224 5.84951311479592 250000
12974762.1493878 5.84951311479592 250000
13925434.0871429 6.22762496003401 250000
14942894.8110204 6.22762496003401 250000
16031840.2336735 6.59883991539116 250000
17197294.5365306 6.59883991539116 250000
18444632.4253061 7.03901217814626 250000
19779606.9493878 7.03901217814626 250000
21208371.7573469 7.69798392559524 250000
22737514.4802041 7.69798392559524 250000
24374095.6785714 7.69798392559524 250000
26125659.9704082 7.69798392559524 250000
0 9047988.99447621 300000
40621.23 9047988.99447621 300000
84068.0816326531 9047988.99447621 300000
130533.210918367 9047988.99447621 300000
180238.464183673 11451138.1318355 300000
233394.011632653 11451138.1318355 300000
290256.727959184 223491.392158225 300000
351065.973673469 223491.392158225 300000
416113.651836735 7490.19136836352 300000
485685.82744898 7490.19136836352 300000
560097.755816326 575.954805811225 300000
639688.044489796 575.954805811225 300000
724812.815204082 101.839772456633 300000
815863.218061225 101.839772456633 300000
913247.917346939 33.1411654056122 300000
1017410.60571429 33.1411654056122 300000
1128818.32806122 16.2218923335459 300000
1247978.99571429 16.2218923335459 300000
1375429.71030612 10.431593747449 300000
1511748.43989796 10.431593747449 300000
1657548.18091837 7.88833967602041 300000
1813500.31040816 7.88833967602041 300000
1980293.71959184 6.4931038565051 300000
2158699.03255102 6.4931038565051 300000
2349516.06367347 5.62948432461735 300000
2553603.00795918 5.62948432461735 300000
2771899.79326531 5.09035153316327 300000
3005375.5377551 5.09035153316327 300000
3255104.44469388 4.77442728252551 300000
3522201.58377551 4.77442728252551 300000
3807887.10979592 4.61726180931122 300000
4113451.23428571 4.61726180931122 300000
4440271.73969388 4.56198266709184 300000
4789831.49357143 4.56198266709184 300000
5163712.6105102 4.56676257971939 300000
5563608.12826531 4.56676257971939 300000
5991327.84581633 4.62021732780612 300000
6448809.9994898 4.62021732780612 300000
6938121.26295918 4.72729710076531 300000
7461474.26142857 4.72729710076531 300000
8021239.2477551 4.88988710586735 300000
8619955.77857143 4.88988710586735 300000
9260326.87622449 5.10439936798469 300000
9945254.05714286 5.10439936798469 300000
10677837.3318367 5.36583504719388 300000
11461386.8810204 5.36583504719388 300000
12299458.0839796 5.65345686352041 300000
13195839.842449 5.65345686352041 300000
14154589.6089796 5.93423112053571 300000
15180045.0630612 5.93423112053571 300000
16276847.4633674 6.20036157397959 300000
17449965 6.20036157397959 300000
18704704.4706122 6.4901483380102 300000
20046740.4707143 6.4901483380102 300000
21482156.260102 7.13536356696429 300000
23017443.7628571 7.13536356696429 300000
24659550.2718367 7.13536356696429 300000
26415907.6389796 7.13536356696429 300000
0 10244669.9294032 350000
42472.4964285714 10244669.9294032 350000
87870.9443877551 10244669.9294032 350000
136398.620510204 10244669.9294032 350000
188277.281122449 19453681.1780741 350000
243728.68255102 19453681.1780741 350000
303005.380612245 1032768.99420208 350000
366366.091020408 1032768.99420208 350000
434094.169081633 20215.1997111367 350000
506497.609693878 20215.1997111367 350000
583890.567653061 1182.3696473091 350000
666617.997244898 1182.3696473091 350000
755049.492346939 165.646380677721 350000
849579.286428571 165.646380677721 350000
950626.25255102 42.5657033845663 350000
1058646.22316327 42.5657033845663 350000
1174107.3505102 17.8141169030612 350000
1297527.06602041 17.8141169030612 350000
1429459.7605102 10.6620775457058 350000
1570490.62428571 10.6620775457058 350000
1721241.80704082 7.9197936392432 350000
1882390.89755102 7.9197936392432 350000
2054646.28408163 6.58930701254252 350000
2238777.95387755 6.58930701254252 350000
2435611.33326531 5.78812245110544 350000
2646008.80795918 5.78812245110544 350000
2870919.0022449 5.2526733210034 350000
3111333.65969388 5.2526733210034 350000
3368324.60255102 4.90182863286565 350000
3643031.41193878 4.90182863286565 350000
3936679.90755102 4.68054713180272 350000
4250575.9877551 4.68054713180272 350000
4586111.7894898 4.54805799319728 350000
4944784.16795918 4.54805799319728 350000
5328188.53673469 4.50285974192177 350000
5738025.02765306 4.50285974192177 350000
6176116.9705102 4.56735900680272 350000
6644417.05295918 4.56735900680272 350000
7145007.3205102 4.75432474298469 350000
7680111.49632653 4.75432474298469 350000
8252107.30102041 5.05146282079082 350000
8863538.77244898 5.05146282079082 350000
9517128.5855102 5.41855423979592 350000
10215784.2120408 5.41855423979592 350000
10962610.2406122 5.77812545004252 350000
11760926.8562245 5.77812545004252 350000
12614282.160102 6.02648483588435 350000
13526476.8092857 6.02648483588435 350000
14501570.1765306 6.09950529294218 350000
15543886.5102041 6.09950529294218 350000
16658076.5332653 6.02040193664966 350000
17849080.4838775 6.02040193664966 350000
19122202.0341837 5.88539750637755 350000
20483102.1304082 5.88539750637755 350000
21937835.9522449 5.88251005420918 350000
23492865.2326531 5.88251005420918 350000
25155113.6969388 5.88251005420918 350000
26931973.2226531 5.88251005420918 350000
0 12343170.3718453 400000
43708.8864285714 12343170.3718453 400000
90402.4270408163 12343170.3718453 400000
140291.528877551 12343170.3718453 400000
193593.490102041 22773634.8840404 400000
250544.782244898 22773634.8840404 400000
311388.267959184 3408911.60286913 400000
376385.983265306 3408911.60286913 400000
445838.310918367 52875.1093672164 400000
520032.851428571 52875.1093672164 400000
599301.943163265 2311.68399561883 400000
683997.097857143 2311.68399561883 400000
774482.609489796 236.975230950255 400000
871154.727653061 236.975230950255 400000
974441.65755102 51.4561784315476 400000
1084784.38663265 51.4561784315476 400000
1202681.42244898 20.0687769168792 400000
1328637.66367347 20.0687769168792 400000
1463209.13795918 11.5038340004252 400000
1606977.43744898 11.5038340004252 400000
1760588.0655102 8.13957377295918 400000
1924699.3077551 8.13957377295918 400000
2100026.96989796 6.47971938392857 400000
2287357.16 6.47971938392857 400000
2487488.76836735 5.60276418005952 400000
2701310.16102041 5.60276418005952 400000
2929754.44183673 5.15294899319728 400000
3173825.01704082 5.15294899319728 400000
3434582.81295918 4.92115097087585 400000
3713171.8405102 4.92115097087585 400000
4010819.19520408 4.78997318261054 400000
4328815.88377551 4.78997318261054 400000
4668561.56204082 4.71510384608843 400000
5031545.36153061 4.71510384608843 400000
5419345.88948979 4.69015183886054 400000
5833675.96673469 4.69015183886054 400000
6276331.49867347 4.71889857504252 400000
6749268.16877551 4.71889857504252 400000
7254543.91846939 4.81045140412415 400000
7794376.4672449 4.81045140412415 400000
8371124.13928571 4.98097453996599 400000
8987311.42795918 4.98097453996599 400000
9645648.16918367 5.23474204570578 400000
10348997.5858163 5.23474204570578 400000
11100452.9811224 5.54569678252551 400000
11903299.3920408 5.54569678252551 400000
12761045.5447959 5.85429479294218 400000
13677455.8105102 5.85429479294218 400000
14656537.4229592 6.07719850318878 400000
15702572.4341837 6.07719850318878 400000
16820149.670102 6.13907255739796 400000
18014151.9482653 6.13907255739796 400000
19289807.2068367 6.00346092793367 400000
20652707.6779592 6.00346092793367 400000
22108809.8877551 5.58574781653912 400000
23664492.1764286 5.58574781653912 400000
25326567.4805102 5.58574781653912 400000
27102308.8973469 5.58574781653912 400000
0 17117538.1457605 450000
45581.9234693878 17117538.1457605 450000
94251.9802040816 17117538.1457605 450000
146212.008979592 17117538.1457605 450000
201697.488367347 20916726.5128332 450000
260943.896938776 20916726.5128332 450000
324206.897142857 19369020.0446464 450000
391748.879387755 19369020.0446464 450000
463865.873877551 178899.690437426 450000
540874.094693878 178899.690437426 450000
623096.483877551 4013.39816477679 450000
710889.623265306 4013.39816477679 450000
804630.278571429 316.683973515306 450000
904728.855306123 316.683973515306 450000
1011602.48693878 62.1852932755102 450000
1125715.40265306 62.1852932755102 450000
1247558.74346939 22.6366251543367 450000
1377657.29020408 22.6366251543367 450000
1516569.46346939 12.4934417563776 450000
1664894.05163265 12.4934417563776 450000
1823270.21081633 8.69445755357143 450000
1992370.73693878 8.69445755357143 450000
2172928.97755102 6.86156523979592 450000
2365718.64795918 6.86156523979592 450000
2571574.01510204 5.86425742346939 450000
2791369.71367347 5.86425742346939 450000
3026061.11387755 5.26904328443878 450000
3276650.68163265 5.26904328443878 450000
3544214.89040816 4.89257191836735 450000
3829904.22122449 4.89257191836735 450000
4134956.61857143 4.66610600892857 450000
4460670.57857143 4.66610600892857 450000
4808445.51673469 4.56283183545918 450000
5179788.49591837 4.56283183545918 450000
5576287.3144898 4.58126364030612 450000
5999650.87408163 4.58126364030612 450000
6451688.99571429 4.72088280994898 450000
6934359.5155102 4.72088280994898 450000
7449727.91693878 4.95996364285714 450000
8000007.69857143 4.95996364285714 450000
8587567.10204082 5.25837666581633 450000
9214935.84 5.25837666581633 450000
9884805.09612245 5.57278260841837 450000
10600061.164898 5.57278260841837 450000
11363771.9957143 5.87922713265306 450000
12179220.8326531 5.87922713265306 450000
13049912.942449 6.1896383494898 450000
13979595.7983673 6.1896383494898 450000
14972259.0802041 6.53447429081633 450000
16032175.0420408 6.53447429081633 450000
17163898.5122449 6.90710511352041 450000
18372287.0773469 6.90710511352041 450000
19662548.1777551 7.18834782397959 450000
21040218.9238776 7.18834782397959 450000
22511226.6477551 6.94354822576531 450000
24081888.9030612 6.94354822576531 450000
25758960.5608163 6.94354822576531 450000
27549647.2653061 6.94354822576531 450000
0 13837766.2413279 500000
46915.2551020408 13837766.2413279 500000
96992.9459183673 13837766.2413279 500000
150455.485510204 13837766.2413279 500000
207525.286938775 36461522.9586537 500000
268445.614489796 36461522.9586537 500000
333480.583673469 55487340.0226014 500000
402901.260408163 55487340.0226014 500000
477013.462653061 262041.21576702 500000
556123.008367347 262041.21576702 500000
640570.46755102 6603.12525634099 500000
730724.211836735 6603.12525634099 500000
826959.563265306 531.108112907313 500000
929693.54632653 531.108112907313 500000
1039357.08632653 87.4459087053571 500000
1156422.81102041 87.4459087053571 500000
1281398.10020408 26.4257848771258 500000
1414797.28408163 26.4257848771258 500000
1557211.14734694 12.8196803367347 500000
1709230.47469388 12.8196803367347 500000
1871515.55489796 8.47521187414966 500000
2044754.47836735 8.47521187414966 500000
2229683.98836735 6.67530232015306 500000
2427096.43142857 6.67530232015306 500000
2637832.80693878 5.78929903954082 500000
2862796.66795918 5.78929903954082 500000
3102940.22040816 5.31441240178571 500000
3359299.07510204 5.31441240178571 500000
3632957.49571429 5.04116000085034 500000
3925083.15081633 5.04116000085034 500000
4236934.06428571 4.88880126190476 500000
4569830.81367347 4.88880126190476 500000
4925198.23265306 4.83319799659864 500000
5304558.46061224 4.83319799659864 500000
5709517.04183673 4.85215233886054 500000
6141811.57836735 4.85215233886054 500000
6603283.92836735 4.92733258715986 500000
7095901.05734694 4.92733258715986 500000
7621775.88938775 5.04837104931973 500000
8183146.45591837 5.04837104931973 500000
8782403.69734694 5.2105037997449 500000
9422112.31428571 5.2105037997449 500000
10104996.8667347 5.42360621003401 500000
10833976.5261224 5.42360621003401 500000
11612158.124898 5.70376557908163 500000
12442870.9085714 5.70376557908163 500000
13329652.634898 6.04252557695578 500000
14276284.3259184 6.04252557695578 500000
15286818.0695918 6.39285510841837 500000
16365563.1189796 6.39285510841837 500000
17517113.6938775 6.67404255867347 500000
18746397.6336735 6.67404255867347 500000
20058655.5461224 6.78021004336735 500000
21459482.5097959 6.78021004336735 500000
22954869.7765306 6.5051042002551 500000
24551190.8706122 6.5051042002551 500000
26255257.1920408 6.5051042002551 500000
28074345.8181633 6.5051042002551 500000
0 411715.444165308 50000
33059.8532653061 411715.444165308 50000
68529.0919387755 411715.444165308 50000
106580.139081633 411715.444165308 50000
147408.105 482.483558953869 50000
191203.56255102 482.483558953869 50000
238197.921632653 167.461814510204 50000
288613.517244898 167.461814510204 50000
342699.909081633 126.827503133078 50000
400729.344081633 126.827503133078 50000
462983.144081633 58.6633922465986 50000
529778.930510204 58.6633922465986 50000
601438.862244898 26.0182334589711 50000
678316.860306122 26.0182334589711 50000
760798.607857143 15.0756269696003 50000
849287.937857143 15.0756269696003 50000
944229.520306122 10.8144424617347 50000
1046086.175 10.8144424617347 50000
1155361.55877551 8.47139833886054 50000
1272600.1655102 8.47139833886054 50000
1398382.78867347 6.98289765412415 50000
1533326.52132653 6.98289765412415 50000
1678107.44336735 6.03985505484694 50000
1833433.39683673 6.03985505484694 50000
2000075.74806122 5.41231640795068 50000
2178860.3127551 5.41231640795068 50000
2370671.89346939 4.95164244727891 50000
2576454.27959184 4.95164244727891 50000
2797237.47204082 4.60376190582483 50000
3034101.38367347 4.60376190582483 50000
3288225.75122449 4.36253032142857 50000
3560862.91061224 4.36253032142857 50000
3853369.55908163 4.23556682716837 50000
4167184.06795918 4.23556682716837 50000
4503862.7822449 4.21684039710884 50000
4865070.94571428 4.21684039710884 50000
5252600.85071428 4.28591360480442 50000
5668362.7632653 4.28591360480442 50000
6114416.68520408 4.42049623214286 50000
6592972.35418367 4.42049623214286 50000
7106393.78112245 4.60451814732143 50000
7657226.47489796 4.60451814732143 50000
8248188.36744898 4.83256277062075 50000
8882206.11336735 4.83256277062075 50000
9562424.16479591 5.09914735119048 50000
10292200.2339796 5.09914735119048 50000
11075146.1303061 5.3861977172619 50000
11915136.8352041 5.3861977172619 50000
12816333.1893878 5.68665246386054 50000
13783186.4303061 5.68665246386054 50000
14820483.5666327 6.0333608309949 50000
15933360.9906122 6.0333608309949 50000
17127322.6278571 6.4304159757653 50000
18408271.6994898 6.4304159757653 50000
19782556.0966327 6.77861791985544 50000
21256968.3804082 6.77861791985544 50000
22838804.7687755 6.77861791985544 50000
24535892.3612245 6.77861791985544 50000
0 16139403.6985251 550000
49187.7379591837 16139403.6985251 550000
101638.380918367 16139403.6985251 550000
157581.294081633 16139403.6985251 550000
217238.44377551 29335068.1126137 550000
280861.391836735 29335068.1126137 550000
348716.497857143 25567626.8275771 550000
421084.919183673 25567626.8275771 550000
498262.610918367 534911.942061221 550000
580567.724795918 534911.942061221 550000
668340.609183674 8887.29669202317 550000
761958.606836735 8887.29669202317 550000
861791.661632653 615.614065163478 550000
968261.509591837 615.614065163478 550000
1081812.08336735 105.275545807823 550000
1202909.5122449 105.275545807823 550000
1332064.31877551 31.4123354153912 550000
1469794.42438776 31.4123354153912 550000
1616684.34040816 14.3160419304847 550000
1773340.77479592 14.3160419304847 550000
1940407.42989796 8.95862259608844 550000
2118579.80020408 8.95862259608844 550000
2308597.77346939 6.87357265922619 550000
2511245.63071429 6.87357265922619 550000
2727366.84397959 5.89596513414116 550000
2957856.67744898 5.89596513414116 550000
3203662.18744898 5.35122277444728 550000
3465811.81795918 5.35122277444728 550000
3745385.80510204 5.01961433120748 550000
4043545.77265306 5.01961433120748 550000
4361527.33316327 4.83533603720238 550000
4700647.48683673 4.83533603720238 550000
5062304.62153061 4.77014884311225 550000
5448008.10826531 4.77014884311225 550000
5859348.70571429 4.80412202253401 550000
6298035.55459184 4.80412202253401 550000
6765888.77877551 4.92087014455782 550000
7264839.48530612 4.92087014455782 550000
7796951.96102041 5.10442396513606 550000
8364445.86918367 5.10442396513606 550000
8969659.25510204 5.33855219664116 550000
9615100.33826531 5.33855219664116 550000
10303454.9112245 5.60098113477891 550000
11037564.1429592 5.60098113477891 550000
11820476.3710204 5.85744472789116 550000
12655424.904898 5.85744472789116 550000
13545887.2170408 6.06786572257653 550000
14495540.5495918 6.06786572257653 550000
15508321.1054082 6.20029021641156 550000
16588424.0480612 6.20029021641156 550000
17740333.0973469 6.23511118388605 550000
18968805.7315306 6.23511118388605 550000
20278954.575 6.19427862840136 550000
21676188.2072449 6.19427862840136 550000
23166299.9493878 6.13393153337585 550000
24755475.2630612 6.13393153337585 550000
26450291.7504082 6.13393153337585 550000
28257763.5473469 6.13393153337585 550000
0 11581171.0001634 600000
50862.9767346939 11581171.0001634 600000
105081.845306122 11581171.0001634 600000
162872.617142857 11581171.0001634 600000
224474.447755102 47015219.5758926 600000
290141.922040816 47015219.5758926 600000
360137.339591837 17283526.1390913 600000
434746.144081633 17283526.1390913 600000
514269.208571429 1109878.60041963 600000
599038.264897959 1109878.60041963 600000
689400.474285714 21463.1601568571 600000
785718.427346939 21463.1601568571 600000
888385.573469388 1125.53785090221 600000
997826.220816326 1125.53785090221 600000
1114472.3922449 130.897975452381 600000
1238817.82816327 130.897975452381 600000
1371356.26897959 33.0070766709184 600000
1512635.45795918 33.0070766709184 600000
1663233.99714286 15.0238198690476 600000
1823753.63265306 15.0238198690476 600000
1994865.54285714 9.53423657312925 600000
2177256.3355102 9.53423657312925 600000
2371666.62122449 7.1584805212585 600000
2578898.72816327 7.1584805212585 600000
2799793.55795918 5.95003801445578 600000
3035253.72979592 5.95003801445578 600000
3286235.86571429 5.30989521768707 600000
3553766.02 5.30989521768707 600000
3838931.9644898 4.98218145068027 600000
4142906.33265306 4.98218145068027 600000
4466915.76081633 4.84788148809524 600000
4812287.17632653 4.84788148809524 600000
5180440.08285714 4.8432365994898 600000
5572855.70163265 4.8432365994898 600000
5991146.40367347 4.92318011479592 600000
6437017.13632653 4.92318011479592 600000
6912280.85265306 5.05105116581633 600000
7418881.6555102 5.05105116581633 600000
7958887.08285714 5.19684280782313 600000
8534488.1077551 5.19684280782313 600000
9148045.42653061 5.3487097712585 600000
9802050.88530612 5.3487097712585 600000
10499181.4828571 5.53219090731292 600000
11242268.5118367 5.53219090731292 600000
12034359.2763265 5.78298274744898 600000
12878663.0889796 5.78298274744898 600000
13778636.1326531 6.0734731164966 600000
14737942.8869388 6.0734731164966 600000
15760502.4163265 6.31272506037415 600000
16850480.6555102 6.31272506037415 600000
18012321.2681633 6.46854580442177 600000
19250768.7910204 6.46854580442177 600000
20570860.9191837 6.62886678656462 600000
21977997.9383673 6.62886678656462 600000
23477904.1514286 6.90016685459184 600000
25076697.3106122 6.90016685459184 600000
26780904.0469388 6.90016685459184 600000
28597475.2995918 6.90016685459184 600000
0 13993214.3390032 650000
52020.2483673469 13993214.3390032 650000
107443.839183673 13993214.3390032 650000
166493.421020408 13993214.3390032 650000
229407.545918367 30764245.9991349 650000
296432.717653061 30764245.9991349 650000
367847.246938776 26494516.8598503 650000
443929.444489796 26494516.8598503 650000
524989.427959184 1886259.081373 650000
611361.170204082 1886259.081373 650000
703370.692346939 23764.2079749443 650000
801407.629387755 23764.2079749443 650000
905853.664591837 1183.60848635799 650000
1017138.19163265 1183.60848635799 650000
1135698.55591837 153.03880429443 650000
1262019.81326531 153.03880429443 650000
1396602.92295918 39.3906406819728 650000
1539988.60295918 39.3906406819728 650000
1692749.37816327 16.4765078352466 650000
1855513.43561224 16.4765078352466 650000
2028916.91408163 9.62007489710884 650000
2213675.46969388 9.62007489710884 650000
2410512.71030612 7.01174025637755 650000
2620223.80938776 7.01174025637755 650000
2843659.60255102 5.84417711160714 650000
3081718.63581633 5.84417711160714 650000
3335339.21387755 5.27990213839286 650000
3605563.01397959 5.27990213839286 650000
3893455.56857143 5.01766055463435 650000
4200185.78265306 5.01766055463435 650000
4526986.17510204 4.9206328252551 650000
4875160.83040816 4.9206328252551 650000
5246109.25387755 4.91919157334184 650000
5641334.32336735 4.91919157334184 650000
6062410.48234694 4.98040336437075 650000
6511031.45030612 4.98040336437075 650000
6989002.27102041 5.0903360965136 650000
7498247.26428571 5.0903360965136 650000
8040802.07418367 5.24120369621599 650000
8618853.4277551 5.24120369621599 650000
9234715.27979592 5.4179972642432 650000
9890868.57153061 5.4179972642432 650000
10589953.2788776 5.58935714689626 650000
11334768.412449 5.58935714689626 650000
12128311.7762245 5.71530931122449 650000
12973764.0640816 5.71530931122449 650000
13874528.6184694 5.78457223363095 650000
14834223.4786735 5.78457223363095 650000
15856697.2842857 5.84044973596939 650000
16946061.0821429 5.84044973596939 650000
18106696.2780612 5.91695205017007 650000
19343254.6368367 5.91695205017007 650000
20660713.9443878 5.93805727933673 650000
22064354.152551 5.93805727933673 650000
23559828.9446939 5.66251310607993 650000
25153133.9287755 5.66251310607993 650000
26850670.2512245 5.66251310607993 650000
28659260.5004082 5.66251310607993 650000
0 14247212.1499266 700000
54002.3165306122 14247212.1499266 700000
111504.009897959 14247212.1499266 700000
172713.873469388 14247212.1499266 700000
237890.811020408 29399493.4018862 700000
307277.022857143 29399493.4018862 700000
381148.11622449 47794421.879987 700000
459796.401836735 47794421.879987 700000
543530.893877551 8490336.62080212 700000
632685.661734694 8490336.62080212 700000
727603.126530612 88644.6571952185 700000
828650.764591837 88644.6571952185 700000
936237.810918367 2902.24769369069 700000
1050781.8522449 2902.24769369069 700000
1172733.8822449 253.338005515731 700000
1302569.94979592 253.338005515731 700000
1440799.51071429 50.3000447391582 700000
1587973.7794898 50.3000447391582 700000
1744660.67408163 18.4508436796343 700000
1911478.22285714 18.4508436796343 700000
2089077.86112245 10.1298886079932 700000
2278169.48632653 10.1298886079932 700000
2479488.05112245 7.14097675552721 700000
2693818.61857143 7.14097675552721 700000
2922013.06561224 5.86074282419218 700000
3164965.02785714 5.86074282419218 700000
3423626.60306122 5.27422485586735 700000
3699008.35112245 5.27422485586735 700000
3992195.99755102 5.02031472172619 700000
4304350.43346939 5.02031472172619 700000
4636682.66040816 4.93912890072279 700000
4990503.90071428 4.93912890072279 700000
5367208.89408163 4.94476632164116 700000
5768267.54581633 4.94476632164116 700000
6195266.6855102 4.99926139051871 700000
6649868.30836735 4.99926139051871 700000
7133868.03734694 5.09727247704082 700000
7649170.06795918 5.09727247704082 700000
8197787.1682653 5.24262745960884 700000
8781874.08581633 5.24262745960884 700000
9403735.89938775 5.43489135204082 700000
10065811.3155102 5.43489135204082 700000
10770697.7236735 5.6636940837585 700000
11521159.5480612 5.6636940837585 700000
12320153.3027551 5.91167100637755 700000
13170802.5365306 5.91167100637755 700000
14076464.6467347 6.15907374723639 700000
15040689.1206122 6.15907374723639 700000
16067259.2939796 6.37627104761905 700000
17160217.4064286 6.37627104761905 700000
18323839.5461224 6.51172574468537 700000
19562710.8154082 6.51172574468537 700000
20881683.5721429 6.49509187308673 700000
22285944.2435714 6.49509187308673 700000
23781013.3263265 6.19912727487245 700000
25372762.089898 6.19912727487245 700000
27067429.280102 6.19912727487245 700000
28871679.5812245 6.19912727487245 700000
0 26626371.4178184 750000
55673.9008163265 26626371.4178184 750000
114934.926122449 26626371.4178184 750000
178007.811428571 26626371.4178184 750000
245143.223265306 41414652.1019316 750000
316609.115510204 41414652.1019316 750000
392673.442040816 30395324.5561641 750000
473638.731428572 30395324.5561641 750000
559816.155918367 10588097.3806431 750000
651542.81877551 10588097.3806431 750000
749181.754285714 95440.832257676 750000
853113.284081633 95440.832257676 750000
963735.017142857 3174.0522664898 750000
1081479.13714286 3174.0522664898 750000
1206812.40244898 275.972667451531 750000
1340210.21510204 275.972667451531 750000
1482208.48285714 53.1295274846939 750000
1633343.11346939 53.1295274846939 750000
1794219.16408163 19.0992049591837 750000
1965458.97918367 19.0992049591837 750000
2147719.47795918 10.4603575408163 750000
2341726.72897959 10.4603575408163 750000
2548224.08816327 7.38972855612245 750000
2768032.7044898 7.38972855612245 750000
3001991.01428571 6.04545725510204 750000
3251015.24693878 6.04545725510204 750000
3516082.13755102 5.39554304846939 750000
3798220.28326531 5.39554304846939 750000
4098536.07428571 5.08521716326531 750000
4418187.76285714 5.08521716326531 750000
4758428.68163265 4.97187699489796 750000
5120589.95632653 4.97187699489796 750000
5506071.86204082 4.98468043622449 750000
5916387.04163265 4.98468043622449 750000
6353125.93102041 5.07046889540816 750000
6817999.97755102 5.07046889540816 750000
7312807.06530612 5.19003971173469 750000
7839492.02081633 5.19003971173469 750000
8400094.75102041 5.33129174234694 750000
8996810.74897959 5.33129174234694 750000
9631956.51918367 5.50917133928572 750000
10308012.7959184 5.50917133928572 750000
11027615.8995918 5.73768845663265 750000
11793566.3804082 5.73768845663265 750000
12608846.3057143 6.0004741377551 750000
13476645.1910204 6.0004741377551 750000
14400325.4253061 6.25189698979592 750000
15383508.7077551 6.25189698979592 750000
16430015.5420408 6.43613328826531 750000
17543925.7420408 6.43613328826531 750000
18729587.0755102 6.48606851020408 750000
19991606.6204082 6.48606851020408 750000
21334919.9142857 6.33779349489796 750000
22764747.7359184 6.33779349489796 750000
24286673.8983674 5.88616155612245 750000
25906619.3179592 5.88616155612245 750000
27630911.1636735 5.88616155612245 750000
29466256.9261224 5.88616155612245 750000
0 18718109.4075256 800000
57712.3642857143 18718109.4075256 800000
119087.854285714 18718109.4075256 800000
184380.35 18718109.4075256 800000
253816.53 69045496.6482262 800000
327686.542857143 69045496.6482262 800000
406244.268571429 23248113.1778387 800000
489816.124285714 23248113.1778387 800000
578692.258571429 1049788.23358655 800000
673235.357142857 1049788.23358655 800000
773789.971428572 33904.729090375 800000
880745.988571428 33904.729090375 800000
994511.43 2249.12101212202 800000
1115521.51857143 2249.12101212202 800000
1244220.54428571 264.663496330357 800000
1381125.33428571 264.663496330357 800000
1526734.58142857 56.8669854434524 800000
1681610.44857143 56.8669854434524 800000
1846342.3 20.3784035714286 800000
2021564.83571429 20.3784035714286 800000
2207939.95714286 10.8249973988095 800000
2406174.90142857 10.8249973988095 800000
2617022.24142857 7.52257396130952 800000
2841298.02 7.52257396130952 800000
3079836.41428571 6.13448883928571 800000
3333562.27285714 6.13448883928571 800000
3603445.78 5.47045285416667 800000
3890493.38857143 5.47045285416667 800000
4195811.29 5.14896597023809 800000
4520569.14571429 5.14896597023809 800000
4865991.02 5.02910967559524 800000
5233400.71571429 5.02910967559524 800000
5624194.57285714 5.03369991666667 800000
6039850.53571429 5.03369991666667 800000
6481973.48857143 5.1089005327381 800000
6952231.78571429 5.1089005327381 800000
7452420.72142857 5.22305208333333 800000
7984444.39571429 5.22305208333333 800000
8550324.78142857 5.36353612797619 800000
9152219.85857143 5.36353612797619 800000
9792432.68142857 5.53352616666667 800000
10473384.1771429 5.53352616666667 800000
11197676.6157143 5.74054037202381 800000
11968075.4757143 5.74054037202381 800000
12787491.31 5.96997686607143 800000
13659070.4171429 5.96997686607143 800000
14586122.3042857 6.17149411607143 800000
15572174.09 6.17149411607143 800000
16620979.5714286 6.2823777172619 800000
17736546.4257143 6.2823777172619 800000
18923109.0085714 6.28530564880952 800000
20185182.7571429 6.28530564880952 800000
21527591.3914286 6.22907047321429 800000
22955439.7128571 6.22907047321429 800000
24474158.94 6.16263476190476 800000
26089542.9771429 6.16263476190476 800000
27807739.3471429 6.16263476190476 800000
29635285.46 6.16263476190476 800000
0 19623303.4651181 850000
59205.1178571428 19623303.4651181 850000
122178.595408163 19623303.4651181 850000
189162.352040816 19623303.4651181 850000
260407.611734694 44145701.9888397 850000
336184.207653061 44145701.9888397 850000
416780.582142857 37447143.5468315 850000
502503.786734694 37447143.5468315 850000
593688.786734694 28157309.0904968 850000
690670.54744898 28157309.0904968 850000
793821.25255102 404300.750326266 850000
903540.999489796 404300.750326266 850000
1020239.19030612 9469.06724571428 850000
1144371.75 9469.06724571428 850000
1276394.60357143 540.251061973852 850000
1416819.50357143 540.251061973852 850000
1566176.81173469 76.1604684853316 850000
1725043.4127551 76.1604684853316 850000
1894014.8005102 22.6591235778061 850000
2073742.29642857 22.6591235778061 850000
2264895.83112245 11.2506666039541 850000
2468229.07653061 11.2506666039541 850000
2684486.4 7.60032014987245 850000
2914514.51938776 7.60032014987245 850000
3159169.45714286 6.11086822704082 850000
3419400.28163265 6.11086822704082 850000
3696183.975 5.44206191964286 850000
3990590.56530612 5.44206191964286 850000
4303717.99438775 5.15121588647959 850000
4636775.85918367 5.15121588647959 850000
4991029.58418367 5.04927245216837 850000
5367819.03061224 5.04927245216837 850000
5768586.41020408 5.05863519770408 850000
6194857.67602041 5.05863519770408 850000
6648251.82704082 5.14859897002551 850000
7130490.2127551 5.14859897002551 850000
7643424.44693877 5.30059335459184 850000
8188989.88469388 5.30059335459184 850000
8769270.75459184 5.50360791772959 850000
9386481.5494898 5.50360791772959 850000
10042957.7219388 5.74108823979592 850000
10741211.5117347 5.74108823979592 850000
11483894.727551 5.97405195790816 850000
12273835.9653061 5.97405195790816 850000
13114049.9127551 6.15372750318877 850000
14007718.7403061 6.15372750318877 850000
14958247.9285714 6.26650691007653 850000
15969275.5729592 6.26650691007653 850000
17044625.8607143 6.35400884247449 850000
18188402.1168367 6.35400884247449 850000
19404958.8903061 6.46831963010204 850000
20698929.8678571 6.46831963010204 850000
22075237.1785714 6.60802419961735 850000
23539119.3076531 6.60802419961735 850000
25096149.7056122 6.75687828443877 850000
26752255.397449 6.75687828443877 850000
28513744.8964286 6.75687828443877 850000
30387317.5086735 6.75687828443877 850000
0 29324609.6710588 900000
60896.6568367347 29324609.6710588 900000
125625.295408163 29324609.6710588 900000
194446.529081633 29324609.6710588 900000
267601.666530612 36900438.3198062 900000
345380.278163265 36900438.3198062 900000
428062.282040816 33094185.4951592 900000
515956.553265306 33094185.4951592 900000
609400.923979592 26056293.4582844 900000
708742.878673469 26056293.4582844 900000
814349.206530612 260785.245160589 900000
926615.65377551 260785.245160589 900000
1045966.92367347 6591.88650484566 900000
1172847.02418367 6591.88650484566 900000
1307728.92030612 434.934672625 900000
1451114.53408163 434.934672625 900000
1603554.04928571 71.0125979553571 900000
1765616.95438776 71.0125979553571 900000
1937892.04255102 23.2503923246173 900000
2121035.67336735 23.2503923246173 900000
2315742.81581633 11.917893528699 900000
2522727.74357143 11.917893528699 900000
2742762.64438776 7.94693810714286 900000
2976687.27244898 7.94693810714286 900000
3225370.33897959 6.22461755931122 900000
3489738.46928571 6.22461755931122 900000
3770785.85510204 5.44784493941327 900000
4069564.6022449 5.44784493941327 900000
4387194.38295918 5.14001550829082 900000
4724862.43591837 5.14001550829082 900000
5083823.56622449 5.07315289668367 900000
5465438.75479592 5.07315289668367 900000
5871126.89663265 5.1296995625 900000
6302403.41020408 5.1296995625 900000
6760889.88979592 5.24886582908163 900000
7248304.45316326 5.24886582908163 900000
7766471.39387755 5.41052253125 900000
8317321.18132653 5.41052253125 900000
8902919.4177551 5.61629850255102 900000
9525466.83826531 5.61629850255102 900000
10187280.0061224 5.85048857015306 900000
10890858.8791837 5.85048857015306 900000
11638809.5911225 6.06032657079082 900000
12433950.6272449 6.06032657079082 900000
13279254.9104082 6.18614893494898 900000
14177888.4104082 6.18614893494898 900000
15133210.1439796 6.19921982142857 900000
16148801.1318367 6.19921982142857 900000
17228464.3986735 6.11132313711735 900000
18376234.6255102 6.11132313711735 900000
19596416.7590816 5.98640568048469 900000
20893576.3594898 5.98640568048469 900000
22272558.904898 5.93014054145408 900000
23738547.7056122 5.93014054145408 900000
25297015.6423469 6.08260740497449 900000
26953802.385 6.08260740497449 900000
28715114.3926531 6.08260740497449 900000
30587534.5659184 6.08260740497449 900000
0 18293914.92915 950000
63034.9375510204 18293914.92915 950000
129996.276734694 18293914.92915 950000
201126.887755102 18293914.92915 950000
276699.999591837 78462164.3826439 950000
356968.602040816 78462164.3826439 950000
442236.282857143 103421316.742001 950000
532826.868979592 103421316.742001 950000
629043.948163265 869831.531031853 950000
731272.064897959 869831.531031853 950000
839855.285306122 31545.8016087347 950000
955208.512653061 31545.8016087347 950000
1077746.65020408 2209.41636772704 950000
1207914.96 2209.41636772704 950000
1346189.06285714 282.494288135204 950000
1493085.05795918 282.494288135204 950000
1649119.0444898 64.5100367210884 950000
1814888.07836735 64.5100367210884 950000
1990968.97632653 23.9398551607143 950000
2178029.63142857 23.9398551607143 950000
2376727.81714286 12.4908441113946 950000
2587812.38326531 12.4908441113946 950000
2812052.41877551 8.21537980782313 950000
3050247.37142857 8.21537980782313 950000
3303287.76530612 6.3848299744898 950000
3572094.48326531 6.3848299744898 950000
3857628.88653061 5.58704773554422 950000
4160963.65183673 5.58704773554422 950000
4483191.69510204 5.27504806972789 950000
4825486.88897959 5.27504806972789 950000
5189104.06285714 5.19632607823129 950000
5575379.00285714 5.19632607823129 950000
5985708.21265306 5.22786547278911 950000
6421599.51142857 5.22786547278911 950000
6884641.67510204 5.31424040561224 950000
7376524.6755102 5.31424040561224 950000
7899059.91959184 5.42987782482993 950000
8454129.65142857 5.42987782482993 950000
9043778.02857143 5.56221257057823 950000
9670160.52408163 5.56221257057823 950000
10335564.1657143 5.7057842797619 950000
11042407.5359184 5.7057842797619 950000
11793281.2502041 5.84851268962585 950000
12590937.837551 5.84851268962585 950000
13438271.5012245 5.96256892261905 950000
14338388.9559184 5.96256892261905 950000
15294579.0689796 6.01464265561224 950000
16310322.98 6.01464265561224 950000
17389344.6987755 5.9896809957483 950000
18535570.6269388 5.9896809957483 950000
19753210.5146939 5.91578689285714 950000
21046686.6236735 5.91578689285714 950000
22420745.042449 5.85734625 950000
23880384.8493878 5.85734625 950000
25430949.1889796 5.87714270153061 950000
27078105.0326531 5.87714270153061 950000
28827853.2983673 5.87714270153061 950000
30686599.6877551 5.87714270153061 950000
0 1458.34805802572 hpsmc
8434.03928571429 1458.34805802572 hpsmc
17495.9647959184 1458.34805802572 hpsmc
27234.4235714286 1458.34805802572 hpsmc
37698.0626530612 405.272512794855 hpsmc
48942.3170408163 405.272512794855 hpsmc
61024.8843877551 171.572383261692 hpsmc
74006.8563265306 171.572383261692 hpsmc
87958.3751020408 23.408866477466 hpsmc
102948.451632653 23.408866477466 hpsmc
119057.410102041 7.2537121747449 hpsmc
136365.574693878 7.2537121747449 hpsmc
154965.714183673 4.23799396534864 hpsmc
174951.728673469 4.23799396534864 hpsmc
196427.700204082 3.25980426530612 hpsmc
219504.49877551 3.25980426530612 hpsmc
244300.913673469 2.73140171067177 hpsmc
270947.04744898 2.73140171067177 hpsmc
299578.659285714 2.31294288244048 hpsmc
330346.215612245 2.31294288244048 hpsmc
363405.839489796 1.94861095790816 hpsmc
398930.623877551 1.94861095790816 hpsmc
437102.712346939 1.64627337032313 hpsmc
478121.218367347 1.64627337032313 hpsmc
522197.7 1.41039414562075 hpsmc
569560.685204082 1.41039414562075 hpsmc
620453.409183673 1.2384395837585 hpsmc
675139.471020408 1.2384395837585 hpsmc
733902.833673469 1.12497460352891 hpsmc
797047.823979592 1.12497460352891 hpsmc
864899.132653061 1.06299912202381 hpsmc
937808.602244898 1.06299912202381 hpsmc
1016152.9644898 1.04598915625 hpsmc
1100338.36561224 1.04598915625 hpsmc
1190799.235 1.0699968480017 hpsmc
1288003.94183673 1.0699968480017 hpsmc
1392454.79510204 1.13473229485544 hpsmc
1504691.43755102 1.13473229485544 hpsmc
1625296.50234694 1.24390530505952 hpsmc
1754891.0877551 1.24390530505952 hpsmc
1894147.20173469 1.4067479744898 hpsmc
2043784.36795918 1.4067479744898 hpsmc
2204576.41377551 1.64139452465986 hpsmc
2377354.86418367 1.64139452465986 hpsmc
2563013.46714286 1.97622475297619 hpsmc
2762512.71887755 1.97622475297619 hpsmc
2976884.38918367 2.44642527147109 hpsmc
3207236.04673469 2.44642527147109 hpsmc
3454760.10969388 3.08373921704932 hpsmc
3720737.23969388 3.08373921704932 hpsmc
4006540.86714286 3.89398349362245 hpsmc
4313650.76714286 3.89398349362245 hpsmc
4643655.32214286 4.83655054953231 hpsmc
4998260.57255102 4.83655054953231 hpsmc
5379300.39867347 6.00742165625 hpsmc
5788746.70265306 6.00742165625 hpsmc
6228715.06510204 6.00742165625 hpsmc
6701481.715 6.00742165625 hpsmc
